
O:aug-cc-pV5Z-ccECP
ccECP aug-cc-pV5Z for O | source recipes/O/ccECP/O.aug-cc-pV5Z.gamess | ccECP from Chandler Bennett et al. Journal of Chemical Physics 147, 224106 (2017) https://doi.org/10.1063/1.4995643

  6
    0    1    2    3    4    5
    6    6    5    4    3    2
   14   14    5    4    3    2

   54.775216   25.616801   11.980245    6.992317    2.620277
    1.937532    1.225429    0.935157    0.577797    0.384526
    0.268022    0.160664    0.125346    0.064266

   -0.00124440    0.00000000    0.00000000    0.00000000    0.00000000
    0.00000000
    0.01073300    0.00000000    0.00000000    0.00000000    0.00000000
    0.00000000
    0.00188890    0.00000000    0.00000000    0.00000000    0.00000000
    0.00000000
   -0.17425370    0.00000000    0.00000000    0.00000000    0.00000000
    0.00000000
    0.00176220    0.00000000    0.00000000    0.00000000    0.00000000
    0.00000000
    0.00000000    1.00000000    0.00000000    0.00000000    0.00000000
    0.00000000
    0.31618460    0.00000000    0.00000000    0.00000000    0.00000000
    0.00000000
    0.00000000    0.00000000    1.00000000    0.00000000    0.00000000
    0.00000000
    0.45120230    0.00000000    0.00000000    0.00000000    0.00000000
    0.00000000
    0.00000000    0.00000000    0.00000000    1.00000000    0.00000000
    0.00000000
    0.31215340    0.00000000    0.00000000    0.00000000    0.00000000
    0.00000000
    0.00000000    0.00000000    0.00000000    0.00000000    1.00000000
    0.00000000
    0.05111670    0.00000000    0.00000000    0.00000000    0.00000000
    0.00000000
    0.00000000    0.00000000    0.00000000    0.00000000    0.00000000
    1.00000000

   22.217266   10.747550    5.315785    2.660761    1.589967
    1.331816    1.178227    0.678626    0.372674    0.333673
    0.167017    0.130580    0.083598    0.052232

    0.01048660    0.00000000    0.00000000    0.00000000    0.00000000
    0.00000000
    0.03664350    0.00000000    0.00000000    0.00000000    0.00000000
    0.00000000
    0.08036740    0.00000000    0.00000000    0.00000000    0.00000000
    0.00000000
    0.16270100    0.00000000    0.00000000    0.00000000    0.00000000
    0.00000000
    0.00000000    1.00000000    0.00000000    0.00000000    0.00000000
    0.00000000
    0.23777910    0.00000000    0.00000000    0.00000000    0.00000000
    0.00000000
    0.00000000    0.00000000    1.00000000    0.00000000    0.00000000
    0.00000000
    0.28114220    0.00000000    0.00000000    0.00000000    0.00000000
    0.00000000
    0.00000000    0.00000000    0.00000000    1.00000000    0.00000000
    0.00000000
    0.26431890    0.00000000    0.00000000    0.00000000    0.00000000
    0.00000000
    0.14660140    0.00000000    0.00000000    0.00000000    0.00000000
    0.00000000
    0.00000000    0.00000000    0.00000000    0.00000000    1.00000000
    0.00000000
    0.04581450    0.00000000    0.00000000    0.00000000    0.00000000
    0.00000000
    0.00000000    0.00000000    0.00000000    0.00000000    0.00000000
    1.00000000

    4.292433    2.823972    1.174596    0.401152    0.160461

    1.00000000    0.00000000    0.00000000    0.00000000    0.00000000
    0.00000000    1.00000000    0.00000000    0.00000000    0.00000000
    0.00000000    0.00000000    1.00000000    0.00000000    0.00000000
    0.00000000    0.00000000    0.00000000    1.00000000    0.00000000
    0.00000000    0.00000000    0.00000000    0.00000000    1.00000000

    3.223721    2.006788    0.708666    0.283466

    1.00000000    0.00000000    0.00000000    0.00000000
    0.00000000    1.00000000    0.00000000    0.00000000
    0.00000000    0.00000000    1.00000000    0.00000000
    0.00000000    0.00000000    0.00000000    1.00000000

    3.584495    1.207657    0.483063

    1.00000000    0.00000000    0.00000000
    0.00000000    1.00000000    0.00000000
    0.00000000    0.00000000    1.00000000

    2.615818    1.046327

    1.00000000    0.00000000
    0.00000000    1.00000000

O:aug-cc-pV6Z-ccECP
ccECP aug-cc-pV6Z for O | source recipes/O/ccECP/O.aug-cc-pV6Z.gamess | ccECP from Chandler Bennett et al. Journal of Chemical Physics 147, 224106 (2017) https://doi.org/10.1063/1.4995643

  7
    0    1    2    3    4    5    6
    7    7    6    5    4    3    2
   15   15    6    5    4    3    2

   54.775216   25.616801   11.980245    6.992317    3.469851
    2.620277    1.558348    1.225429    0.806429    0.577797
    0.333864    0.268022    0.145441    0.125346    0.058176

   -0.00124440    0.00000000    0.00000000    0.00000000    0.00000000
    0.00000000    0.00000000
    0.01073300    0.00000000    0.00000000    0.00000000    0.00000000
    0.00000000    0.00000000
    0.00188890    0.00000000    0.00000000    0.00000000    0.00000000
    0.00000000    0.00000000
   -0.17425370    0.00000000    0.00000000    0.00000000    0.00000000
    0.00000000    0.00000000
    0.00000000    1.00000000    0.00000000    0.00000000    0.00000000
    0.00000000    0.00000000
    0.00176220    0.00000000    0.00000000    0.00000000    0.00000000
    0.00000000    0.00000000
    0.00000000    0.00000000    1.00000000    0.00000000    0.00000000
    0.00000000    0.00000000
    0.31618460    0.00000000    0.00000000    0.00000000    0.00000000
    0.00000000    0.00000000
    0.00000000    0.00000000    0.00000000    1.00000000    0.00000000
    0.00000000    0.00000000
    0.45120230    0.00000000    0.00000000    0.00000000    0.00000000
    0.00000000    0.00000000
    0.00000000    0.00000000    0.00000000    0.00000000    1.00000000
    0.00000000    0.00000000
    0.31215340    0.00000000    0.00000000    0.00000000    0.00000000
    0.00000000    0.00000000
    0.00000000    0.00000000    0.00000000    0.00000000    0.00000000
    1.00000000    0.00000000
    0.05111670    0.00000000    0.00000000    0.00000000    0.00000000
    0.00000000    0.00000000
    0.00000000    0.00000000    0.00000000    0.00000000    0.00000000
    0.00000000    1.00000000

   22.217266   10.747550    5.315785    2.934324    2.660761
    1.898287    1.331816    0.738398    0.678626    0.333673
    0.305038    0.167017    0.114767    0.083598    0.045907

    0.01048660    0.00000000    0.00000000    0.00000000    0.00000000
    0.00000000    0.00000000
    0.03664350    0.00000000    0.00000000    0.00000000    0.00000000
    0.00000000    0.00000000
    0.08036740    0.00000000    0.00000000    0.00000000    0.00000000
    0.00000000    0.00000000
    0.00000000    1.00000000    0.00000000    0.00000000    0.00000000
    0.00000000    0.00000000
    0.16270100    0.00000000    0.00000000    0.00000000    0.00000000
    0.00000000    0.00000000
    0.00000000    0.00000000    1.00000000    0.00000000    0.00000000
    0.00000000    0.00000000
    0.23777910    0.00000000    0.00000000    0.00000000    0.00000000
    0.00000000    0.00000000
    0.00000000    0.00000000    0.00000000    1.00000000    0.00000000
    0.00000000    0.00000000
    0.28114220    0.00000000    0.00000000    0.00000000    0.00000000
    0.00000000    0.00000000
    0.26431890    0.00000000    0.00000000    0.00000000    0.00000000
    0.00000000    0.00000000
    0.00000000    0.00000000    0.00000000    0.00000000    1.00000000
    0.00000000    0.00000000
    0.14660140    0.00000000    0.00000000    0.00000000    0.00000000
    0.00000000    0.00000000
    0.00000000    0.00000000    0.00000000    0.00000000    0.00000000
    1.00000000    0.00000000
    0.04581450    0.00000000    0.00000000    0.00000000    0.00000000
    0.00000000    0.00000000
    0.00000000    0.00000000    0.00000000    0.00000000    0.00000000
    0.00000000    1.00000000

    8.822160    3.616739    1.841428    0.812582    0.310544
    0.124218

    1.00000000    0.00000000    0.00000000    0.00000000    0.00000000
    0.00000000
    0.00000000    1.00000000    0.00000000    0.00000000    0.00000000
    0.00000000
    0.00000000    0.00000000    1.00000000    0.00000000    0.00000000
    0.00000000
    0.00000000    0.00000000    0.00000000    1.00000000    0.00000000
    0.00000000
    0.00000000    0.00000000    0.00000000    0.00000000    1.00000000
    0.00000000
    0.00000000    0.00000000    0.00000000    0.00000000    0.00000000
    1.00000000

    5.203369    2.456740    1.159656    0.460301    0.184120

    1.00000000    0.00000000    0.00000000    0.00000000    0.00000000
    0.00000000    1.00000000    0.00000000    0.00000000    0.00000000
    0.00000000    0.00000000    1.00000000    0.00000000    0.00000000
    0.00000000    0.00000000    0.00000000    1.00000000    0.00000000
    0.00000000    0.00000000    0.00000000    0.00000000    1.00000000

    4.891044    2.276202    0.929650    0.371860

    1.00000000    0.00000000    0.00000000    0.00000000
    0.00000000    1.00000000    0.00000000    0.00000000
    0.00000000    0.00000000    1.00000000    0.00000000
    0.00000000    0.00000000    0.00000000    1.00000000

    3.725190    1.515261    0.606104

    1.00000000    0.00000000    0.00000000
    0.00000000    1.00000000    0.00000000
    0.00000000    0.00000000    1.00000000

    2.775940    1.110376

    1.00000000    0.00000000
    0.00000000    1.00000000

O:aug-cc-pVDZ-ccECP
ccECP aug-cc-pVDZ for O | source recipes/O/ccECP/O.aug-cc-pVDZ.gamess | ccECP from Chandler Bennett et al. Journal of Chemical Physics 147, 224106 (2017) https://doi.org/10.1063/1.4995643

  3
    0    1    2
    3    3    2
   11   11    2

   54.775216   25.616801   11.980245    6.992317    2.620277
    1.225429    0.577797    0.268022    0.258551    0.125346
    0.103420

   -0.00124440    0.00000000    0.00000000
    0.01073300    0.00000000    0.00000000
    0.00188890    0.00000000    0.00000000
   -0.17425370    0.00000000    0.00000000
    0.00176220    0.00000000    0.00000000
    0.31618460    0.00000000    0.00000000
    0.45120230    0.00000000    0.00000000
    0.31215340    0.00000000    0.00000000
    0.00000000    1.00000000    0.00000000
    0.05111670    0.00000000    0.00000000
    0.00000000    0.00000000    1.00000000

   22.217266   10.747550    5.315785    2.660761    1.331816
    0.678626    0.333673    0.267865    0.167017    0.107146
    0.083598

    0.01048660    0.00000000    0.00000000
    0.03664350    0.00000000    0.00000000
    0.08036740    0.00000000    0.00000000
    0.16270100    0.00000000    0.00000000
    0.23777910    0.00000000    0.00000000
    0.28114220    0.00000000    0.00000000
    0.26431890    0.00000000    0.00000000
    0.00000000    1.00000000    0.00000000
    0.14660140    0.00000000    0.00000000
    0.00000000    0.00000000    1.00000000
    0.04581450    0.00000000    0.00000000

    1.232753    0.493101

    1.00000000    0.00000000
    0.00000000    1.00000000

O:aug-cc-pVQZ-ccECP
ccECP aug-cc-pVQZ for O | source recipes/O/ccECP/O.aug-cc-pVQZ.gamess | ccECP from Chandler Bennett et al. Journal of Chemical Physics 147, 224106 (2017) https://doi.org/10.1063/1.4995643

  5
    0    1    2    3    4
    5    5    4    3    2
   13   13    4    3    2

   54.775216   25.616801   11.980245    6.992317    2.620277
    1.351771    1.225429    0.843157    0.577797    0.268022
    0.224380    0.125346    0.089752

   -0.00124440    0.00000000    0.00000000    0.00000000    0.00000000
    0.01073300    0.00000000    0.00000000    0.00000000    0.00000000
    0.00188890    0.00000000    0.00000000    0.00000000    0.00000000
   -0.17425370    0.00000000    0.00000000    0.00000000    0.00000000
    0.00176220    0.00000000    0.00000000    0.00000000    0.00000000
    0.00000000    1.00000000    0.00000000    0.00000000    0.00000000
    0.31618460    0.00000000    0.00000000    0.00000000    0.00000000
    0.00000000    0.00000000    1.00000000    0.00000000    0.00000000
    0.45120230    0.00000000    0.00000000    0.00000000    0.00000000
    0.31215340    0.00000000    0.00000000    0.00000000    0.00000000
    0.00000000    0.00000000    0.00000000    1.00000000    0.00000000
    0.05111670    0.00000000    0.00000000    0.00000000    0.00000000
    0.00000000    0.00000000    0.00000000    0.00000000    1.00000000

   22.217266   10.747550    5.315785    2.660761    1.331816
    1.106737    0.678626    0.452364    0.333673    0.167017
    0.148562    0.083598    0.059425

    0.01048660    0.00000000    0.00000000    0.00000000    0.00000000
    0.03664350    0.00000000    0.00000000    0.00000000    0.00000000
    0.08036740    0.00000000    0.00000000    0.00000000    0.00000000
    0.16270100    0.00000000    0.00000000    0.00000000    0.00000000
    0.23777910    0.00000000    0.00000000    0.00000000    0.00000000
    0.00000000    1.00000000    0.00000000    0.00000000    0.00000000
    0.28114220    0.00000000    0.00000000    0.00000000    0.00000000
    0.00000000    0.00000000    1.00000000    0.00000000    0.00000000
    0.26431890    0.00000000    0.00000000    0.00000000    0.00000000
    0.14660140    0.00000000    0.00000000    0.00000000    0.00000000
    0.00000000    0.00000000    0.00000000    1.00000000    0.00000000
    0.04581450    0.00000000    0.00000000    0.00000000    0.00000000
    0.00000000    0.00000000    0.00000000    0.00000000    1.00000000

    4.008867    1.344331    0.455711    0.182284

    1.00000000    0.00000000    0.00000000    0.00000000
    0.00000000    1.00000000    0.00000000    0.00000000
    0.00000000    0.00000000    1.00000000    0.00000000
    0.00000000    0.00000000    0.00000000    1.00000000

    2.763115    0.876289    0.350516

    1.00000000    0.00000000    0.00000000
    0.00000000    1.00000000    0.00000000
    0.00000000    0.00000000    1.00000000

    1.759081    0.703632

    1.00000000    0.00000000
    0.00000000    1.00000000

O:aug-cc-pVTZ-ccECP
ccECP aug-cc-pVTZ for O | source recipes/O/ccECP/O.aug-cc-pVTZ.gamess | ccECP from Chandler Bennett et al. Journal of Chemical Physics 147, 224106 (2017) https://doi.org/10.1063/1.4995643

  4
    0    1    2    3
    4    4    3    2
   12   12    3    2

   54.775216   25.616801   11.980245    6.992317    2.620277
    1.686633    1.225429    0.577797    0.268022    0.237997
    0.125346    0.095199

   -0.00124440    0.00000000    0.00000000    0.00000000
    0.01073300    0.00000000    0.00000000    0.00000000
    0.00188890    0.00000000    0.00000000    0.00000000
   -0.17425370    0.00000000    0.00000000    0.00000000
    0.00176220    0.00000000    0.00000000    0.00000000
    0.00000000    1.00000000    0.00000000    0.00000000
    0.31618460    0.00000000    0.00000000    0.00000000
    0.45120230    0.00000000    0.00000000    0.00000000
    0.31215340    0.00000000    0.00000000    0.00000000
    0.00000000    0.00000000    1.00000000    0.00000000
    0.05111670    0.00000000    0.00000000    0.00000000
    0.00000000    0.00000000    0.00000000    1.00000000

   22.217266   10.747550    5.315785    2.660761    1.331816
    0.678626    0.600621    0.333673    0.184696    0.167017
    0.083598    0.073878

    0.01048660    0.00000000    0.00000000    0.00000000
    0.03664350    0.00000000    0.00000000    0.00000000
    0.08036740    0.00000000    0.00000000    0.00000000
    0.16270100    0.00000000    0.00000000    0.00000000
    0.23777910    0.00000000    0.00000000    0.00000000
    0.28114220    0.00000000    0.00000000    0.00000000
    0.00000000    1.00000000    0.00000000    0.00000000
    0.26431890    0.00000000    0.00000000    0.00000000
    0.00000000    0.00000000    1.00000000    0.00000000
    0.14660140    0.00000000    0.00000000    0.00000000
    0.04581450    0.00000000    0.00000000    0.00000000
    0.00000000    0.00000000    0.00000000    1.00000000

    2.404278    0.669340    0.267736

    1.00000000    0.00000000    0.00000000
    0.00000000    1.00000000    0.00000000
    0.00000000    0.00000000    1.00000000

    1.423104    0.569242

    1.00000000    0.00000000
    0.00000000    1.00000000

O:cc-pV5Z-ccECP
ccECP cc-pV5Z for O | source recipes/O/ccECP/O.cc-pV5Z.gamess | ccECP from Chandler Bennett et al. Journal of Chemical Physics 147, 224106 (2017) https://doi.org/10.1063/1.4995643

  6
    0    1    2    3    4    5
    5    5    4    3    2    1
   13   13    4    3    2    1

   54.775216   25.616801   11.980245    6.992317    2.620277
    1.937532    1.225429    0.935157    0.577797    0.384526
    0.268022    0.160664    0.125346

   -0.0012444   0.00000000   0.00000000   0.00000000   0.00000000
    0.0107330   0.00000000   0.00000000   0.00000000   0.00000000
    0.0018889   0.00000000   0.00000000   0.00000000   0.00000000
   -0.1742537   0.00000000   0.00000000   0.00000000   0.00000000
    0.0017622   0.00000000   0.00000000   0.00000000   0.00000000
   0.00000000    1.0000000   0.00000000   0.00000000   0.00000000
    0.3161846   0.00000000   0.00000000   0.00000000   0.00000000
   0.00000000   0.00000000    1.0000000   0.00000000   0.00000000
    0.4512023   0.00000000   0.00000000   0.00000000   0.00000000
   0.00000000   0.00000000   0.00000000    1.0000000   0.00000000
    0.3121534   0.00000000   0.00000000   0.00000000   0.00000000
   0.00000000   0.00000000   0.00000000   0.00000000    1.0000000
    0.0511167   0.00000000   0.00000000   0.00000000   0.00000000

   22.217266   10.747550    5.315785    2.660761    1.589967
    1.331816    1.178227    0.678626    0.372674    0.333673
    0.167017    0.130580    0.083598

    0.0104866   0.00000000   0.00000000   0.00000000   0.00000000
    0.0366435   0.00000000   0.00000000   0.00000000   0.00000000
    0.0803674   0.00000000   0.00000000   0.00000000   0.00000000
    0.1627010   0.00000000   0.00000000   0.00000000   0.00000000
   0.00000000    1.0000000   0.00000000   0.00000000   0.00000000
    0.2377791   0.00000000   0.00000000   0.00000000   0.00000000
   0.00000000   0.00000000    1.0000000   0.00000000   0.00000000
    0.2811422   0.00000000   0.00000000   0.00000000   0.00000000
   0.00000000   0.00000000   0.00000000    1.0000000   0.00000000
    0.2643189   0.00000000   0.00000000   0.00000000   0.00000000
    0.1466014   0.00000000   0.00000000   0.00000000   0.00000000
   0.00000000   0.00000000   0.00000000   0.00000000    1.0000000
    0.0458145   0.00000000   0.00000000   0.00000000   0.00000000

    4.292433    2.823972    1.174596    0.401152

    1.0000000   0.00000000   0.00000000   0.00000000
   0.00000000    1.0000000   0.00000000   0.00000000
   0.00000000   0.00000000    1.0000000   0.00000000
   0.00000000   0.00000000   0.00000000    1.0000000

    3.223721    2.006788    0.708666

    1.0000000   0.00000000   0.00000000
   0.00000000    1.0000000   0.00000000
   0.00000000   0.00000000    1.0000000

    3.584495    1.207657

    1.0000000   0.00000000
   0.00000000    1.0000000

    2.615818

    1.0000000

O:cc-pV6Z-ccECP
ccECP cc-pV6Z for O | source recipes/O/ccECP/O.cc-pV6Z.gamess | ccECP from Chandler Bennett et al. Journal of Chemical Physics 147, 224106 (2017) https://doi.org/10.1063/1.4995643

  7
    0    1    2    3    4    5    6
    6    6    5    4    3    2    1
   14   14    5    4    3    2    1

   54.775216   25.616801   11.980245    6.992317    3.469851
    2.620277    1.558348    1.225429    0.806429    0.577797
    0.333864    0.268022    0.145441    0.125346

   -0.00124440    0.00000000    0.00000000    0.00000000    0.00000000
    0.00000000
    0.01073300    0.00000000    0.00000000    0.00000000    0.00000000
    0.00000000
    0.00188890    0.00000000    0.00000000    0.00000000    0.00000000
    0.00000000
   -0.17425370    0.00000000    0.00000000    0.00000000    0.00000000
    0.00000000
    0.00000000    1.00000000    0.00000000    0.00000000    0.00000000
    0.00000000
    0.00176220    0.00000000    0.00000000    0.00000000    0.00000000
    0.00000000
    0.00000000    0.00000000    1.00000000    0.00000000    0.00000000
    0.00000000
    0.31618460    0.00000000    0.00000000    0.00000000    0.00000000
    0.00000000
    0.00000000    0.00000000    0.00000000    1.00000000    0.00000000
    0.00000000
    0.45120230    0.00000000    0.00000000    0.00000000    0.00000000
    0.00000000
    0.00000000    0.00000000    0.00000000    0.00000000    1.00000000
    0.00000000
    0.31215340    0.00000000    0.00000000    0.00000000    0.00000000
    0.00000000
    0.00000000    0.00000000    0.00000000    0.00000000    0.00000000
    1.00000000
    0.05111670    0.00000000    0.00000000    0.00000000    0.00000000
    0.00000000

   22.217266   10.747550    5.315785    2.934324    2.660761
    1.898287    1.331816    0.738398    0.678626    0.333673
    0.305038    0.167017    0.114767    0.083598

    0.01048660    0.00000000    0.00000000    0.00000000    0.00000000
    0.00000000
    0.03664350    0.00000000    0.00000000    0.00000000    0.00000000
    0.00000000
    0.08036740    0.00000000    0.00000000    0.00000000    0.00000000
    0.00000000
    0.00000000    1.00000000    0.00000000    0.00000000    0.00000000
    0.00000000
    0.16270100    0.00000000    0.00000000    0.00000000    0.00000000
    0.00000000
    0.00000000    0.00000000    1.00000000    0.00000000    0.00000000
    0.00000000
    0.23777910    0.00000000    0.00000000    0.00000000    0.00000000
    0.00000000
    0.00000000    0.00000000    0.00000000    1.00000000    0.00000000
    0.00000000
    0.28114220    0.00000000    0.00000000    0.00000000    0.00000000
    0.00000000
    0.26431890    0.00000000    0.00000000    0.00000000    0.00000000
    0.00000000
    0.00000000    0.00000000    0.00000000    0.00000000    1.00000000
    0.00000000
    0.14660140    0.00000000    0.00000000    0.00000000    0.00000000
    0.00000000
    0.00000000    0.00000000    0.00000000    0.00000000    0.00000000
    1.00000000
    0.04581450    0.00000000    0.00000000    0.00000000    0.00000000
    0.00000000

    8.822160    3.616739    1.841428    0.812582    0.310544

    1.00000000    0.00000000    0.00000000    0.00000000    0.00000000
    0.00000000    1.00000000    0.00000000    0.00000000    0.00000000
    0.00000000    0.00000000    1.00000000    0.00000000    0.00000000
    0.00000000    0.00000000    0.00000000    1.00000000    0.00000000
    0.00000000    0.00000000    0.00000000    0.00000000    1.00000000

    5.203369    2.456740    1.159656    0.460301

    1.00000000    0.00000000    0.00000000    0.00000000
    0.00000000    1.00000000    0.00000000    0.00000000
    0.00000000    0.00000000    1.00000000    0.00000000
    0.00000000    0.00000000    0.00000000    1.00000000

    4.891044    2.276202    0.929650

    1.00000000    0.00000000    0.00000000
    0.00000000    1.00000000    0.00000000
    0.00000000    0.00000000    1.00000000

    3.725190    1.515261

    1.00000000    0.00000000
    0.00000000    1.00000000

    2.775940

    1.00000000

O:cc-pVDZ-ccECP
ccECP cc-pVDZ for O | source recipes/O/ccECP/O.cc-pVDZ.gamess | ccECP from Chandler Bennett et al. Journal of Chemical Physics 147, 224106 (2017) https://doi.org/10.1063/1.4995643

  3
    0    1    2
    2    2    1
   10   10    1

   54.775216   25.616801   11.980245    6.992317    2.620277
    1.225429    0.577797    0.268022    0.258551    0.125346

   -0.0012444   0.00000000
    0.0107330   0.00000000
    0.0018889   0.00000000
   -0.1742537   0.00000000
    0.0017622   0.00000000
    0.3161846   0.00000000
    0.4512023   0.00000000
    0.3121534   0.00000000
   0.00000000    1.0000000
    0.0511167   0.00000000

   22.217266    10.74755    5.315785    2.660761    1.331816
    0.678626    0.333673    0.267865    0.167017    0.083598

    0.0104866   0.00000000
    0.0366435   0.00000000
    0.0803674   0.00000000
    0.1627010   0.00000000
    0.2377791   0.00000000
    0.2811422   0.00000000
    0.2643189   0.00000000
   0.00000000    1.0000000
    0.1466014   0.00000000
    0.0458145   0.00000000

    1.232753

    1.0000000

O:cc-pVQZ-ccECP
ccECP cc-pVQZ for O | source recipes/O/ccECP/O.cc-pVQZ.gamess | ccECP from Chandler Bennett et al. Journal of Chemical Physics 147, 224106 (2017) https://doi.org/10.1063/1.4995643

  5
    0    1    2    3    4
    4    4    3    2    1
   12   12    3    2    1

   54.775216   25.616801   11.980245    6.992317    2.620277
    1.351771    1.225429    0.843157    0.577797    0.268022
    0.224380    0.125346

   -0.0012444   0.00000000   0.00000000   0.00000000
    0.0107330   0.00000000   0.00000000   0.00000000
    0.0018889   0.00000000   0.00000000   0.00000000
   -0.1742537   0.00000000   0.00000000   0.00000000
    0.0017622   0.00000000   0.00000000   0.00000000
   0.00000000    1.0000000   0.00000000   0.00000000
    0.3161846   0.00000000   0.00000000   0.00000000
   0.00000000   0.00000000    1.0000000   0.00000000
    0.4512023   0.00000000   0.00000000   0.00000000
    0.3121534   0.00000000   0.00000000   0.00000000
   0.00000000   0.00000000   0.00000000    1.0000000
    0.0511167   0.00000000   0.00000000   0.00000000

   22.217266   10.747550    5.315785    2.660761    1.331816
    1.106737    0.678626    0.452364    0.333673    0.167017
    0.148562    0.083598

    0.0104866   0.00000000   0.00000000   0.00000000
    0.0366435   0.00000000   0.00000000   0.00000000
    0.0803674   0.00000000   0.00000000   0.00000000
    0.1627010   0.00000000   0.00000000   0.00000000
    0.2377791   0.00000000   0.00000000   0.00000000
   0.00000000    1.0000000   0.00000000   0.00000000
    0.2811422   0.00000000   0.00000000   0.00000000
   0.00000000   0.00000000    1.0000000   0.00000000
    0.2643189   0.00000000   0.00000000   0.00000000
    0.1466014   0.00000000   0.00000000   0.00000000
   0.00000000   0.00000000   0.00000000    1.0000000
    0.0458145   0.00000000   0.00000000   0.00000000

    4.008867    1.344331    0.455711

    1.0000000   0.00000000   0.00000000
   0.00000000    1.0000000   0.00000000
   0.00000000   0.00000000    1.0000000

    2.763115    0.876289

    1.0000000   0.00000000
   0.00000000    1.0000000

    1.759081

    1.0000000

O:cc-pVTZ-ccECP
ccECP cc-pVTZ for O | source recipes/O/ccECP/O.cc-pVTZ.gamess | ccECP from Chandler Bennett et al. Journal of Chemical Physics 147, 224106 (2017) https://doi.org/10.1063/1.4995643

  4
    0    1    2    3
    3    3    2    1
   11   11    2    1

   54.775216   25.616801   11.980245    6.992317    2.620277
    1.686633    1.225429    0.577797    0.268022    0.237997
    0.125346

   -0.0012444   0.00000000   0.00000000
    0.0107330   0.00000000   0.00000000
    0.0018889   0.00000000   0.00000000
   -0.1742537   0.00000000   0.00000000
    0.0017622   0.00000000   0.00000000
   0.00000000    1.0000000   0.00000000
    0.3161846   0.00000000   0.00000000
    0.4512023   0.00000000   0.00000000
    0.3121534   0.00000000   0.00000000
   0.00000000   0.00000000    1.0000000
    0.0511167   0.00000000   0.00000000

   22.217266    10.74755    5.315785    2.660761    1.331816
    0.678626    0.600621    0.333673    0.184696    0.167017
    0.083598

    0.0104866   0.00000000   0.00000000
    0.0366435   0.00000000   0.00000000
    0.0803674   0.00000000   0.00000000
    0.1627010   0.00000000   0.00000000
    0.2377791   0.00000000   0.00000000
    0.2811422   0.00000000   0.00000000
   0.00000000    1.0000000   0.00000000
    0.2643189   0.00000000   0.00000000
   0.00000000   0.00000000    1.0000000
    0.1466014   0.00000000   0.00000000
    0.0458145   0.00000000   0.00000000

    2.404278    0.669340

    1.0000000   0.00000000
   0.00000000    1.0000000

    1.423104

    1.0000000

