
Nb:aug-cc-pCV5Z-ccECP
ccECP aug-cc-pCV5Z for Nb | source recipes/Nb/ccECP/Nb.aug-cc-pCV5Z.gamess | ccECP from Haihan Zhou et al. Journal of Chemical Physics (2024) https://doi.org/10.1063/5.0180057

  7
    0    1    2    3    4    5    6
   10   10    9    6    5    4    3
   16   16   16    6    5    4    3

   62.320861   32.789483   17.251850    9.076884    4.775710
    2.512691    1.322026    0.931000    0.695571    0.582000
    0.365967    0.192550    0.101308    0.053302    0.028044
    0.011218

    -0.000038    -0.000023    -0.000130    -0.000578    -0.003293     0.014715
   0.00000000   0.00000000   0.00000000   0.00000000
     0.001913    -0.000357    -0.000239     0.001700     0.015644    -0.080126
   0.00000000   0.00000000   0.00000000   0.00000000
    -0.037836     0.010784     0.020534     0.026408    -0.003369     0.310183
   0.00000000   0.00000000   0.00000000   0.00000000
     0.271726    -0.084030    -0.171810    -0.270830    -0.307548    -1.225862
   0.00000000   0.00000000   0.00000000   0.00000000
    -0.495788     0.164219     0.346883     0.580806     0.736267     3.070368
   0.00000000   0.00000000   0.00000000   0.00000000
    -0.363368     0.114671     0.263153     0.606053     1.670263    -1.854115
   0.00000000   0.00000000   0.00000000   0.00000000
     0.440489    -0.158738    -0.420701    -1.585495    -6.728010    -6.771856
   0.00000000   0.00000000   0.00000000   0.00000000
   0.00000000   0.00000000   0.00000000   0.00000000   0.00000000   0.00000000
   0.00000000   0.00000000     1.000000   0.00000000
     0.677397    -0.326913    -1.034775    -1.992837     5.758757    16.967096
   0.00000000   0.00000000   0.00000000   0.00000000
   0.00000000   0.00000000   0.00000000   0.00000000   0.00000000   0.00000000
   0.00000000   0.00000000   0.00000000     1.000000
     0.291997    -0.230541    -0.152744     4.224202     2.538549   -20.170257
   0.00000000   0.00000000   0.00000000   0.00000000
     0.024332    -0.006407     1.637016    -0.096036    -8.472981    14.250769
   0.00000000   0.00000000   0.00000000   0.00000000
     0.002724     0.407266     0.599349    -2.862580     5.850252    -4.450179
   0.00000000   0.00000000   0.00000000   0.00000000
    -0.003522     0.482035    -0.698456     0.487824    -0.145042    -1.601547
   0.00000000   0.00000000   0.00000000   0.00000000
    -0.001097     0.316817    -0.645505     0.956712    -1.203071     1.522080
     1.000000   0.00000000   0.00000000   0.00000000
   0.00000000   0.00000000   0.00000000   0.00000000   0.00000000   0.00000000
   0.00000000     1.000000   0.00000000   0.00000000

   77.506425   40.779682   21.456059   11.289016    5.939668
    3.125132    2.337000    1.644275    1.176400    0.865128
    0.455184    0.239493    0.126008    0.066299    0.034883
    0.013953

     0.000042    -0.000021     0.000029    -0.000525    -0.001531     0.010808
   0.00000000   0.00000000   0.00000000   0.00000000
    -0.000311     0.000172    -0.000254     0.002685     0.007494    -0.051798
   0.00000000   0.00000000   0.00000000   0.00000000
     0.000407    -0.000297     0.000482    -0.007528    -0.020902     0.155731
   0.00000000   0.00000000   0.00000000   0.00000000
     0.025128    -0.013863     0.022052    -0.015908    -0.002173    -0.455776
   0.00000000   0.00000000   0.00000000   0.00000000
    -0.113121     0.066198    -0.110507     0.120914     0.150659     1.216821
   0.00000000   0.00000000   0.00000000   0.00000000
    -0.108814     0.059884    -0.096912     0.317468     0.656062    -1.007914
   0.00000000   0.00000000   0.00000000   0.00000000
   0.00000000   0.00000000   0.00000000   0.00000000   0.00000000   0.00000000
   0.00000000   0.00000000     1.000000   0.00000000
     0.256904    -0.170563     0.382731    -1.121225    -3.434752    -3.245976
   0.00000000   0.00000000   0.00000000   0.00000000
   0.00000000   0.00000000   0.00000000   0.00000000   0.00000000   0.00000000
   0.00000000   0.00000000   0.00000000     1.000000
     0.475918    -0.365592     0.683772    -0.862106     3.669427     8.784715
   0.00000000   0.00000000   0.00000000   0.00000000
     0.339897    -0.221278    -0.350348     2.843291     0.334172   -11.083336
   0.00000000   0.00000000   0.00000000   0.00000000
     0.105273     0.338548    -1.094656    -0.968730    -4.121602     8.647136
   0.00000000   0.00000000   0.00000000   0.00000000
     0.013065     0.584005     0.031921    -1.485309     3.622491    -3.423372
   0.00000000   0.00000000   0.00000000   0.00000000
     0.001781     0.268848     0.736332     0.762648    -0.496334    -0.662695
   0.00000000   0.00000000   0.00000000   0.00000000
     0.000144     0.033035     0.309003     0.514795    -0.760658     1.123309
     1.000000   0.00000000   0.00000000   0.00000000
   0.00000000   0.00000000   0.00000000   0.00000000   0.00000000   0.00000000
   0.00000000     1.000000   0.00000000   0.00000000

   66.394533   34.944919   18.392288    9.680270    5.094941
    2.922000    2.681581    1.411376    1.148400    0.742838
    0.390972    0.205777    0.108305    0.057003    0.030002
    0.012001

    -0.000033     0.000049     0.000053     0.000090     0.002101   0.00000000
   0.00000000   0.00000000   0.00000000
     0.000237    -0.000335    -0.000425    -0.000692    -0.009841   0.00000000
   0.00000000   0.00000000   0.00000000
    -0.000572     0.000832     0.001071     0.001902     0.028233   0.00000000
   0.00000000   0.00000000   0.00000000
    -0.003952     0.005257     0.008901     0.012793    -0.044885   0.00000000
   0.00000000   0.00000000   0.00000000
    -0.014347     0.019401     0.030650     0.055970     0.250033   0.00000000
   0.00000000   0.00000000   0.00000000
   0.00000000   0.00000000   0.00000000   0.00000000   0.00000000   0.00000000
   0.00000000     1.000000   0.00000000
     0.030674    -0.048321    -0.091629    -0.215153    -0.906773   0.00000000
   0.00000000   0.00000000   0.00000000
     0.168636    -0.250800    -0.527800    -1.064910    -0.630393   0.00000000
   0.00000000   0.00000000   0.00000000
   0.00000000   0.00000000   0.00000000   0.00000000   0.00000000   0.00000000
   0.00000000   0.00000000     1.000000
     0.269389    -0.383182    -0.370488     0.948006     2.954310   0.00000000
   0.00000000   0.00000000   0.00000000
     0.293088    -0.184658     0.710253     1.031613    -2.867418   0.00000000
   0.00000000   0.00000000   0.00000000
     0.252478     0.260903     0.597645    -1.423270     0.465347   0.00000000
   0.00000000   0.00000000   0.00000000
     0.174721     0.444986    -0.359337    -0.153486     1.288832   0.00000000
   0.00000000   0.00000000   0.00000000
     0.078481     0.257711    -0.456387     0.583577    -0.662606   0.00000000
   0.00000000   0.00000000   0.00000000
     0.016789     0.060312    -0.127835     0.223165    -0.355110     1.000000
   0.00000000   0.00000000   0.00000000
   0.00000000   0.00000000   0.00000000   0.00000000   0.00000000   0.00000000
     1.000000   0.00000000   0.00000000

    4.520900    2.021800    0.904200    0.404400    0.146700
    0.053200

     1.000000   0.00000000   0.00000000   0.00000000   0.00000000   0.00000000
   0.00000000     1.000000   0.00000000   0.00000000   0.00000000   0.00000000
   0.00000000   0.00000000     1.000000   0.00000000   0.00000000   0.00000000
   0.00000000   0.00000000   0.00000000     1.000000   0.00000000   0.00000000
   0.00000000   0.00000000   0.00000000   0.00000000     1.000000   0.00000000
   0.00000000   0.00000000   0.00000000   0.00000000   0.00000000     1.000000

    2.354400    1.207600    0.619400    0.227500    0.083500

     1.000000   0.00000000   0.00000000   0.00000000   0.00000000
   0.00000000     1.000000   0.00000000   0.00000000   0.00000000
   0.00000000   0.00000000     1.000000   0.00000000   0.00000000
   0.00000000   0.00000000   0.00000000     1.000000   0.00000000
   0.00000000   0.00000000   0.00000000   0.00000000     1.000000

    2.253400    1.085000    0.402200    0.149100

     1.000000   0.00000000   0.00000000   0.00000000
   0.00000000     1.000000   0.00000000   0.00000000
   0.00000000   0.00000000     1.000000   0.00000000
   0.00000000   0.00000000   0.00000000     1.000000

    2.086500    0.795200    0.303100

     1.000000   0.00000000   0.00000000
   0.00000000     1.000000   0.00000000
   0.00000000   0.00000000     1.000000

Nb:aug-cc-pCVDZ-ccECP
ccECP aug-cc-pCVDZ for Nb | source recipes/Nb/ccECP/Nb.aug-cc-pCVDZ.gamess | ccECP from Haihan Zhou et al. Journal of Chemical Physics (2024) https://doi.org/10.1063/5.0180057

  4
    0    1    2    3
    6    6    5    3
   15   15   15    3

   62.320861   32.789483   17.251850    9.076884    4.775710
    2.512691    1.322026    0.695571    0.365967    0.311900
    0.192550    0.101308    0.053302    0.028044    0.011218

    -0.000038    -0.000023    -0.000130   0.00000000   0.00000000   0.00000000
     0.001913    -0.000357    -0.000239   0.00000000   0.00000000   0.00000000
    -0.037836     0.010784     0.020534   0.00000000   0.00000000   0.00000000
     0.271726    -0.084030    -0.171810   0.00000000   0.00000000   0.00000000
    -0.495788     0.164219     0.346883   0.00000000   0.00000000   0.00000000
    -0.363368     0.114671     0.263153   0.00000000   0.00000000   0.00000000
     0.440489    -0.158738    -0.420701   0.00000000   0.00000000   0.00000000
     0.677397    -0.326913    -1.034775   0.00000000   0.00000000   0.00000000
     0.291997    -0.230541    -0.152744   0.00000000   0.00000000   0.00000000
   0.00000000   0.00000000   0.00000000   0.00000000   0.00000000     1.000000
     0.024332    -0.006407     1.637016   0.00000000   0.00000000   0.00000000
     0.002724     0.407266     0.599349   0.00000000   0.00000000   0.00000000
    -0.003522     0.482035    -0.698456   0.00000000   0.00000000   0.00000000
    -0.001097     0.316817    -0.645505     1.000000   0.00000000   0.00000000
   0.00000000   0.00000000   0.00000000   0.00000000     1.000000   0.00000000

   77.506425   40.779682   21.456059   11.289016    5.939668
    3.125132    1.644275    0.865128    0.455184    0.341300
    0.239493    0.126008    0.066299    0.034883    0.013953

     0.000042    -0.000021     0.000029   0.00000000   0.00000000   0.00000000
    -0.000311     0.000172    -0.000254   0.00000000   0.00000000   0.00000000
     0.000407    -0.000297     0.000482   0.00000000   0.00000000   0.00000000
     0.025128    -0.013863     0.022052   0.00000000   0.00000000   0.00000000
    -0.113121     0.066198    -0.110507   0.00000000   0.00000000   0.00000000
    -0.108814     0.059884    -0.096912   0.00000000   0.00000000   0.00000000
     0.256904    -0.170563     0.382731   0.00000000   0.00000000   0.00000000
     0.475918    -0.365592     0.683772   0.00000000   0.00000000   0.00000000
     0.339897    -0.221278    -0.350348   0.00000000   0.00000000   0.00000000
   0.00000000   0.00000000   0.00000000   0.00000000   0.00000000     1.000000
     0.105273     0.338548    -1.094656   0.00000000   0.00000000   0.00000000
     0.013065     0.584005     0.031921   0.00000000   0.00000000   0.00000000
     0.001781     0.268848     0.736332   0.00000000   0.00000000   0.00000000
     0.000144     0.033035     0.309003     1.000000   0.00000000   0.00000000
   0.00000000   0.00000000   0.00000000   0.00000000     1.000000   0.00000000

   66.394533   34.944919   18.392288    9.680270    5.094941
    2.681581    1.411376    1.339700    0.742838    0.390972
    0.205777    0.108305    0.057003    0.030002    0.012001

    -0.000033     0.000049   0.00000000   0.00000000   0.00000000
     0.000237    -0.000335   0.00000000   0.00000000   0.00000000
    -0.000572     0.000832   0.00000000   0.00000000   0.00000000
    -0.003952     0.005257   0.00000000   0.00000000   0.00000000
    -0.014347     0.019401   0.00000000   0.00000000   0.00000000
     0.030674    -0.048321   0.00000000   0.00000000   0.00000000
     0.168636    -0.250800   0.00000000   0.00000000   0.00000000
   0.00000000   0.00000000   0.00000000   0.00000000     1.000000
     0.269389    -0.383182   0.00000000   0.00000000   0.00000000
     0.293088    -0.184658   0.00000000   0.00000000   0.00000000
     0.252478     0.260903   0.00000000   0.00000000   0.00000000
     0.174721     0.444986   0.00000000   0.00000000   0.00000000
     0.078481     0.257711   0.00000000   0.00000000   0.00000000
     0.016789     0.060312     1.000000   0.00000000   0.00000000
   0.00000000   0.00000000   0.00000000     1.000000   0.00000000

    1.585600    0.469000    0.138700

     1.000000   0.00000000   0.00000000
   0.00000000     1.000000   0.00000000
   0.00000000   0.00000000     1.000000

Nb:aug-cc-pCVQZ-ccECP
ccECP aug-cc-pCVQZ for Nb | source recipes/Nb/ccECP/Nb.aug-cc-pCVQZ.gamess | ccECP from Haihan Zhou et al. Journal of Chemical Physics (2024) https://doi.org/10.1063/5.0180057

  6
    0    1    2    3    4    5
    9    9    8    5    4    3
   16   16   16    5    4    3

   62.320861   32.789483   17.251850    9.076884    4.775710
    2.512691    1.538000    1.322026    0.962100    0.695571
    0.365967    0.192550    0.101308    0.053302    0.028044
    0.011218

    -0.000038    -0.000023    -0.000130    -0.000578    -0.003293   0.00000000
   0.00000000   0.00000000   0.00000000
     0.001913    -0.000357    -0.000239     0.001700     0.015644   0.00000000
   0.00000000   0.00000000   0.00000000
    -0.037836     0.010784     0.020534     0.026408    -0.003369   0.00000000
   0.00000000   0.00000000   0.00000000
     0.271726    -0.084030    -0.171810    -0.270830    -0.307548   0.00000000
   0.00000000   0.00000000   0.00000000
    -0.495788     0.164219     0.346883     0.580806     0.736267   0.00000000
   0.00000000   0.00000000   0.00000000
    -0.363368     0.114671     0.263153     0.606053     1.670263   0.00000000
   0.00000000   0.00000000   0.00000000
   0.00000000   0.00000000   0.00000000   0.00000000   0.00000000   0.00000000
   0.00000000     1.000000   0.00000000
     0.440489    -0.158738    -0.420701    -1.585495    -6.728010   0.00000000
   0.00000000   0.00000000   0.00000000
   0.00000000   0.00000000   0.00000000   0.00000000   0.00000000   0.00000000
   0.00000000   0.00000000     1.000000
     0.677397    -0.326913    -1.034775    -1.992837     5.758757   0.00000000
   0.00000000   0.00000000   0.00000000
     0.291997    -0.230541    -0.152744     4.224202     2.538549   0.00000000
   0.00000000   0.00000000   0.00000000
     0.024332    -0.006407     1.637016    -0.096036    -8.472981   0.00000000
   0.00000000   0.00000000   0.00000000
     0.002724     0.407266     0.599349    -2.862580     5.850252   0.00000000
   0.00000000   0.00000000   0.00000000
    -0.003522     0.482035    -0.698456     0.487824    -0.145042   0.00000000
   0.00000000   0.00000000   0.00000000
    -0.001097     0.316817    -0.645505     0.956712    -1.203071     1.000000
   0.00000000   0.00000000   0.00000000
   0.00000000   0.00000000   0.00000000   0.00000000   0.00000000   0.00000000
     1.000000   0.00000000   0.00000000

   77.506425   40.779682   21.456059   11.289016    5.939668
    3.125132    2.316000    1.644275    0.880800    0.865128
    0.455184    0.239493    0.126008    0.066299    0.034883
    0.013953

     0.000042    -0.000021     0.000029    -0.000525    -0.001531   0.00000000
   0.00000000   0.00000000   0.00000000
    -0.000311     0.000172    -0.000254     0.002685     0.007494   0.00000000
   0.00000000   0.00000000   0.00000000
     0.000407    -0.000297     0.000482    -0.007528    -0.020902   0.00000000
   0.00000000   0.00000000   0.00000000
     0.025128    -0.013863     0.022052    -0.015908    -0.002173   0.00000000
   0.00000000   0.00000000   0.00000000
    -0.113121     0.066198    -0.110507     0.120914     0.150659   0.00000000
   0.00000000   0.00000000   0.00000000
    -0.108814     0.059884    -0.096912     0.317468     0.656062   0.00000000
   0.00000000   0.00000000   0.00000000
   0.00000000   0.00000000   0.00000000   0.00000000   0.00000000   0.00000000
   0.00000000     1.000000   0.00000000
     0.256904    -0.170563     0.382731    -1.121225    -3.434752   0.00000000
   0.00000000   0.00000000   0.00000000
   0.00000000   0.00000000   0.00000000   0.00000000   0.00000000   0.00000000
   0.00000000   0.00000000     1.000000
     0.475918    -0.365592     0.683772    -0.862106     3.669427   0.00000000
   0.00000000   0.00000000   0.00000000
     0.339897    -0.221278    -0.350348     2.843291     0.334172   0.00000000
   0.00000000   0.00000000   0.00000000
     0.105273     0.338548    -1.094656    -0.968730    -4.121602   0.00000000
   0.00000000   0.00000000   0.00000000
     0.013065     0.584005     0.031921    -1.485309     3.622491   0.00000000
   0.00000000   0.00000000   0.00000000
     0.001781     0.268848     0.736332     0.762648    -0.496334   0.00000000
   0.00000000   0.00000000   0.00000000
     0.000144     0.033035     0.309003     0.514795    -0.760658     1.000000
   0.00000000   0.00000000   0.00000000
   0.00000000   0.00000000   0.00000000   0.00000000   0.00000000   0.00000000
     1.000000   0.00000000   0.00000000

   66.394533   34.944919   18.392288    9.680270    5.094941
    2.681581    2.371900    1.411376    0.822600    0.742838
    0.390972    0.205777    0.108305    0.057003    0.030002
    0.012001

    -0.000033     0.000049     0.000053     0.000090   0.00000000   0.00000000
   0.00000000   0.00000000
     0.000237    -0.000335    -0.000425    -0.000692   0.00000000   0.00000000
   0.00000000   0.00000000
    -0.000572     0.000832     0.001071     0.001902   0.00000000   0.00000000
   0.00000000   0.00000000
    -0.003952     0.005257     0.008901     0.012793   0.00000000   0.00000000
   0.00000000   0.00000000
    -0.014347     0.019401     0.030650     0.055970   0.00000000   0.00000000
   0.00000000   0.00000000
     0.030674    -0.048321    -0.091629    -0.215153   0.00000000   0.00000000
   0.00000000   0.00000000
   0.00000000   0.00000000   0.00000000   0.00000000   0.00000000   0.00000000
     1.000000   0.00000000
     0.168636    -0.250800    -0.527800    -1.064910   0.00000000   0.00000000
   0.00000000   0.00000000
   0.00000000   0.00000000   0.00000000   0.00000000   0.00000000   0.00000000
   0.00000000     1.000000
     0.269389    -0.383182    -0.370488     0.948006   0.00000000   0.00000000
   0.00000000   0.00000000
     0.293088    -0.184658     0.710253     1.031613   0.00000000   0.00000000
   0.00000000   0.00000000
     0.252478     0.260903     0.597645    -1.423270   0.00000000   0.00000000
   0.00000000   0.00000000
     0.174721     0.444986    -0.359337    -0.153486   0.00000000   0.00000000
   0.00000000   0.00000000
     0.078481     0.257711    -0.456387     0.583577   0.00000000   0.00000000
   0.00000000   0.00000000
     0.016789     0.060312    -0.127835     0.223165     1.000000   0.00000000
   0.00000000   0.00000000
   0.00000000   0.00000000   0.00000000   0.00000000   0.00000000     1.000000
   0.00000000   0.00000000

    2.973000    1.256100    0.530700    0.183500    0.063400

     1.000000   0.00000000   0.00000000   0.00000000   0.00000000
   0.00000000     1.000000   0.00000000   0.00000000   0.00000000
   0.00000000   0.00000000     1.000000   0.00000000   0.00000000
   0.00000000   0.00000000   0.00000000     1.000000   0.00000000
   0.00000000   0.00000000   0.00000000   0.00000000     1.000000

    2.001500    0.901900    0.331800    0.122100

     1.000000   0.00000000   0.00000000   0.00000000
   0.00000000     1.000000   0.00000000   0.00000000
   0.00000000   0.00000000     1.000000   0.00000000
   0.00000000   0.00000000   0.00000000     1.000000

    1.822400    0.673200    0.248700

     1.000000   0.00000000   0.00000000
   0.00000000     1.000000   0.00000000
   0.00000000   0.00000000     1.000000

Nb:aug-cc-pCVTZ-ccECP
ccECP aug-cc-pCVTZ for Nb | source recipes/Nb/ccECP/Nb.aug-cc-pCVTZ.gamess | ccECP from Haihan Zhou et al. Journal of Chemical Physics (2024) https://doi.org/10.1063/5.0180057

  5
    0    1    2    3    4
    8    8    7    4    3
   16   16   16    4    3

   62.320861   32.789483   17.251850    9.076884    4.775710
    2.512691    1.379000    1.322026    0.862500    0.695571
    0.365967    0.192550    0.101308    0.053302    0.028044
    0.011218

    -0.000038    -0.000023    -0.000130    -0.000578   0.00000000   0.00000000
   0.00000000   0.00000000
     0.001913    -0.000357    -0.000239     0.001700   0.00000000   0.00000000
   0.00000000   0.00000000
    -0.037836     0.010784     0.020534     0.026408   0.00000000   0.00000000
   0.00000000   0.00000000
     0.271726    -0.084030    -0.171810    -0.270830   0.00000000   0.00000000
   0.00000000   0.00000000
    -0.495788     0.164219     0.346883     0.580806   0.00000000   0.00000000
   0.00000000   0.00000000
    -0.363368     0.114671     0.263153     0.606053   0.00000000   0.00000000
   0.00000000   0.00000000
   0.00000000   0.00000000   0.00000000   0.00000000   0.00000000   0.00000000
     1.000000   0.00000000
     0.440489    -0.158738    -0.420701    -1.585495   0.00000000   0.00000000
   0.00000000   0.00000000
   0.00000000   0.00000000   0.00000000   0.00000000   0.00000000   0.00000000
   0.00000000     1.000000
     0.677397    -0.326913    -1.034775    -1.992837   0.00000000   0.00000000
   0.00000000   0.00000000
     0.291997    -0.230541    -0.152744     4.224202   0.00000000   0.00000000
   0.00000000   0.00000000
     0.024332    -0.006407     1.637016    -0.096036   0.00000000   0.00000000
   0.00000000   0.00000000
     0.002724     0.407266     0.599349    -2.862580   0.00000000   0.00000000
   0.00000000   0.00000000
    -0.003522     0.482035    -0.698456     0.487824   0.00000000   0.00000000
   0.00000000   0.00000000
    -0.001097     0.316817    -0.645505     0.956712     1.000000   0.00000000
   0.00000000   0.00000000
   0.00000000   0.00000000   0.00000000   0.00000000   0.00000000     1.000000
   0.00000000   0.00000000

   77.506425   40.779682   21.456059   11.289016    5.939668
    3.125132    2.147000    1.644275    0.865128    0.645600
    0.455184    0.239493    0.126008    0.066299    0.034883
    0.013953

     0.000042    -0.000021     0.000029    -0.000525   0.00000000   0.00000000
   0.00000000   0.00000000
    -0.000311     0.000172    -0.000254     0.002685   0.00000000   0.00000000
   0.00000000   0.00000000
     0.000407    -0.000297     0.000482    -0.007528   0.00000000   0.00000000
   0.00000000   0.00000000
     0.025128    -0.013863     0.022052    -0.015908   0.00000000   0.00000000
   0.00000000   0.00000000
    -0.113121     0.066198    -0.110507     0.120914   0.00000000   0.00000000
   0.00000000   0.00000000
    -0.108814     0.059884    -0.096912     0.317468   0.00000000   0.00000000
   0.00000000   0.00000000
   0.00000000   0.00000000   0.00000000   0.00000000   0.00000000   0.00000000
     1.000000   0.00000000
     0.256904    -0.170563     0.382731    -1.121225   0.00000000   0.00000000
   0.00000000   0.00000000
     0.475918    -0.365592     0.683772    -0.862106   0.00000000   0.00000000
   0.00000000   0.00000000
   0.00000000   0.00000000   0.00000000   0.00000000   0.00000000   0.00000000
   0.00000000     1.000000
     0.339897    -0.221278    -0.350348     2.843291   0.00000000   0.00000000
   0.00000000   0.00000000
     0.105273     0.338548    -1.094656    -0.968730   0.00000000   0.00000000
   0.00000000   0.00000000
     0.013065     0.584005     0.031921    -1.485309   0.00000000   0.00000000
   0.00000000   0.00000000
     0.001781     0.268848     0.736332     0.762648   0.00000000   0.00000000
   0.00000000   0.00000000
     0.000144     0.033035     0.309003     0.514795     1.000000   0.00000000
   0.00000000   0.00000000
   0.00000000   0.00000000   0.00000000   0.00000000   0.00000000     1.000000
   0.00000000   0.00000000

   66.394533   34.944919   18.392288    9.680270    5.094941
    2.681581    1.997900    1.411376    0.742838    0.603500
    0.390972    0.205777    0.108305    0.057003    0.030002
    0.012001

    -0.000033     0.000049     0.000053   0.00000000   0.00000000   0.00000000
   0.00000000
     0.000237    -0.000335    -0.000425   0.00000000   0.00000000   0.00000000
   0.00000000
    -0.000572     0.000832     0.001071   0.00000000   0.00000000   0.00000000
   0.00000000
    -0.003952     0.005257     0.008901   0.00000000   0.00000000   0.00000000
   0.00000000
    -0.014347     0.019401     0.030650   0.00000000   0.00000000   0.00000000
   0.00000000
     0.030674    -0.048321    -0.091629   0.00000000   0.00000000   0.00000000
   0.00000000
   0.00000000   0.00000000   0.00000000   0.00000000   0.00000000     1.000000
   0.00000000
     0.168636    -0.250800    -0.527800   0.00000000   0.00000000   0.00000000
   0.00000000
     0.269389    -0.383182    -0.370488   0.00000000   0.00000000   0.00000000
   0.00000000
   0.00000000   0.00000000   0.00000000   0.00000000   0.00000000   0.00000000
     1.000000
     0.293088    -0.184658     0.710253   0.00000000   0.00000000   0.00000000
   0.00000000
     0.252478     0.260903     0.597645   0.00000000   0.00000000   0.00000000
   0.00000000
     0.174721     0.444986    -0.359337   0.00000000   0.00000000   0.00000000
   0.00000000
     0.078481     0.257711    -0.456387   0.00000000   0.00000000   0.00000000
   0.00000000
     0.016789     0.060312    -0.127835     1.000000   0.00000000   0.00000000
   0.00000000
   0.00000000   0.00000000   0.00000000   0.00000000     1.000000   0.00000000
   0.00000000

    2.109300    0.772400    0.265200    0.091100

     1.000000   0.00000000   0.00000000   0.00000000
   0.00000000     1.000000   0.00000000   0.00000000
   0.00000000   0.00000000     1.000000   0.00000000
   0.00000000   0.00000000   0.00000000     1.000000

    1.660000    0.590600    0.210100

     1.000000   0.00000000   0.00000000
   0.00000000     1.000000   0.00000000
   0.00000000   0.00000000     1.000000

Nb:aug-cc-pV5Z-ccECP
ccECP aug-cc-pV5Z for Nb | source recipes/Nb/ccECP/Nb.aug-cc-pV5Z.gamess | ccECP from Haihan Zhou et al. Journal of Chemical Physics (2024) https://doi.org/10.1063/5.0180057

  7
    0    1    2    3    4    5    6
    8    8    7    5    4    3    2
   14   14   14    5    4    3    2

   62.320861   32.789483   17.251850    9.076884    4.775710
    2.512691    1.322026    0.695571    0.365967    0.192550
    0.101308    0.053302    0.028044    0.011218

    -0.000038    -0.000023    -0.000130    -0.000578    -0.003293     0.014715
   0.00000000   0.00000000
     0.001913    -0.000357    -0.000239     0.001700     0.015644    -0.080126
   0.00000000   0.00000000
    -0.037836     0.010784     0.020534     0.026408    -0.003369     0.310183
   0.00000000   0.00000000
     0.271726    -0.084030    -0.171810    -0.270830    -0.307548    -1.225862
   0.00000000   0.00000000
    -0.495788     0.164219     0.346883     0.580806     0.736267     3.070368
   0.00000000   0.00000000
    -0.363368     0.114671     0.263153     0.606053     1.670263    -1.854115
   0.00000000   0.00000000
     0.440489    -0.158738    -0.420701    -1.585495    -6.728010    -6.771856
   0.00000000   0.00000000
     0.677397    -0.326913    -1.034775    -1.992837     5.758757    16.967096
   0.00000000   0.00000000
     0.291997    -0.230541    -0.152744     4.224202     2.538549   -20.170257
   0.00000000   0.00000000
     0.024332    -0.006407     1.637016    -0.096036    -8.472981    14.250769
   0.00000000   0.00000000
     0.002724     0.407266     0.599349    -2.862580     5.850252    -4.450179
   0.00000000   0.00000000
    -0.003522     0.482035    -0.698456     0.487824    -0.145042    -1.601547
   0.00000000   0.00000000
    -0.001097     0.316817    -0.645505     0.956712    -1.203071     1.522080
     1.000000   0.00000000
   0.00000000   0.00000000   0.00000000   0.00000000   0.00000000   0.00000000
   0.00000000     1.000000

   77.506425   40.779682   21.456059   11.289016    5.939668
    3.125132    1.644275    0.865128    0.455184    0.239493
    0.126008    0.066299    0.034883    0.013953

     0.000042    -0.000021     0.000029    -0.000525    -0.001531     0.010808
   0.00000000   0.00000000
    -0.000311     0.000172    -0.000254     0.002685     0.007494    -0.051798
   0.00000000   0.00000000
     0.000407    -0.000297     0.000482    -0.007528    -0.020902     0.155731
   0.00000000   0.00000000
     0.025128    -0.013863     0.022052    -0.015908    -0.002173    -0.455776
   0.00000000   0.00000000
    -0.113121     0.066198    -0.110507     0.120914     0.150659     1.216821
   0.00000000   0.00000000
    -0.108814     0.059884    -0.096912     0.317468     0.656062    -1.007914
   0.00000000   0.00000000
     0.256904    -0.170563     0.382731    -1.121225    -3.434752    -3.245976
   0.00000000   0.00000000
     0.475918    -0.365592     0.683772    -0.862106     3.669427     8.784715
   0.00000000   0.00000000
     0.339897    -0.221278    -0.350348     2.843291     0.334172   -11.083336
   0.00000000   0.00000000
     0.105273     0.338548    -1.094656    -0.968730    -4.121602     8.647136
   0.00000000   0.00000000
     0.013065     0.584005     0.031921    -1.485309     3.622491    -3.423372
   0.00000000   0.00000000
     0.001781     0.268848     0.736332     0.762648    -0.496334    -0.662695
   0.00000000   0.00000000
     0.000144     0.033035     0.309003     0.514795    -0.760658     1.123309
     1.000000   0.00000000
   0.00000000   0.00000000   0.00000000   0.00000000   0.00000000   0.00000000
   0.00000000     1.000000

   66.394533   34.944919   18.392288    9.680270    5.094941
    2.681581    1.411376    0.742838    0.390972    0.205777
    0.108305    0.057003    0.030002    0.012001

    -0.000033     0.000049     0.000053     0.000090     0.002101   0.00000000
   0.00000000
     0.000237    -0.000335    -0.000425    -0.000692    -0.009841   0.00000000
   0.00000000
    -0.000572     0.000832     0.001071     0.001902     0.028233   0.00000000
   0.00000000
    -0.003952     0.005257     0.008901     0.012793    -0.044885   0.00000000
   0.00000000
    -0.014347     0.019401     0.030650     0.055970     0.250033   0.00000000
   0.00000000
     0.030674    -0.048321    -0.091629    -0.215153    -0.906773   0.00000000
   0.00000000
     0.168636    -0.250800    -0.527800    -1.064910    -0.630393   0.00000000
   0.00000000
     0.269389    -0.383182    -0.370488     0.948006     2.954310   0.00000000
   0.00000000
     0.293088    -0.184658     0.710253     1.031613    -2.867418   0.00000000
   0.00000000
     0.252478     0.260903     0.597645    -1.423270     0.465347   0.00000000
   0.00000000
     0.174721     0.444986    -0.359337    -0.153486     1.288832   0.00000000
   0.00000000
     0.078481     0.257711    -0.456387     0.583577    -0.662606   0.00000000
   0.00000000
     0.016789     0.060312    -0.127835     0.223165    -0.355110     1.000000
   0.00000000
   0.00000000   0.00000000   0.00000000   0.00000000   0.00000000   0.00000000
     1.000000

    3.174400    1.139200    0.408800    0.146700    0.053200

     1.000000   0.00000000   0.00000000   0.00000000   0.00000000
   0.00000000     1.000000   0.00000000   0.00000000   0.00000000
   0.00000000   0.00000000     1.000000   0.00000000   0.00000000
   0.00000000   0.00000000   0.00000000     1.000000   0.00000000
   0.00000000   0.00000000   0.00000000   0.00000000     1.000000

    1.546300    0.593100    0.227500    0.083500

     1.000000   0.00000000   0.00000000   0.00000000
   0.00000000     1.000000   0.00000000   0.00000000
   0.00000000   0.00000000     1.000000   0.00000000
   0.00000000   0.00000000   0.00000000     1.000000

    1.182900    0.402200    0.149100

     1.000000   0.00000000   0.00000000
   0.00000000     1.000000   0.00000000
   0.00000000   0.00000000     1.000000

    0.795200    0.303100

     1.000000   0.00000000
   0.00000000     1.000000

Nb:aug-cc-pVDZ-ccECP
ccECP aug-cc-pVDZ for Nb | source recipes/Nb/ccECP/Nb.aug-cc-pVDZ.gamess | ccECP from Haihan Zhou et al. Journal of Chemical Physics (2024) https://doi.org/10.1063/5.0180057

  4
    0    1    2    3
    5    5    4    2
   14   14   14    2

   62.320861   32.789483   17.251850    9.076884    4.775710
    2.512691    1.322026    0.695571    0.365967    0.192550
    0.101308    0.053302    0.028044    0.011218

    -0.000038    -0.000023    -0.000130   0.00000000   0.00000000
     0.001913    -0.000357    -0.000239   0.00000000   0.00000000
    -0.037836     0.010784     0.020534   0.00000000   0.00000000
     0.271726    -0.084030    -0.171810   0.00000000   0.00000000
    -0.495788     0.164219     0.346883   0.00000000   0.00000000
    -0.363368     0.114671     0.263153   0.00000000   0.00000000
     0.440489    -0.158738    -0.420701   0.00000000   0.00000000
     0.677397    -0.326913    -1.034775   0.00000000   0.00000000
     0.291997    -0.230541    -0.152744   0.00000000   0.00000000
     0.024332    -0.006407     1.637016   0.00000000   0.00000000
     0.002724     0.407266     0.599349   0.00000000   0.00000000
    -0.003522     0.482035    -0.698456   0.00000000   0.00000000
    -0.001097     0.316817    -0.645505     1.000000   0.00000000
   0.00000000   0.00000000   0.00000000   0.00000000     1.000000

   77.506425   40.779682   21.456059   11.289016    5.939668
    3.125132    1.644275    0.865128    0.455184    0.239493
    0.126008    0.066299    0.034883    0.013953

     0.000042    -0.000021     0.000029   0.00000000   0.00000000
    -0.000311     0.000172    -0.000254   0.00000000   0.00000000
     0.000407    -0.000297     0.000482   0.00000000   0.00000000
     0.025128    -0.013863     0.022052   0.00000000   0.00000000
    -0.113121     0.066198    -0.110507   0.00000000   0.00000000
    -0.108814     0.059884    -0.096912   0.00000000   0.00000000
     0.256904    -0.170563     0.382731   0.00000000   0.00000000
     0.475918    -0.365592     0.683772   0.00000000   0.00000000
     0.339897    -0.221278    -0.350348   0.00000000   0.00000000
     0.105273     0.338548    -1.094656   0.00000000   0.00000000
     0.013065     0.584005     0.031921   0.00000000   0.00000000
     0.001781     0.268848     0.736332   0.00000000   0.00000000
     0.000144     0.033035     0.309003     1.000000   0.00000000
   0.00000000   0.00000000   0.00000000   0.00000000     1.000000

   66.394533   34.944919   18.392288    9.680270    5.094941
    2.681581    1.411376    0.742838    0.390972    0.205777
    0.108305    0.057003    0.030002    0.012001

    -0.000033     0.000049   0.00000000   0.00000000
     0.000237    -0.000335   0.00000000   0.00000000
    -0.000572     0.000832   0.00000000   0.00000000
    -0.003952     0.005257   0.00000000   0.00000000
    -0.014347     0.019401   0.00000000   0.00000000
     0.030674    -0.048321   0.00000000   0.00000000
     0.168636    -0.250800   0.00000000   0.00000000
     0.269389    -0.383182   0.00000000   0.00000000
     0.293088    -0.184658   0.00000000   0.00000000
     0.252478     0.260903   0.00000000   0.00000000
     0.174721     0.444986   0.00000000   0.00000000
     0.078481     0.257711   0.00000000   0.00000000
     0.016789     0.060312     1.000000   0.00000000
   0.00000000   0.00000000   0.00000000     1.000000

    0.469000    0.138700

     1.000000   0.00000000
   0.00000000     1.000000

Nb:aug-cc-pVQZ-ccECP
ccECP aug-cc-pVQZ for Nb | source recipes/Nb/ccECP/Nb.aug-cc-pVQZ.gamess | ccECP from Haihan Zhou et al. Journal of Chemical Physics (2024) https://doi.org/10.1063/5.0180057

  6
    0    1    2    3    4    5
    7    7    6    4    3    2
   14   14   14    4    3    2

   62.320861   32.789483   17.251850    9.076884    4.775710
    2.512691    1.322026    0.695571    0.365967    0.192550
    0.101308    0.053302    0.028044    0.011218

    -0.000038    -0.000023    -0.000130    -0.000578    -0.003293   0.00000000
   0.00000000
     0.001913    -0.000357    -0.000239     0.001700     0.015644   0.00000000
   0.00000000
    -0.037836     0.010784     0.020534     0.026408    -0.003369   0.00000000
   0.00000000
     0.271726    -0.084030    -0.171810    -0.270830    -0.307548   0.00000000
   0.00000000
    -0.495788     0.164219     0.346883     0.580806     0.736267   0.00000000
   0.00000000
    -0.363368     0.114671     0.263153     0.606053     1.670263   0.00000000
   0.00000000
     0.440489    -0.158738    -0.420701    -1.585495    -6.728010   0.00000000
   0.00000000
     0.677397    -0.326913    -1.034775    -1.992837     5.758757   0.00000000
   0.00000000
     0.291997    -0.230541    -0.152744     4.224202     2.538549   0.00000000
   0.00000000
     0.024332    -0.006407     1.637016    -0.096036    -8.472981   0.00000000
   0.00000000
     0.002724     0.407266     0.599349    -2.862580     5.850252   0.00000000
   0.00000000
    -0.003522     0.482035    -0.698456     0.487824    -0.145042   0.00000000
   0.00000000
    -0.001097     0.316817    -0.645505     0.956712    -1.203071     1.000000
   0.00000000
   0.00000000   0.00000000   0.00000000   0.00000000   0.00000000   0.00000000
     1.000000

   77.506425   40.779682   21.456059   11.289016    5.939668
    3.125132    1.644275    0.865128    0.455184    0.239493
    0.126008    0.066299    0.034883    0.013953

     0.000042    -0.000021     0.000029    -0.000525    -0.001531   0.00000000
   0.00000000
    -0.000311     0.000172    -0.000254     0.002685     0.007494   0.00000000
   0.00000000
     0.000407    -0.000297     0.000482    -0.007528    -0.020902   0.00000000
   0.00000000
     0.025128    -0.013863     0.022052    -0.015908    -0.002173   0.00000000
   0.00000000
    -0.113121     0.066198    -0.110507     0.120914     0.150659   0.00000000
   0.00000000
    -0.108814     0.059884    -0.096912     0.317468     0.656062   0.00000000
   0.00000000
     0.256904    -0.170563     0.382731    -1.121225    -3.434752   0.00000000
   0.00000000
     0.475918    -0.365592     0.683772    -0.862106     3.669427   0.00000000
   0.00000000
     0.339897    -0.221278    -0.350348     2.843291     0.334172   0.00000000
   0.00000000
     0.105273     0.338548    -1.094656    -0.968730    -4.121602   0.00000000
   0.00000000
     0.013065     0.584005     0.031921    -1.485309     3.622491   0.00000000
   0.00000000
     0.001781     0.268848     0.736332     0.762648    -0.496334   0.00000000
   0.00000000
     0.000144     0.033035     0.309003     0.514795    -0.760658     1.000000
   0.00000000
   0.00000000   0.00000000   0.00000000   0.00000000   0.00000000   0.00000000
     1.000000

   66.394533   34.944919   18.392288    9.680270    5.094941
    2.681581    1.411376    0.742838    0.390972    0.205777
    0.108305    0.057003    0.030002    0.012001

    -0.000033     0.000049     0.000053     0.000090   0.00000000   0.00000000
     0.000237    -0.000335    -0.000425    -0.000692   0.00000000   0.00000000
    -0.000572     0.000832     0.001071     0.001902   0.00000000   0.00000000
    -0.003952     0.005257     0.008901     0.012793   0.00000000   0.00000000
    -0.014347     0.019401     0.030650     0.055970   0.00000000   0.00000000
     0.030674    -0.048321    -0.091629    -0.215153   0.00000000   0.00000000
     0.168636    -0.250800    -0.527800    -1.064910   0.00000000   0.00000000
     0.269389    -0.383182    -0.370488     0.948006   0.00000000   0.00000000
     0.293088    -0.184658     0.710253     1.031613   0.00000000   0.00000000
     0.252478     0.260903     0.597645    -1.423270   0.00000000   0.00000000
     0.174721     0.444986    -0.359337    -0.153486   0.00000000   0.00000000
     0.078481     0.257711    -0.456387     0.583577   0.00000000   0.00000000
     0.016789     0.060312    -0.127835     0.223165     1.000000   0.00000000
   0.00000000   0.00000000   0.00000000   0.00000000   0.00000000     1.000000

    1.801000    0.574800    0.183500    0.063400

     1.000000   0.00000000   0.00000000   0.00000000
   0.00000000     1.000000   0.00000000   0.00000000
   0.00000000   0.00000000     1.000000   0.00000000
   0.00000000   0.00000000   0.00000000     1.000000

    1.057800    0.331800    0.122100

     1.000000   0.00000000   0.00000000
   0.00000000     1.000000   0.00000000
   0.00000000   0.00000000     1.000000

    0.673200    0.248700

     1.000000   0.00000000
   0.00000000     1.000000

Nb:aug-cc-pVTZ-ccECP
ccECP aug-cc-pVTZ for Nb | source recipes/Nb/ccECP/Nb.aug-cc-pVTZ.gamess | ccECP from Haihan Zhou et al. Journal of Chemical Physics (2024) https://doi.org/10.1063/5.0180057

  5
    0    1    2    3    4
    6    6    5    3    2
   14   14   14    3    2

   62.320861   32.789483   17.251850    9.076884    4.775710
    2.512691    1.322026    0.695571    0.365967    0.192550
    0.101308    0.053302    0.028044    0.011218

    -0.000038    -0.000023    -0.000130    -0.000578   0.00000000   0.00000000
     0.001913    -0.000357    -0.000239     0.001700   0.00000000   0.00000000
    -0.037836     0.010784     0.020534     0.026408   0.00000000   0.00000000
     0.271726    -0.084030    -0.171810    -0.270830   0.00000000   0.00000000
    -0.495788     0.164219     0.346883     0.580806   0.00000000   0.00000000
    -0.363368     0.114671     0.263153     0.606053   0.00000000   0.00000000
     0.440489    -0.158738    -0.420701    -1.585495   0.00000000   0.00000000
     0.677397    -0.326913    -1.034775    -1.992837   0.00000000   0.00000000
     0.291997    -0.230541    -0.152744     4.224202   0.00000000   0.00000000
     0.024332    -0.006407     1.637016    -0.096036   0.00000000   0.00000000
     0.002724     0.407266     0.599349    -2.862580   0.00000000   0.00000000
    -0.003522     0.482035    -0.698456     0.487824   0.00000000   0.00000000
    -0.001097     0.316817    -0.645505     0.956712     1.000000   0.00000000
   0.00000000   0.00000000   0.00000000   0.00000000   0.00000000     1.000000

   77.506425   40.779682   21.456059   11.289016    5.939668
    3.125132    1.644275    0.865128    0.455184    0.239493
    0.126008    0.066299    0.034883    0.013953

     0.000042    -0.000021     0.000029    -0.000525   0.00000000   0.00000000
    -0.000311     0.000172    -0.000254     0.002685   0.00000000   0.00000000
     0.000407    -0.000297     0.000482    -0.007528   0.00000000   0.00000000
     0.025128    -0.013863     0.022052    -0.015908   0.00000000   0.00000000
    -0.113121     0.066198    -0.110507     0.120914   0.00000000   0.00000000
    -0.108814     0.059884    -0.096912     0.317468   0.00000000   0.00000000
     0.256904    -0.170563     0.382731    -1.121225   0.00000000   0.00000000
     0.475918    -0.365592     0.683772    -0.862106   0.00000000   0.00000000
     0.339897    -0.221278    -0.350348     2.843291   0.00000000   0.00000000
     0.105273     0.338548    -1.094656    -0.968730   0.00000000   0.00000000
     0.013065     0.584005     0.031921    -1.485309   0.00000000   0.00000000
     0.001781     0.268848     0.736332     0.762648   0.00000000   0.00000000
     0.000144     0.033035     0.309003     0.514795     1.000000   0.00000000
   0.00000000   0.00000000   0.00000000   0.00000000   0.00000000     1.000000

   66.394533   34.944919   18.392288    9.680270    5.094941
    2.681581    1.411376    0.742838    0.390972    0.205777
    0.108305    0.057003    0.030002    0.012001

    -0.000033     0.000049     0.000053   0.00000000   0.00000000
     0.000237    -0.000335    -0.000425   0.00000000   0.00000000
    -0.000572     0.000832     0.001071   0.00000000   0.00000000
    -0.003952     0.005257     0.008901   0.00000000   0.00000000
    -0.014347     0.019401     0.030650   0.00000000   0.00000000
     0.030674    -0.048321    -0.091629   0.00000000   0.00000000
     0.168636    -0.250800    -0.527800   0.00000000   0.00000000
     0.269389    -0.383182    -0.370488   0.00000000   0.00000000
     0.293088    -0.184658     0.710253   0.00000000   0.00000000
     0.252478     0.260903     0.597645   0.00000000   0.00000000
     0.174721     0.444986    -0.359337   0.00000000   0.00000000
     0.078481     0.257711    -0.456387   0.00000000   0.00000000
     0.016789     0.060312    -0.127835     1.000000   0.00000000
   0.00000000   0.00000000   0.00000000   0.00000000     1.000000

    0.989500    0.265200    0.091100

     1.000000   0.00000000   0.00000000
   0.00000000     1.000000   0.00000000
   0.00000000   0.00000000     1.000000

    0.590600    0.210100

     1.000000   0.00000000
   0.00000000     1.000000

Nb:cc-pCV5Z-ccECP
ccECP cc-pCV5Z for Nb | source recipes/Nb/ccECP/Nb.cc-pCV5Z.gamess | ccECP from Haihan Zhou et al. Journal of Chemical Physics (2024) https://doi.org/10.1063/5.0180057

  7
    0    1    2    3    4    5    6
    9    9    8    5    4    3    2
   15   15   15    5    4    3    2

   62.320861   32.789483   17.251850    9.076884    4.775710
    2.512691    1.322026    0.931000    0.695571    0.582000
    0.365967    0.192550    0.101308    0.053302    0.028044

    -0.000038    -0.000023    -0.000130    -0.000578    -0.003293     0.014715
   0.00000000   0.00000000   0.00000000
     0.001913    -0.000357    -0.000239     0.001700     0.015644    -0.080126
   0.00000000   0.00000000   0.00000000
    -0.037836     0.010784     0.020534     0.026408    -0.003369     0.310183
   0.00000000   0.00000000   0.00000000
     0.271726    -0.084030    -0.171810    -0.270830    -0.307548    -1.225862
   0.00000000   0.00000000   0.00000000
    -0.495788     0.164219     0.346883     0.580806     0.736267     3.070368
   0.00000000   0.00000000   0.00000000
    -0.363368     0.114671     0.263153     0.606053     1.670263    -1.854115
   0.00000000   0.00000000   0.00000000
     0.440489    -0.158738    -0.420701    -1.585495    -6.728010    -6.771856
   0.00000000   0.00000000   0.00000000
   0.00000000   0.00000000   0.00000000   0.00000000   0.00000000   0.00000000
   0.00000000     1.000000   0.00000000
     0.677397    -0.326913    -1.034775    -1.992837     5.758757    16.967096
   0.00000000   0.00000000   0.00000000
   0.00000000   0.00000000   0.00000000   0.00000000   0.00000000   0.00000000
   0.00000000   0.00000000     1.000000
     0.291997    -0.230541    -0.152744     4.224202     2.538549   -20.170257
   0.00000000   0.00000000   0.00000000
     0.024332    -0.006407     1.637016    -0.096036    -8.472981    14.250769
   0.00000000   0.00000000   0.00000000
     0.002724     0.407266     0.599349    -2.862580     5.850252    -4.450179
   0.00000000   0.00000000   0.00000000
    -0.003522     0.482035    -0.698456     0.487824    -0.145042    -1.601547
   0.00000000   0.00000000   0.00000000
    -0.001097     0.316817    -0.645505     0.956712    -1.203071     1.522080
     1.000000   0.00000000   0.00000000

   77.506425   40.779682   21.456059   11.289016    5.939668
    3.125132    2.337000    1.644275    1.176400    0.865128
    0.455184    0.239493    0.126008    0.066299    0.034883

     0.000042    -0.000021     0.000029    -0.000525    -0.001531     0.010808
   0.00000000   0.00000000   0.00000000
    -0.000311     0.000172    -0.000254     0.002685     0.007494    -0.051798
   0.00000000   0.00000000   0.00000000
     0.000407    -0.000297     0.000482    -0.007528    -0.020902     0.155731
   0.00000000   0.00000000   0.00000000
     0.025128    -0.013863     0.022052    -0.015908    -0.002173    -0.455776
   0.00000000   0.00000000   0.00000000
    -0.113121     0.066198    -0.110507     0.120914     0.150659     1.216821
   0.00000000   0.00000000   0.00000000
    -0.108814     0.059884    -0.096912     0.317468     0.656062    -1.007914
   0.00000000   0.00000000   0.00000000
   0.00000000   0.00000000   0.00000000   0.00000000   0.00000000   0.00000000
   0.00000000     1.000000   0.00000000
     0.256904    -0.170563     0.382731    -1.121225    -3.434752    -3.245976
   0.00000000   0.00000000   0.00000000
   0.00000000   0.00000000   0.00000000   0.00000000   0.00000000   0.00000000
   0.00000000   0.00000000     1.000000
     0.475918    -0.365592     0.683772    -0.862106     3.669427     8.784715
   0.00000000   0.00000000   0.00000000
     0.339897    -0.221278    -0.350348     2.843291     0.334172   -11.083336
   0.00000000   0.00000000   0.00000000
     0.105273     0.338548    -1.094656    -0.968730    -4.121602     8.647136
   0.00000000   0.00000000   0.00000000
     0.013065     0.584005     0.031921    -1.485309     3.622491    -3.423372
   0.00000000   0.00000000   0.00000000
     0.001781     0.268848     0.736332     0.762648    -0.496334    -0.662695
   0.00000000   0.00000000   0.00000000
     0.000144     0.033035     0.309003     0.514795    -0.760658     1.123309
     1.000000   0.00000000   0.00000000

   66.394533   34.944919   18.392288    9.680270    5.094941
    2.922000    2.681581    1.411376    1.148400    0.742838
    0.390972    0.205777    0.108305    0.057003    0.030002

    -0.000033     0.000049     0.000053     0.000090     0.002101   0.00000000
   0.00000000   0.00000000
     0.000237    -0.000335    -0.000425    -0.000692    -0.009841   0.00000000
   0.00000000   0.00000000
    -0.000572     0.000832     0.001071     0.001902     0.028233   0.00000000
   0.00000000   0.00000000
    -0.003952     0.005257     0.008901     0.012793    -0.044885   0.00000000
   0.00000000   0.00000000
    -0.014347     0.019401     0.030650     0.055970     0.250033   0.00000000
   0.00000000   0.00000000
   0.00000000   0.00000000   0.00000000   0.00000000   0.00000000   0.00000000
     1.000000   0.00000000
     0.030674    -0.048321    -0.091629    -0.215153    -0.906773   0.00000000
   0.00000000   0.00000000
     0.168636    -0.250800    -0.527800    -1.064910    -0.630393   0.00000000
   0.00000000   0.00000000
   0.00000000   0.00000000   0.00000000   0.00000000   0.00000000   0.00000000
   0.00000000     1.000000
     0.269389    -0.383182    -0.370488     0.948006     2.954310   0.00000000
   0.00000000   0.00000000
     0.293088    -0.184658     0.710253     1.031613    -2.867418   0.00000000
   0.00000000   0.00000000
     0.252478     0.260903     0.597645    -1.423270     0.465347   0.00000000
   0.00000000   0.00000000
     0.174721     0.444986    -0.359337    -0.153486     1.288832   0.00000000
   0.00000000   0.00000000
     0.078481     0.257711    -0.456387     0.583577    -0.662606   0.00000000
   0.00000000   0.00000000
     0.016789     0.060312    -0.127835     0.223165    -0.355110     1.000000
   0.00000000   0.00000000

    4.520900    2.021800    0.904200    0.404400    0.146700

     1.000000   0.00000000   0.00000000   0.00000000   0.00000000
   0.00000000     1.000000   0.00000000   0.00000000   0.00000000
   0.00000000   0.00000000     1.000000   0.00000000   0.00000000
   0.00000000   0.00000000   0.00000000     1.000000   0.00000000
   0.00000000   0.00000000   0.00000000   0.00000000     1.000000

    2.354400    1.207600    0.619400    0.227500

     1.000000   0.00000000   0.00000000   0.00000000
   0.00000000     1.000000   0.00000000   0.00000000
   0.00000000   0.00000000     1.000000   0.00000000
   0.00000000   0.00000000   0.00000000     1.000000

    2.253400    1.085000    0.402200

     1.000000   0.00000000   0.00000000
   0.00000000     1.000000   0.00000000
   0.00000000   0.00000000     1.000000

    2.086500    0.795200

     1.000000   0.00000000
   0.00000000     1.000000

Nb:cc-pCVDZ-ccECP
ccECP cc-pCVDZ for Nb | source recipes/Nb/ccECP/Nb.cc-pCVDZ.gamess | ccECP from Haihan Zhou et al. Journal of Chemical Physics (2024) https://doi.org/10.1063/5.0180057

  4
    0    1    2    3
    5    5    4    2
   14   14   14    2

   62.320861   32.789483   17.251850    9.076884    4.775710
    2.512691    1.322026    0.695571    0.365967    0.311900
    0.192550    0.101308    0.053302    0.028044

    -0.000038    -0.000023    -0.000130   0.00000000   0.00000000
     0.001913    -0.000357    -0.000239   0.00000000   0.00000000
    -0.037836     0.010784     0.020534   0.00000000   0.00000000
     0.271726    -0.084030    -0.171810   0.00000000   0.00000000
    -0.495788     0.164219     0.346883   0.00000000   0.00000000
    -0.363368     0.114671     0.263153   0.00000000   0.00000000
     0.440489    -0.158738    -0.420701   0.00000000   0.00000000
     0.677397    -0.326913    -1.034775   0.00000000   0.00000000
     0.291997    -0.230541    -0.152744   0.00000000   0.00000000
   0.00000000   0.00000000   0.00000000   0.00000000     1.000000
     0.024332    -0.006407     1.637016   0.00000000   0.00000000
     0.002724     0.407266     0.599349   0.00000000   0.00000000
    -0.003522     0.482035    -0.698456   0.00000000   0.00000000
    -0.001097     0.316817    -0.645505     1.000000   0.00000000

   77.506425   40.779682   21.456059   11.289016    5.939668
    3.125132    1.644275    0.865128    0.455184    0.341300
    0.239493    0.126008    0.066299    0.034883

     0.000042    -0.000021     0.000029   0.00000000   0.00000000
    -0.000311     0.000172    -0.000254   0.00000000   0.00000000
     0.000407    -0.000297     0.000482   0.00000000   0.00000000
     0.025128    -0.013863     0.022052   0.00000000   0.00000000
    -0.113121     0.066198    -0.110507   0.00000000   0.00000000
    -0.108814     0.059884    -0.096912   0.00000000   0.00000000
     0.256904    -0.170563     0.382731   0.00000000   0.00000000
     0.475918    -0.365592     0.683772   0.00000000   0.00000000
     0.339897    -0.221278    -0.350348   0.00000000   0.00000000
   0.00000000   0.00000000   0.00000000   0.00000000     1.000000
     0.105273     0.338548    -1.094656   0.00000000   0.00000000
     0.013065     0.584005     0.031921   0.00000000   0.00000000
     0.001781     0.268848     0.736332   0.00000000   0.00000000
     0.000144     0.033035     0.309003     1.000000   0.00000000

   66.394533   34.944919   18.392288    9.680270    5.094941
    2.681581    1.411376    1.339700    0.742838    0.390972
    0.205777    0.108305    0.057003    0.030002

    -0.000033     0.000049   0.00000000   0.00000000
     0.000237    -0.000335   0.00000000   0.00000000
    -0.000572     0.000832   0.00000000   0.00000000
    -0.003952     0.005257   0.00000000   0.00000000
    -0.014347     0.019401   0.00000000   0.00000000
     0.030674    -0.048321   0.00000000   0.00000000
     0.168636    -0.250800   0.00000000   0.00000000
   0.00000000   0.00000000   0.00000000     1.000000
     0.269389    -0.383182   0.00000000   0.00000000
     0.293088    -0.184658   0.00000000   0.00000000
     0.252478     0.260903   0.00000000   0.00000000
     0.174721     0.444986   0.00000000   0.00000000
     0.078481     0.257711   0.00000000   0.00000000
     0.016789     0.060312     1.000000   0.00000000

    1.585600    0.469000

     1.000000   0.00000000
   0.00000000     1.000000

Nb:cc-pCVQZ-ccECP
ccECP cc-pCVQZ for Nb | source recipes/Nb/ccECP/Nb.cc-pCVQZ.gamess | ccECP from Haihan Zhou et al. Journal of Chemical Physics (2024) https://doi.org/10.1063/5.0180057

  6
    0    1    2    3    4    5
    8    8    7    4    3    2
   15   15   15    4    3    2

   62.320861   32.789483   17.251850    9.076884    4.775710
    2.512691    1.538000    1.322026    0.962100    0.695571
    0.365967    0.192550    0.101308    0.053302    0.028044

    -0.000038    -0.000023    -0.000130    -0.000578    -0.003293   0.00000000
   0.00000000   0.00000000
     0.001913    -0.000357    -0.000239     0.001700     0.015644   0.00000000
   0.00000000   0.00000000
    -0.037836     0.010784     0.020534     0.026408    -0.003369   0.00000000
   0.00000000   0.00000000
     0.271726    -0.084030    -0.171810    -0.270830    -0.307548   0.00000000
   0.00000000   0.00000000
    -0.495788     0.164219     0.346883     0.580806     0.736267   0.00000000
   0.00000000   0.00000000
    -0.363368     0.114671     0.263153     0.606053     1.670263   0.00000000
   0.00000000   0.00000000
   0.00000000   0.00000000   0.00000000   0.00000000   0.00000000   0.00000000
     1.000000   0.00000000
     0.440489    -0.158738    -0.420701    -1.585495    -6.728010   0.00000000
   0.00000000   0.00000000
   0.00000000   0.00000000   0.00000000   0.00000000   0.00000000   0.00000000
   0.00000000     1.000000
     0.677397    -0.326913    -1.034775    -1.992837     5.758757   0.00000000
   0.00000000   0.00000000
     0.291997    -0.230541    -0.152744     4.224202     2.538549   0.00000000
   0.00000000   0.00000000
     0.024332    -0.006407     1.637016    -0.096036    -8.472981   0.00000000
   0.00000000   0.00000000
     0.002724     0.407266     0.599349    -2.862580     5.850252   0.00000000
   0.00000000   0.00000000
    -0.003522     0.482035    -0.698456     0.487824    -0.145042   0.00000000
   0.00000000   0.00000000
    -0.001097     0.316817    -0.645505     0.956712    -1.203071     1.000000
   0.00000000   0.00000000

   77.506425   40.779682   21.456059   11.289016    5.939668
    3.125132    2.316000    1.644275    0.880800    0.865128
    0.455184    0.239493    0.126008    0.066299    0.034883

     0.000042    -0.000021     0.000029    -0.000525    -0.001531   0.00000000
   0.00000000   0.00000000
    -0.000311     0.000172    -0.000254     0.002685     0.007494   0.00000000
   0.00000000   0.00000000
     0.000407    -0.000297     0.000482    -0.007528    -0.020902   0.00000000
   0.00000000   0.00000000
     0.025128    -0.013863     0.022052    -0.015908    -0.002173   0.00000000
   0.00000000   0.00000000
    -0.113121     0.066198    -0.110507     0.120914     0.150659   0.00000000
   0.00000000   0.00000000
    -0.108814     0.059884    -0.096912     0.317468     0.656062   0.00000000
   0.00000000   0.00000000
   0.00000000   0.00000000   0.00000000   0.00000000   0.00000000   0.00000000
     1.000000   0.00000000
     0.256904    -0.170563     0.382731    -1.121225    -3.434752   0.00000000
   0.00000000   0.00000000
   0.00000000   0.00000000   0.00000000   0.00000000   0.00000000   0.00000000
   0.00000000     1.000000
     0.475918    -0.365592     0.683772    -0.862106     3.669427   0.00000000
   0.00000000   0.00000000
     0.339897    -0.221278    -0.350348     2.843291     0.334172   0.00000000
   0.00000000   0.00000000
     0.105273     0.338548    -1.094656    -0.968730    -4.121602   0.00000000
   0.00000000   0.00000000
     0.013065     0.584005     0.031921    -1.485309     3.622491   0.00000000
   0.00000000   0.00000000
     0.001781     0.268848     0.736332     0.762648    -0.496334   0.00000000
   0.00000000   0.00000000
     0.000144     0.033035     0.309003     0.514795    -0.760658     1.000000
   0.00000000   0.00000000

   66.394533   34.944919   18.392288    9.680270    5.094941
    2.681581    2.371900    1.411376    0.822600    0.742838
    0.390972    0.205777    0.108305    0.057003    0.030002

    -0.000033     0.000049     0.000053     0.000090   0.00000000   0.00000000
   0.00000000
     0.000237    -0.000335    -0.000425    -0.000692   0.00000000   0.00000000
   0.00000000
    -0.000572     0.000832     0.001071     0.001902   0.00000000   0.00000000
   0.00000000
    -0.003952     0.005257     0.008901     0.012793   0.00000000   0.00000000
   0.00000000
    -0.014347     0.019401     0.030650     0.055970   0.00000000   0.00000000
   0.00000000
     0.030674    -0.048321    -0.091629    -0.215153   0.00000000   0.00000000
   0.00000000
   0.00000000   0.00000000   0.00000000   0.00000000   0.00000000     1.000000
   0.00000000
     0.168636    -0.250800    -0.527800    -1.064910   0.00000000   0.00000000
   0.00000000
   0.00000000   0.00000000   0.00000000   0.00000000   0.00000000   0.00000000
     1.000000
     0.269389    -0.383182    -0.370488     0.948006   0.00000000   0.00000000
   0.00000000
     0.293088    -0.184658     0.710253     1.031613   0.00000000   0.00000000
   0.00000000
     0.252478     0.260903     0.597645    -1.423270   0.00000000   0.00000000
   0.00000000
     0.174721     0.444986    -0.359337    -0.153486   0.00000000   0.00000000
   0.00000000
     0.078481     0.257711    -0.456387     0.583577   0.00000000   0.00000000
   0.00000000
     0.016789     0.060312    -0.127835     0.223165     1.000000   0.00000000
   0.00000000

    2.973000    1.256100    0.530700    0.183500

     1.000000   0.00000000   0.00000000   0.00000000
   0.00000000     1.000000   0.00000000   0.00000000
   0.00000000   0.00000000     1.000000   0.00000000
   0.00000000   0.00000000   0.00000000     1.000000

    2.001500    0.901900    0.331800

     1.000000   0.00000000   0.00000000
   0.00000000     1.000000   0.00000000
   0.00000000   0.00000000     1.000000

    1.822400    0.673200

     1.000000   0.00000000
   0.00000000     1.000000

Nb:cc-pCVTZ-ccECP
ccECP cc-pCVTZ for Nb | source recipes/Nb/ccECP/Nb.cc-pCVTZ.gamess | ccECP from Haihan Zhou et al. Journal of Chemical Physics (2024) https://doi.org/10.1063/5.0180057

  5
    0    1    2    3    4
    7    7    6    3    2
   15   15   15    3    2

   62.320861   32.789483   17.251850    9.076884    4.775710
    2.512691    1.379000    1.322026    0.862500    0.695571
    0.365967    0.192550    0.101308    0.053302    0.028044

    -0.000038    -0.000023    -0.000130    -0.000578   0.00000000   0.00000000
   0.00000000
     0.001913    -0.000357    -0.000239     0.001700   0.00000000   0.00000000
   0.00000000
    -0.037836     0.010784     0.020534     0.026408   0.00000000   0.00000000
   0.00000000
     0.271726    -0.084030    -0.171810    -0.270830   0.00000000   0.00000000
   0.00000000
    -0.495788     0.164219     0.346883     0.580806   0.00000000   0.00000000
   0.00000000
    -0.363368     0.114671     0.263153     0.606053   0.00000000   0.00000000
   0.00000000
   0.00000000   0.00000000   0.00000000   0.00000000   0.00000000     1.000000
   0.00000000
     0.440489    -0.158738    -0.420701    -1.585495   0.00000000   0.00000000
   0.00000000
   0.00000000   0.00000000   0.00000000   0.00000000   0.00000000   0.00000000
     1.000000
     0.677397    -0.326913    -1.034775    -1.992837   0.00000000   0.00000000
   0.00000000
     0.291997    -0.230541    -0.152744     4.224202   0.00000000   0.00000000
   0.00000000
     0.024332    -0.006407     1.637016    -0.096036   0.00000000   0.00000000
   0.00000000
     0.002724     0.407266     0.599349    -2.862580   0.00000000   0.00000000
   0.00000000
    -0.003522     0.482035    -0.698456     0.487824   0.00000000   0.00000000
   0.00000000
    -0.001097     0.316817    -0.645505     0.956712     1.000000   0.00000000
   0.00000000

   77.506425   40.779682   21.456059   11.289016    5.939668
    3.125132    2.147000    1.644275    0.865128    0.645600
    0.455184    0.239493    0.126008    0.066299    0.034883

     0.000042    -0.000021     0.000029    -0.000525   0.00000000   0.00000000
   0.00000000
    -0.000311     0.000172    -0.000254     0.002685   0.00000000   0.00000000
   0.00000000
     0.000407    -0.000297     0.000482    -0.007528   0.00000000   0.00000000
   0.00000000
     0.025128    -0.013863     0.022052    -0.015908   0.00000000   0.00000000
   0.00000000
    -0.113121     0.066198    -0.110507     0.120914   0.00000000   0.00000000
   0.00000000
    -0.108814     0.059884    -0.096912     0.317468   0.00000000   0.00000000
   0.00000000
   0.00000000   0.00000000   0.00000000   0.00000000   0.00000000     1.000000
   0.00000000
     0.256904    -0.170563     0.382731    -1.121225   0.00000000   0.00000000
   0.00000000
     0.475918    -0.365592     0.683772    -0.862106   0.00000000   0.00000000
   0.00000000
   0.00000000   0.00000000   0.00000000   0.00000000   0.00000000   0.00000000
     1.000000
     0.339897    -0.221278    -0.350348     2.843291   0.00000000   0.00000000
   0.00000000
     0.105273     0.338548    -1.094656    -0.968730   0.00000000   0.00000000
   0.00000000
     0.013065     0.584005     0.031921    -1.485309   0.00000000   0.00000000
   0.00000000
     0.001781     0.268848     0.736332     0.762648   0.00000000   0.00000000
   0.00000000
     0.000144     0.033035     0.309003     0.514795     1.000000   0.00000000
   0.00000000

   66.394533   34.944919   18.392288    9.680270    5.094941
    2.681581    1.997900    1.411376    0.742838    0.603500
    0.390972    0.205777    0.108305    0.057003    0.030002

    -0.000033     0.000049     0.000053   0.00000000   0.00000000   0.00000000
     0.000237    -0.000335    -0.000425   0.00000000   0.00000000   0.00000000
    -0.000572     0.000832     0.001071   0.00000000   0.00000000   0.00000000
    -0.003952     0.005257     0.008901   0.00000000   0.00000000   0.00000000
    -0.014347     0.019401     0.030650   0.00000000   0.00000000   0.00000000
     0.030674    -0.048321    -0.091629   0.00000000   0.00000000   0.00000000
   0.00000000   0.00000000   0.00000000   0.00000000     1.000000   0.00000000
     0.168636    -0.250800    -0.527800   0.00000000   0.00000000   0.00000000
     0.269389    -0.383182    -0.370488   0.00000000   0.00000000   0.00000000
   0.00000000   0.00000000   0.00000000   0.00000000   0.00000000     1.000000
     0.293088    -0.184658     0.710253   0.00000000   0.00000000   0.00000000
     0.252478     0.260903     0.597645   0.00000000   0.00000000   0.00000000
     0.174721     0.444986    -0.359337   0.00000000   0.00000000   0.00000000
     0.078481     0.257711    -0.456387   0.00000000   0.00000000   0.00000000
     0.016789     0.060312    -0.127835     1.000000   0.00000000   0.00000000

    2.109300    0.772400    0.265200

     1.000000   0.00000000   0.00000000
   0.00000000     1.000000   0.00000000
   0.00000000   0.00000000     1.000000

    1.660000    0.590600

     1.000000   0.00000000
   0.00000000     1.000000

Nb:cc-pV5Z-ccECP
ccECP cc-pV5Z for Nb | source recipes/Nb/ccECP/Nb.cc-pV5Z.gamess | ccECP from Haihan Zhou et al. Journal of Chemical Physics (2024) https://doi.org/10.1063/5.0180057

  7
    0    1    2    3    4    5    6
    7    7    6    4    3    2    1
   13   13   13    4    3    2    1

   62.320861   32.789483   17.251850    9.076884    4.775710
    2.512691    1.322026    0.695571    0.365967    0.192550
    0.101308    0.053302    0.028044

    -0.000038    -0.000023    -0.000130    -0.000578    -0.003293     0.014715
   0.00000000
     0.001913    -0.000357    -0.000239     0.001700     0.015644    -0.080126
   0.00000000
    -0.037836     0.010784     0.020534     0.026408    -0.003369     0.310183
   0.00000000
     0.271726    -0.084030    -0.171810    -0.270830    -0.307548    -1.225862
   0.00000000
    -0.495788     0.164219     0.346883     0.580806     0.736267     3.070368
   0.00000000
    -0.363368     0.114671     0.263153     0.606053     1.670263    -1.854115
   0.00000000
     0.440489    -0.158738    -0.420701    -1.585495    -6.728010    -6.771856
   0.00000000
     0.677397    -0.326913    -1.034775    -1.992837     5.758757    16.967096
   0.00000000
     0.291997    -0.230541    -0.152744     4.224202     2.538549   -20.170257
   0.00000000
     0.024332    -0.006407     1.637016    -0.096036    -8.472981    14.250769
   0.00000000
     0.002724     0.407266     0.599349    -2.862580     5.850252    -4.450179
   0.00000000
    -0.003522     0.482035    -0.698456     0.487824    -0.145042    -1.601547
   0.00000000
    -0.001097     0.316817    -0.645505     0.956712    -1.203071     1.522080
     1.000000

   77.506425   40.779682   21.456059   11.289016    5.939668
    3.125132    1.644275    0.865128    0.455184    0.239493
    0.126008    0.066299    0.034883

     0.000042    -0.000021     0.000029    -0.000525    -0.001531     0.010808
   0.00000000
    -0.000311     0.000172    -0.000254     0.002685     0.007494    -0.051798
   0.00000000
     0.000407    -0.000297     0.000482    -0.007528    -0.020902     0.155731
   0.00000000
     0.025128    -0.013863     0.022052    -0.015908    -0.002173    -0.455776
   0.00000000
    -0.113121     0.066198    -0.110507     0.120914     0.150659     1.216821
   0.00000000
    -0.108814     0.059884    -0.096912     0.317468     0.656062    -1.007914
   0.00000000
     0.256904    -0.170563     0.382731    -1.121225    -3.434752    -3.245976
   0.00000000
     0.475918    -0.365592     0.683772    -0.862106     3.669427     8.784715
   0.00000000
     0.339897    -0.221278    -0.350348     2.843291     0.334172   -11.083336
   0.00000000
     0.105273     0.338548    -1.094656    -0.968730    -4.121602     8.647136
   0.00000000
     0.013065     0.584005     0.031921    -1.485309     3.622491    -3.423372
   0.00000000
     0.001781     0.268848     0.736332     0.762648    -0.496334    -0.662695
   0.00000000
     0.000144     0.033035     0.309003     0.514795    -0.760658     1.123309
     1.000000

   66.394533   34.944919   18.392288    9.680270    5.094941
    2.681581    1.411376    0.742838    0.390972    0.205777
    0.108305    0.057003    0.030002

    -0.000033     0.000049     0.000053     0.000090     0.002101   0.00000000
     0.000237    -0.000335    -0.000425    -0.000692    -0.009841   0.00000000
    -0.000572     0.000832     0.001071     0.001902     0.028233   0.00000000
    -0.003952     0.005257     0.008901     0.012793    -0.044885   0.00000000
    -0.014347     0.019401     0.030650     0.055970     0.250033   0.00000000
     0.030674    -0.048321    -0.091629    -0.215153    -0.906773   0.00000000
     0.168636    -0.250800    -0.527800    -1.064910    -0.630393   0.00000000
     0.269389    -0.383182    -0.370488     0.948006     2.954310   0.00000000
     0.293088    -0.184658     0.710253     1.031613    -2.867418   0.00000000
     0.252478     0.260903     0.597645    -1.423270     0.465347   0.00000000
     0.174721     0.444986    -0.359337    -0.153486     1.288832   0.00000000
     0.078481     0.257711    -0.456387     0.583577    -0.662606   0.00000000
     0.016789     0.060312    -0.127835     0.223165    -0.355110     1.000000

    3.174400    1.139200    0.408800    0.146700

     1.000000   0.00000000   0.00000000   0.00000000
   0.00000000     1.000000   0.00000000   0.00000000
   0.00000000   0.00000000     1.000000   0.00000000
   0.00000000   0.00000000   0.00000000     1.000000

    1.546300    0.593100    0.227500

     1.000000   0.00000000   0.00000000
   0.00000000     1.000000   0.00000000
   0.00000000   0.00000000     1.000000

    1.182900    0.402200

     1.000000   0.00000000
   0.00000000     1.000000

    0.795200

     1.000000

Nb:cc-pVDZ-ccECP
ccECP cc-pVDZ for Nb | source recipes/Nb/ccECP/Nb.cc-pVDZ.gamess | ccECP from Haihan Zhou et al. Journal of Chemical Physics (2024) https://doi.org/10.1063/5.0180057

  4
    0    1    2    3
    4    4    3    1
   13   13   13    1

   62.320861   32.789483   17.251850    9.076884    4.775710
    2.512691    1.322026    0.695571    0.365967    0.192550
    0.101308    0.053302    0.028044

    -0.000038    -0.000023    -0.000130   0.00000000
     0.001913    -0.000357    -0.000239   0.00000000
    -0.037836     0.010784     0.020534   0.00000000
     0.271726    -0.084030    -0.171810   0.00000000
    -0.495788     0.164219     0.346883   0.00000000
    -0.363368     0.114671     0.263153   0.00000000
     0.440489    -0.158738    -0.420701   0.00000000
     0.677397    -0.326913    -1.034775   0.00000000
     0.291997    -0.230541    -0.152744   0.00000000
     0.024332    -0.006407     1.637016   0.00000000
     0.002724     0.407266     0.599349   0.00000000
    -0.003522     0.482035    -0.698456   0.00000000
    -0.001097     0.316817    -0.645505     1.000000

   77.506425   40.779682   21.456059   11.289016    5.939668
    3.125132    1.644275    0.865128    0.455184    0.239493
    0.126008    0.066299    0.034883

     0.000042    -0.000021     0.000029   0.00000000
    -0.000311     0.000172    -0.000254   0.00000000
     0.000407    -0.000297     0.000482   0.00000000
     0.025128    -0.013863     0.022052   0.00000000
    -0.113121     0.066198    -0.110507   0.00000000
    -0.108814     0.059884    -0.096912   0.00000000
     0.256904    -0.170563     0.382731   0.00000000
     0.475918    -0.365592     0.683772   0.00000000
     0.339897    -0.221278    -0.350348   0.00000000
     0.105273     0.338548    -1.094656   0.00000000
     0.013065     0.584005     0.031921   0.00000000
     0.001781     0.268848     0.736332   0.00000000
     0.000144     0.033035     0.309003     1.000000

   66.394533   34.944919   18.392288    9.680270    5.094941
    2.681581    1.411376    0.742838    0.390972    0.205777
    0.108305    0.057003    0.030002

    -0.000033     0.000049   0.00000000
     0.000237    -0.000335   0.00000000
    -0.000572     0.000832   0.00000000
    -0.003952     0.005257   0.00000000
    -0.014347     0.019401   0.00000000
     0.030674    -0.048321   0.00000000
     0.168636    -0.250800   0.00000000
     0.269389    -0.383182   0.00000000
     0.293088    -0.184658   0.00000000
     0.252478     0.260903   0.00000000
     0.174721     0.444986   0.00000000
     0.078481     0.257711   0.00000000
     0.016789     0.060312     1.000000

    0.469000

     1.000000

Nb:cc-pVQZ-ccECP
ccECP cc-pVQZ for Nb | source recipes/Nb/ccECP/Nb.cc-pVQZ.gamess | ccECP from Haihan Zhou et al. Journal of Chemical Physics (2024) https://doi.org/10.1063/5.0180057

  6
    0    1    2    3    4    5
    6    6    5    3    2    1
   13   13   13    3    2    1

   62.320861   32.789483   17.251850    9.076884    4.775710
    2.512691    1.322026    0.695571    0.365967    0.192550
    0.101308    0.053302    0.028044

    -0.000038    -0.000023    -0.000130    -0.000578    -0.003293   0.00000000
     0.001913    -0.000357    -0.000239     0.001700     0.015644   0.00000000
    -0.037836     0.010784     0.020534     0.026408    -0.003369   0.00000000
     0.271726    -0.084030    -0.171810    -0.270830    -0.307548   0.00000000
    -0.495788     0.164219     0.346883     0.580806     0.736267   0.00000000
    -0.363368     0.114671     0.263153     0.606053     1.670263   0.00000000
     0.440489    -0.158738    -0.420701    -1.585495    -6.728010   0.00000000
     0.677397    -0.326913    -1.034775    -1.992837     5.758757   0.00000000
     0.291997    -0.230541    -0.152744     4.224202     2.538549   0.00000000
     0.024332    -0.006407     1.637016    -0.096036    -8.472981   0.00000000
     0.002724     0.407266     0.599349    -2.862580     5.850252   0.00000000
    -0.003522     0.482035    -0.698456     0.487824    -0.145042   0.00000000
    -0.001097     0.316817    -0.645505     0.956712    -1.203071     1.000000

   77.506425   40.779682   21.456059   11.289016    5.939668
    3.125132    1.644275    0.865128    0.455184    0.239493
    0.126008    0.066299    0.034883

     0.000042    -0.000021     0.000029    -0.000525    -0.001531   0.00000000
    -0.000311     0.000172    -0.000254     0.002685     0.007494   0.00000000
     0.000407    -0.000297     0.000482    -0.007528    -0.020902   0.00000000
     0.025128    -0.013863     0.022052    -0.015908    -0.002173   0.00000000
    -0.113121     0.066198    -0.110507     0.120914     0.150659   0.00000000
    -0.108814     0.059884    -0.096912     0.317468     0.656062   0.00000000
     0.256904    -0.170563     0.382731    -1.121225    -3.434752   0.00000000
     0.475918    -0.365592     0.683772    -0.862106     3.669427   0.00000000
     0.339897    -0.221278    -0.350348     2.843291     0.334172   0.00000000
     0.105273     0.338548    -1.094656    -0.968730    -4.121602   0.00000000
     0.013065     0.584005     0.031921    -1.485309     3.622491   0.00000000
     0.001781     0.268848     0.736332     0.762648    -0.496334   0.00000000
     0.000144     0.033035     0.309003     0.514795    -0.760658     1.000000

   66.394533   34.944919   18.392288    9.680270    5.094941
    2.681581    1.411376    0.742838    0.390972    0.205777
    0.108305    0.057003    0.030002

    -0.000033     0.000049     0.000053     0.000090   0.00000000
     0.000237    -0.000335    -0.000425    -0.000692   0.00000000
    -0.000572     0.000832     0.001071     0.001902   0.00000000
    -0.003952     0.005257     0.008901     0.012793   0.00000000
    -0.014347     0.019401     0.030650     0.055970   0.00000000
     0.030674    -0.048321    -0.091629    -0.215153   0.00000000
     0.168636    -0.250800    -0.527800    -1.064910   0.00000000
     0.269389    -0.383182    -0.370488     0.948006   0.00000000
     0.293088    -0.184658     0.710253     1.031613   0.00000000
     0.252478     0.260903     0.597645    -1.423270   0.00000000
     0.174721     0.444986    -0.359337    -0.153486   0.00000000
     0.078481     0.257711    -0.456387     0.583577   0.00000000
     0.016789     0.060312    -0.127835     0.223165     1.000000

    1.801000    0.574800    0.183500

     1.000000   0.00000000   0.00000000
   0.00000000     1.000000   0.00000000
   0.00000000   0.00000000     1.000000

    1.057800    0.331800

     1.000000   0.00000000
   0.00000000     1.000000

    0.673200

     1.000000

Nb:cc-pVTZ-ccECP
ccECP cc-pVTZ for Nb | source recipes/Nb/ccECP/Nb.cc-pVTZ.gamess | ccECP from Haihan Zhou et al. Journal of Chemical Physics (2024) https://doi.org/10.1063/5.0180057

  5
    0    1    2    3    4
    5    5    4    2    1
   13   13   13    2    1

   62.320861   32.789483   17.251850    9.076884    4.775710
    2.512691    1.322026    0.695571    0.365967    0.192550
    0.101308    0.053302    0.028044

    -0.000038    -0.000023    -0.000130    -0.000578   0.00000000
     0.001913    -0.000357    -0.000239     0.001700   0.00000000
    -0.037836     0.010784     0.020534     0.026408   0.00000000
     0.271726    -0.084030    -0.171810    -0.270830   0.00000000
    -0.495788     0.164219     0.346883     0.580806   0.00000000
    -0.363368     0.114671     0.263153     0.606053   0.00000000
     0.440489    -0.158738    -0.420701    -1.585495   0.00000000
     0.677397    -0.326913    -1.034775    -1.992837   0.00000000
     0.291997    -0.230541    -0.152744     4.224202   0.00000000
     0.024332    -0.006407     1.637016    -0.096036   0.00000000
     0.002724     0.407266     0.599349    -2.862580   0.00000000
    -0.003522     0.482035    -0.698456     0.487824   0.00000000
    -0.001097     0.316817    -0.645505     0.956712     1.000000

   77.506425   40.779682   21.456059   11.289016    5.939668
    3.125132    1.644275    0.865128    0.455184    0.239493
    0.126008    0.066299    0.034883

     0.000042    -0.000021     0.000029    -0.000525   0.00000000
    -0.000311     0.000172    -0.000254     0.002685   0.00000000
     0.000407    -0.000297     0.000482    -0.007528   0.00000000
     0.025128    -0.013863     0.022052    -0.015908   0.00000000
    -0.113121     0.066198    -0.110507     0.120914   0.00000000
    -0.108814     0.059884    -0.096912     0.317468   0.00000000
     0.256904    -0.170563     0.382731    -1.121225   0.00000000
     0.475918    -0.365592     0.683772    -0.862106   0.00000000
     0.339897    -0.221278    -0.350348     2.843291   0.00000000
     0.105273     0.338548    -1.094656    -0.968730   0.00000000
     0.013065     0.584005     0.031921    -1.485309   0.00000000
     0.001781     0.268848     0.736332     0.762648   0.00000000
     0.000144     0.033035     0.309003     0.514795     1.000000

   66.394533   34.944919   18.392288    9.680270    5.094941
    2.681581    1.411376    0.742838    0.390972    0.205777
    0.108305    0.057003    0.030002

    -0.000033     0.000049     0.000053   0.00000000
     0.000237    -0.000335    -0.000425   0.00000000
    -0.000572     0.000832     0.001071   0.00000000
    -0.003952     0.005257     0.008901   0.00000000
    -0.014347     0.019401     0.030650   0.00000000
     0.030674    -0.048321    -0.091629   0.00000000
     0.168636    -0.250800    -0.527800   0.00000000
     0.269389    -0.383182    -0.370488   0.00000000
     0.293088    -0.184658     0.710253   0.00000000
     0.252478     0.260903     0.597645   0.00000000
     0.174721     0.444986    -0.359337   0.00000000
     0.078481     0.257711    -0.456387   0.00000000
     0.016789     0.060312    -0.127835     1.000000

    0.989500    0.265200

     1.000000   0.00000000
   0.00000000     1.000000

    0.590600

     1.000000

