
He:aug-cc-pV5Z-ccECP
ccECP aug-cc-pV5Z for He | source recipes/He/ccECP/He.aug-cc-pV5Z.gamess | ccECP from Guangming Wang et al. Journal of Chemical Physics 151, 144110 (2019) https://doi.org/10.1063/1.5121006

  5
    0    1    2    3    4
    6    5    4    3    2
   13    5    4    3    2

   39.320931   17.174528    7.501461    3.912326    3.276475
    1.431093    1.397551    0.625070    0.499229    0.273017
    0.178333    0.119248    0.063704

   0.01006570   0.00000000   0.00000000   0.00000000   0.00000000   0.00000000
   0.02487620   0.00000000   0.00000000   0.00000000   0.00000000   0.00000000
   0.05825370   0.00000000   0.00000000   0.00000000   0.00000000   0.00000000
   0.00000000   1.00000000   0.00000000   0.00000000   0.00000000   0.00000000
   0.13445960   0.00000000   0.00000000   0.00000000   0.00000000   0.00000000
   0.24431180   0.00000000   0.00000000   0.00000000   0.00000000   0.00000000
   0.00000000   0.00000000   1.00000000   0.00000000   0.00000000   0.00000000
   0.34250610   0.00000000   0.00000000   0.00000000   0.00000000   0.00000000
   0.00000000   0.00000000   0.00000000   1.00000000   0.00000000   0.00000000
   0.28264700   0.00000000   0.00000000   0.00000000   0.00000000   0.00000000
   0.00000000   0.00000000   0.00000000   0.00000000   1.00000000   0.00000000
   0.07392530   0.00000000   0.00000000   0.00000000   0.00000000   0.00000000
   0.00000000   0.00000000   0.00000000   0.00000000   0.00000000   1.00000000

   10.505867    3.702589    1.304906    0.459889    0.162079

   1.00000000   0.00000000   0.00000000   0.00000000   0.00000000
   0.00000000   1.00000000   0.00000000   0.00000000   0.00000000
   0.00000000   0.00000000   1.00000000   0.00000000   0.00000000
   0.00000000   0.00000000   0.00000000   1.00000000   0.00000000
   0.00000000   0.00000000   0.00000000   0.00000000   1.00000000

    7.804576    2.665013    0.910017    0.310742

   1.00000000   0.00000000   0.00000000   0.00000000
   0.00000000   1.00000000   0.00000000   0.00000000
   0.00000000   0.00000000   1.00000000   0.00000000
   0.00000000   0.00000000   0.00000000   1.00000000

    5.453553    1.702130    0.531258

   1.00000000   0.00000000   0.00000000
   0.00000000   1.00000000   0.00000000
   0.00000000   0.00000000   1.00000000

    3.423618    0.978177

   1.00000000   0.00000000
   0.00000000   1.00000000

He:aug-cc-pV6Z-ccECP
ccECP aug-cc-pV6Z for He | source recipes/He/ccECP/He.aug-cc-pV6Z.gamess | ccECP from Guangming Wang et al. Journal of Chemical Physics 151, 144110 (2019) https://doi.org/10.1063/1.5121006

  6
    0    1    2    3    4    5
    7    6    5    4    3    2
   14    6    5    4    3    2

   39.320931   17.174528    7.501461    6.564404    3.276475
    2.563296    1.431093    1.000927    0.625070    0.390846
    0.273017    0.152619    0.119248    0.059595

   0.01006570   0.00000000   0.00000000   0.00000000   0.00000000   0.00000000
   0.00000000
   0.02487620   0.00000000   0.00000000   0.00000000   0.00000000   0.00000000
   0.00000000
   0.05825370   0.00000000   0.00000000   0.00000000   0.00000000   0.00000000
   0.00000000
   0.00000000   1.00000000   0.00000000   0.00000000   0.00000000   0.00000000
   0.00000000
   0.13445960   0.00000000   0.00000000   0.00000000   0.00000000   0.00000000
   0.00000000
   0.00000000   0.00000000   1.00000000   0.00000000   0.00000000   0.00000000
   0.00000000
   0.24431180   0.00000000   0.00000000   0.00000000   0.00000000   0.00000000
   0.00000000
   0.00000000   0.00000000   0.00000000   1.00000000   0.00000000   0.00000000
   0.00000000
   0.34250610   0.00000000   0.00000000   0.00000000   0.00000000   0.00000000
   0.00000000
   0.00000000   0.00000000   0.00000000   0.00000000   1.00000000   0.00000000
   0.00000000
   0.28264700   0.00000000   0.00000000   0.00000000   0.00000000   0.00000000
   0.00000000
   0.00000000   0.00000000   0.00000000   0.00000000   0.00000000   1.00000000
   0.00000000
   0.07392530   0.00000000   0.00000000   0.00000000   0.00000000   0.00000000
   0.00000000
   0.00000000   0.00000000   0.00000000   0.00000000   0.00000000   0.00000000
   1.00000000

   16.335596    6.413953    2.518353    0.988798    0.388238
    0.152437

   1.00000000   0.00000000   0.00000000   0.00000000   0.00000000   0.00000000
   0.00000000   1.00000000   0.00000000   0.00000000   0.00000000   0.00000000
   0.00000000   0.00000000   1.00000000   0.00000000   0.00000000   0.00000000
   0.00000000   0.00000000   0.00000000   1.00000000   0.00000000   0.00000000
   0.00000000   0.00000000   0.00000000   0.00000000   1.00000000   0.00000000
   0.00000000   0.00000000   0.00000000   0.00000000   0.00000000   1.00000000

   12.584489    4.909892    1.915615    0.747385    0.291596

   1.00000000   0.00000000   0.00000000   0.00000000   0.00000000
   0.00000000   1.00000000   0.00000000   0.00000000   0.00000000
   0.00000000   0.00000000   1.00000000   0.00000000   0.00000000
   0.00000000   0.00000000   0.00000000   1.00000000   0.00000000
   0.00000000   0.00000000   0.00000000   0.00000000   1.00000000

    9.275948    3.467378    1.296117    0.484492

   1.00000000   0.00000000   0.00000000   0.00000000
   0.00000000   1.00000000   0.00000000   0.00000000
   0.00000000   0.00000000   1.00000000   0.00000000
   0.00000000   0.00000000   0.00000000   1.00000000

    6.558010    2.228315    0.757148

   1.00000000   0.00000000   0.00000000
   0.00000000   1.00000000   0.00000000
   0.00000000   0.00000000   1.00000000

    4.164161    1.301300

   1.00000000   0.00000000
   0.00000000   1.00000000

He:aug-cc-pVDZ-ccECP
ccECP aug-cc-pVDZ for He | source recipes/He/ccECP/He.aug-cc-pVDZ.gamess | ccECP from Guangming Wang et al. Journal of Chemical Physics 151, 144110 (2019) https://doi.org/10.1063/1.5121006

  2
    0    1
    3    2
   10    2

   39.320931   17.174528    7.501461    3.276475    1.431093
    0.625070    0.320560    0.273017    0.119248    0.112477

   0.01006570   0.00000000   0.00000000
   0.02487620   0.00000000   0.00000000
   0.05825370   0.00000000   0.00000000
   0.13445960   0.00000000   0.00000000
   0.24431180   0.00000000   0.00000000
   0.34250610   0.00000000   0.00000000
   0.00000000   1.00000000   0.00000000
   0.28264700   0.00000000   0.00000000
   0.07392530   0.00000000   0.00000000
   0.00000000   0.00000000   1.00000000

    1.272523    0.257075

   1.00000000   0.00000000
   0.00000000   1.00000000

He:aug-cc-pVQZ-ccECP
ccECP aug-cc-pVQZ for He | source recipes/He/ccECP/He.aug-cc-pVQZ.gamess | ccECP from Guangming Wang et al. Journal of Chemical Physics 151, 144110 (2019) https://doi.org/10.1063/1.5121006

  4
    0    1    2    3
    5    4    3    2
   12    4    3    2

   39.320931   17.174528    7.501461    3.276475    2.065565
    1.431093    0.657436    0.625070    0.273017    0.209251
    0.119248    0.066601

   0.01006570   0.00000000   0.00000000   0.00000000   0.00000000
   0.02487620   0.00000000   0.00000000   0.00000000   0.00000000
   0.05825370   0.00000000   0.00000000   0.00000000   0.00000000
   0.13445960   0.00000000   0.00000000   0.00000000   0.00000000
   0.00000000   1.00000000   0.00000000   0.00000000   0.00000000
   0.24431180   0.00000000   0.00000000   0.00000000   0.00000000
   0.00000000   0.00000000   1.00000000   0.00000000   0.00000000
   0.34250610   0.00000000   0.00000000   0.00000000   0.00000000
   0.28264700   0.00000000   0.00000000   0.00000000   0.00000000
   0.00000000   0.00000000   0.00000000   1.00000000   0.00000000
   0.07392530   0.00000000   0.00000000   0.00000000   0.00000000
   0.00000000   0.00000000   0.00000000   0.00000000   1.00000000

    5.989802    1.842859    0.566985    0.174442

   1.00000000   0.00000000   0.00000000   0.00000000
   0.00000000   1.00000000   0.00000000   0.00000000
   0.00000000   0.00000000   1.00000000   0.00000000
   0.00000000   0.00000000   0.00000000   1.00000000

    4.312957    1.213445    0.341401

   1.00000000   0.00000000   0.00000000
   0.00000000   1.00000000   0.00000000
   0.00000000   0.00000000   1.00000000

    2.677255    0.704541

   1.00000000   0.00000000
   0.00000000   1.00000000

He:aug-cc-pVTZ-ccECP
ccECP aug-cc-pVTZ for He | source recipes/He/ccECP/He.aug-cc-pVTZ.gamess | ccECP from Guangming Wang et al. Journal of Chemical Physics 151, 144110 (2019) https://doi.org/10.1063/1.5121006

  3
    0    1    2
    4    3    2
   11    3    2

   39.320931   17.174528    7.501461    3.276475    1.431093
    0.687805    0.625070    0.273017    0.227171    0.119248
    0.075031

   0.01006570   0.00000000   0.00000000   0.00000000
   0.02487620   0.00000000   0.00000000   0.00000000
   0.05825370   0.00000000   0.00000000   0.00000000
   0.13445960   0.00000000   0.00000000   0.00000000
   0.24431180   0.00000000   0.00000000   0.00000000
   0.00000000   1.00000000   0.00000000   0.00000000
   0.34250610   0.00000000   0.00000000   0.00000000
   0.28264700   0.00000000   0.00000000   0.00000000
   0.00000000   0.00000000   1.00000000   0.00000000
   0.07392530   0.00000000   0.00000000   0.00000000
   0.00000000   0.00000000   0.00000000   1.00000000

    3.091688    0.758588    0.186130

   1.00000000   0.00000000   0.00000000
   0.00000000   1.00000000   0.00000000
   0.00000000   0.00000000   1.00000000

    1.964056    0.491014

   1.00000000   0.00000000
   0.00000000   1.00000000

He:cc-pV5Z-ccECP
ccECP cc-pV5Z for He | source recipes/He/ccECP/He.cc-pV5Z.gamess | ccECP from Guangming Wang et al. Journal of Chemical Physics 151, 144110 (2019) https://doi.org/10.1063/1.5121006

  5
    0    1    2    3    4
    5    4    3    2    1
   12    4    3    2    1

   39.320931   17.174528    7.501461    3.912326    3.276475
    1.431093    1.397551    0.625070    0.499229    0.273017
    0.178333    0.119248

   0.01006570   0.00000000   0.00000000   0.00000000   0.00000000
   0.02487620   0.00000000   0.00000000   0.00000000   0.00000000
   0.05825370   0.00000000   0.00000000   0.00000000   0.00000000
   0.00000000   1.00000000   0.00000000   0.00000000   0.00000000
   0.13445960   0.00000000   0.00000000   0.00000000   0.00000000
   0.24431180   0.00000000   0.00000000   0.00000000   0.00000000
   0.00000000   0.00000000   1.00000000   0.00000000   0.00000000
   0.34250610   0.00000000   0.00000000   0.00000000   0.00000000
   0.00000000   0.00000000   0.00000000   1.00000000   0.00000000
   0.28264700   0.00000000   0.00000000   0.00000000   0.00000000
   0.00000000   0.00000000   0.00000000   0.00000000   1.00000000
   0.07392530   0.00000000   0.00000000   0.00000000   0.00000000

   10.505867    3.702589    1.304906    0.459889

   1.00000000   0.00000000   0.00000000   0.00000000
   0.00000000   1.00000000   0.00000000   0.00000000
   0.00000000   0.00000000   1.00000000   0.00000000
   0.00000000   0.00000000   0.00000000   1.00000000

    7.804576    2.665013    0.910017

   1.00000000   0.00000000   0.00000000
   0.00000000   1.00000000   0.00000000
   0.00000000   0.00000000   1.00000000

    5.453553    1.702130

   1.00000000   0.00000000
   0.00000000   1.00000000

    3.423618

   1.00000000

He:cc-pV6Z-ccECP
ccECP cc-pV6Z for He | source recipes/He/ccECP/He.cc-pV6Z.gamess | ccECP from Guangming Wang et al. Journal of Chemical Physics 151, 144110 (2019) https://doi.org/10.1063/1.5121006

  6
    0    1    2    3    4    5
    6    5    4    3    2    1
   13    5    4    3    2    1

   39.320931   17.174528    7.501461    6.564404    3.276475
    2.563296    1.431093    1.000927    0.625070    0.390846
    0.273017    0.152619    0.119248

   0.01006570   0.00000000   0.00000000   0.00000000   0.00000000   0.00000000
   0.02487620   0.00000000   0.00000000   0.00000000   0.00000000   0.00000000
   0.05825370   0.00000000   0.00000000   0.00000000   0.00000000   0.00000000
   0.00000000   1.00000000   0.00000000   0.00000000   0.00000000   0.00000000
   0.13445960   0.00000000   0.00000000   0.00000000   0.00000000   0.00000000
   0.00000000   0.00000000   1.00000000   0.00000000   0.00000000   0.00000000
   0.24431180   0.00000000   0.00000000   0.00000000   0.00000000   0.00000000
   0.00000000   0.00000000   0.00000000   1.00000000   0.00000000   0.00000000
   0.34250610   0.00000000   0.00000000   0.00000000   0.00000000   0.00000000
   0.00000000   0.00000000   0.00000000   0.00000000   1.00000000   0.00000000
   0.28264700   0.00000000   0.00000000   0.00000000   0.00000000   0.00000000
   0.00000000   0.00000000   0.00000000   0.00000000   0.00000000   1.00000000
   0.07392530   0.00000000   0.00000000   0.00000000   0.00000000   0.00000000

   16.335596    6.413953    2.518353    0.988798    0.388238

   1.00000000   0.00000000   0.00000000   0.00000000   0.00000000
   0.00000000   1.00000000   0.00000000   0.00000000   0.00000000
   0.00000000   0.00000000   1.00000000   0.00000000   0.00000000
   0.00000000   0.00000000   0.00000000   1.00000000   0.00000000
   0.00000000   0.00000000   0.00000000   0.00000000   1.00000000

   12.584489    4.909892    1.915615    0.747385

   1.00000000   0.00000000   0.00000000   0.00000000
   0.00000000   1.00000000   0.00000000   0.00000000
   0.00000000   0.00000000   1.00000000   0.00000000
   0.00000000   0.00000000   0.00000000   1.00000000

    9.275948    3.467378    1.296117

   1.00000000   0.00000000   0.00000000
   0.00000000   1.00000000   0.00000000
   0.00000000   0.00000000   1.00000000

    6.558010    2.228315

   1.00000000   0.00000000
   0.00000000   1.00000000

    4.164161

   1.00000000

He:cc-pVDZ-ccECP
ccECP cc-pVDZ for He | source recipes/He/ccECP/He.cc-pVDZ.gamess | ccECP from Guangming Wang et al. Journal of Chemical Physics 151, 144110 (2019) https://doi.org/10.1063/1.5121006

  2
    0    1
    2    1
    9    1

   39.320931   17.174528    7.501461    3.276475    1.431093
    0.625070    0.320560    0.273017    0.119248

   0.01006570   0.00000000
   0.02487620   0.00000000
   0.05825370   0.00000000
   0.13445960   0.00000000
   0.24431180   0.00000000
   0.34250610   0.00000000
   0.00000000   1.00000000
   0.28264700   0.00000000
   0.07392530   0.00000000

    1.272523

   1.00000000

He:cc-pVQZ-ccECP
ccECP cc-pVQZ for He | source recipes/He/ccECP/He.cc-pVQZ.gamess | ccECP from Guangming Wang et al. Journal of Chemical Physics 151, 144110 (2019) https://doi.org/10.1063/1.5121006

  4
    0    1    2    3
    4    3    2    1
   11    3    2    1

   39.320931   17.174528    7.501461    3.276475    2.065565
    1.431093    0.657436    0.625070    0.273017    0.209251
    0.119248

   0.01006570   0.00000000   0.00000000   0.00000000
   0.02487620   0.00000000   0.00000000   0.00000000
   0.05825370   0.00000000   0.00000000   0.00000000
   0.13445960   0.00000000   0.00000000   0.00000000
   0.00000000   1.00000000   0.00000000   0.00000000
   0.24431180   0.00000000   0.00000000   0.00000000
   0.00000000   0.00000000   1.00000000   0.00000000
   0.34250610   0.00000000   0.00000000   0.00000000
   0.28264700   0.00000000   0.00000000   0.00000000
   0.00000000   0.00000000   0.00000000   1.00000000
   0.07392530   0.00000000   0.00000000   0.00000000

    5.989802    1.842859    0.566985

   1.00000000   0.00000000   0.00000000
   0.00000000   1.00000000   0.00000000
   0.00000000   0.00000000   1.00000000

    4.312957    1.213445

   1.00000000   0.00000000
   0.00000000   1.00000000

    2.677255

   1.00000000

He:cc-pVTZ-ccECP
ccECP cc-pVTZ for He | source recipes/He/ccECP/He.cc-pVTZ.gamess | ccECP from Guangming Wang et al. Journal of Chemical Physics 151, 144110 (2019) https://doi.org/10.1063/1.5121006

  3
    0    1    2
    3    2    1
   10    2    1

   39.320931   17.174528    7.501461    3.276475    1.431093
    0.687805    0.625070    0.273017    0.227171    0.119248

   0.01006570   0.00000000   0.00000000
   0.02487620   0.00000000   0.00000000
   0.05825370   0.00000000   0.00000000
   0.13445960   0.00000000   0.00000000
   0.24431180   0.00000000   0.00000000
   0.00000000   1.00000000   0.00000000
   0.34250610   0.00000000   0.00000000
   0.28264700   0.00000000   0.00000000
   0.00000000   0.00000000   1.00000000
   0.07392530   0.00000000   0.00000000

    3.091688    0.758588

   1.00000000   0.00000000
   0.00000000   1.00000000

    1.964056

   1.00000000

