
Cr:aug-cc-pCV5Z-ccECP
ccECP aug-cc-pCV5Z for Cr | source recipes/Cr/ccECP/Cr.aug-cc-pCV5Z.gamess | ccECP from A. Annaberdiyev et al. Journal of Chemical Physics 149, 134108 (2018) https://doi.org/10.1063/1.5040472

  7
    0    1    2    3    4    5    6
   10   10    9    6    5    4    3
   16   16   14    6    5    4    3

    73.977737    37.684349    19.278723    12.130763     7.453002
     3.756296     2.932133     2.608286     2.084137     0.993314
     0.483094     0.225854     0.115338     0.052134     0.023679
     0.011000

    0.00086400   -0.00018300   -0.00032700   -0.00069800    0.00298300
   -0.00503000    0.00000000    0.00000000    0.00000000    0.00000000
   -0.01159500    0.00270400    0.00530900    0.01020700   -0.02696900
    0.04329800    0.00000000    0.00000000    0.00000000    0.00000000
    0.09046700   -0.02265000   -0.04690500   -0.09126100    0.19930400
   -0.31895300    0.00000000    0.00000000    0.00000000    0.00000000
   -0.02483700    0.00718100    0.01541100    0.05220700   -0.25709400
    0.46095400    0.00000000    0.00000000    0.00000000    0.00000000
   -0.33040700    0.08770500    0.19169700    0.34216400   -0.31292400
    0.49760800    0.00000000    0.00000000    0.00000000    0.00000000
   -0.20059800    0.04761600    0.09975900    0.17486600   -0.37282300
   -0.04452100    0.00000000    0.00000000    0.00000000    0.00000000
    0.00000000    0.00000000    0.00000000    0.00000000    0.00000000
    0.00000000    0.00000000    0.00000000    0.00000000    1.00000000
    0.00000000    0.00000000    0.00000000    0.00000000    0.00000000
    0.00000000    0.00000000    0.00000000    1.00000000    0.00000000
    0.44976600   -0.12567200   -0.33899400   -0.99425800    2.61267600
   -4.50396700    0.00000000    0.00000000    0.00000000    0.00000000
    0.64757500   -0.24457100   -0.69580600   -1.19060400   -1.10831900
    8.00572300    0.00000000    0.00000000    0.00000000    0.00000000
    0.22902500   -0.19841900   -0.00731500    2.27183400   -3.52097300
   -5.85396000    0.00000000    0.00000000    0.00000000    0.00000000
    0.00921700    0.03088900    1.11859900    1.00301300    5.38631500
   -0.58924700    0.00000000    0.00000000    0.00000000    0.00000000
    0.00113200    0.42393500    0.71725700   -2.60523500   -1.94819200
    5.46040600    0.00000000    0.00000000    0.00000000    0.00000000
   -0.00036700    0.57694100   -0.86856500    0.26515800   -1.98569900
   -5.53660500    0.00000000    0.00000000    0.00000000    0.00000000
    0.00009200    0.14832300   -0.46718600    0.90228600    1.70618700
    2.40098000    1.00000000    0.00000000    0.00000000    0.00000000
    0.00000000    0.00000000    0.00000000    0.00000000    0.00000000
    0.00000000    0.00000000    1.00000000    0.00000000    0.00000000

   101.951240    52.309865    27.142574    15.066862     9.693669
     6.564440     4.985710     2.761266     2.454580     1.417673
     0.728201     0.378189     0.189359     0.072301     0.037471
     0.018000

    0.00008800    0.00002800   -0.00013700    0.00002700    0.00053400
    0.00317100    0.00000000    0.00000000    0.00000000    0.00000000
   -0.00074700   -0.00008500    0.00093200    0.00018000   -0.00333900
   -0.01768100    0.00000000    0.00000000    0.00000000    0.00000000
    0.00713500   -0.00075100   -0.00684500   -0.00574200    0.01766200
    0.06746800    0.00000000    0.00000000    0.00000000    0.00000000
   -0.01470200    0.00084400    0.01983100    0.02041900   -0.08424900
   -0.29076600    0.00000000    0.00000000    0.00000000    0.00000000
   -0.07335300    0.02265600    0.04364700    0.10052700   -0.08077700
    0.17750700    0.00000000    0.00000000    0.00000000    0.00000000
    0.00000000    0.00000000    0.00000000    0.00000000    0.00000000
    0.00000000    0.00000000    0.00000000    0.00000000    1.00000000
    0.01200700   -0.01278100   -0.01928900   -0.10060800    0.27239200
    0.43340900    0.00000000    0.00000000    0.00000000    0.00000000
    0.28311700   -0.06238600   -0.28118700   -0.60774600    1.31045500
    2.00710400    0.00000000    0.00000000    0.00000000    0.00000000
    0.00000000    0.00000000    0.00000000    0.00000000    0.00000000
    0.00000000    0.00000000    0.00000000    1.00000000    0.00000000
    0.44078600   -0.14358100   -0.37029800   -0.60170500   -1.06179300
   -6.01948100    0.00000000    0.00000000    0.00000000    0.00000000
    0.30677500   -0.06228100   -0.19987300    1.45090500   -2.37680500
    7.25807400    0.00000000    0.00000000    0.00000000    0.00000000
    0.08180400   -0.05447100    1.02855200    0.67229900    4.47731700
   -4.55824500    0.00000000    0.00000000    0.00000000    0.00000000
    0.00883900    0.37713500    0.42371100   -1.90482300   -2.79579800
    0.80240900    0.00000000    0.00000000    0.00000000    0.00000000
    0.00102200    0.47163300   -0.80092600    0.66581400    0.20300800
    1.46140600    0.00000000    0.00000000    0.00000000    0.00000000
    0.00032500    0.31162400   -0.14191000    0.34852200    0.57055500
   -1.30932300    1.00000000    0.00000000    0.00000000    0.00000000
    0.00000000    0.00000000    0.00000000    0.00000000    0.00000000
    0.00000000    0.00000000    1.00000000    0.00000000    0.00000000

   120.683729    42.646591    21.154405     9.708242     4.614990
     3.680000     3.480000     2.243726     1.086491     0.524700
     0.255752     0.121497     0.054339     0.026000

   -0.00000600    0.00001700    0.00004000    0.00011900   -0.00005500
    0.00000000    0.00000000    0.00000000    0.00000000
    0.00311100   -0.00357600   -0.00518100   -0.00795400    0.00855300
    0.00000000    0.00000000    0.00000000    0.00000000
    0.02864100   -0.03147600   -0.04339300   -0.06042500    0.07058300
    0.00000000    0.00000000    0.00000000    0.00000000
    0.07622200   -0.08758300   -0.12773400   -0.19681000    0.23887900
    0.00000000    0.00000000    0.00000000    0.00000000
    0.17059500   -0.19574000   -0.28207000   -0.40138900    0.46015900
    0.00000000    0.00000000    0.00000000    0.00000000
    0.00000000    0.00000000    0.00000000    0.00000000    0.00000000
    0.00000000    0.00000000    0.00000000    1.00000000
    0.00000000    0.00000000    0.00000000    0.00000000    0.00000000
    0.00000000    0.00000000    1.00000000    0.00000000
    0.26690800   -0.27013200   -0.28839000   -0.07218600   -0.56480100
    0.00000000    0.00000000    0.00000000    0.00000000
    0.31103900   -0.17003400    0.16826900    0.94089500   -0.95714200
    0.00000000    0.00000000    0.00000000    0.00000000
    0.26731200    0.14341200    0.67306200    0.03586300    2.02722100
    0.00000000    0.00000000    0.00000000    0.00000000
    0.16333600    0.40868700    0.09919600   -1.15352900   -1.08791800
    0.00000000    0.00000000    0.00000000    0.00000000
    0.06278200    0.37025700   -0.57061200    0.43219200   -0.60621300
    0.00000000    0.00000000    0.00000000    0.00000000
    0.00787200    0.12311200   -0.29719700    0.48316100    0.92580400
    1.00000000    0.00000000    0.00000000    0.00000000
    0.00000000    0.00000000    0.00000000    0.00000000    0.00000000
    0.00000000    1.00000000    0.00000000    0.00000000

     5.917263     3.400884     2.036722     0.701040     0.241298
     0.083055

    0.00000000    0.00000000    0.00000000    0.00000000    1.00000000
    0.00000000
    0.00000000    0.00000000    0.00000000    0.00000000    0.00000000
    1.00000000
    0.00000000    0.00000000    0.00000000    1.00000000    0.00000000
    0.00000000
    0.00000000    0.00000000    1.00000000    0.00000000    0.00000000
    0.00000000
    0.00000000    1.00000000    0.00000000    0.00000000    0.00000000
    0.00000000
    1.00000000    0.00000000    0.00000000    0.00000000    0.00000000
    0.00000000

     4.230847     3.643357     1.385784     0.453904     0.148673

    0.00000000    0.00000000    0.00000000    1.00000000    0.00000000
    0.00000000    0.00000000    0.00000000    0.00000000    1.00000000
    0.00000000    0.00000000    1.00000000    0.00000000    0.00000000
    0.00000000    1.00000000    0.00000000    0.00000000    0.00000000
    1.00000000    0.00000000    0.00000000    0.00000000    0.00000000

     5.445699     3.101020     0.908139     0.265950

    0.00000000    0.00000000    0.00000000    1.00000000
    0.00000000    0.00000000    1.00000000    0.00000000
    0.00000000    1.00000000    0.00000000    0.00000000
    1.00000000    0.00000000    0.00000000    0.00000000

     5.303781     2.215288     0.795554

    0.00000000    0.00000000    1.00000000
    0.00000000    1.00000000    0.00000000
    1.00000000    0.00000000    0.00000000

Cr:aug-cc-pCVDZ-ccECP
ccECP aug-cc-pCVDZ for Cr | source recipes/Cr/ccECP/Cr.aug-cc-pCVDZ.gamess | ccECP from A. Annaberdiyev et al. Journal of Chemical Physics 149, 134108 (2018) https://doi.org/10.1063/1.5040472

  4
    0    1    2    3
    7    7    6    3
   16   16   14    3

    73.977737    37.684349    19.278723    12.130763     7.453002
     3.756296     2.811823     2.084137     0.993314     0.734112
     0.483094     0.225854     0.115338     0.052134     0.023679
     0.011000

    0.00086400   -0.00018300   -0.00032700    0.00000000    0.00000000
    0.00000000    0.00000000
   -0.01159500    0.00270400    0.00530900    0.00000000    0.00000000
    0.00000000    0.00000000
    0.09046700   -0.02265000   -0.04690500    0.00000000    0.00000000
    0.00000000    0.00000000
   -0.02483700    0.00718100    0.01541100    0.00000000    0.00000000
    0.00000000    0.00000000
   -0.33040700    0.08770500    0.19169700    0.00000000    0.00000000
    0.00000000    0.00000000
   -0.20059800    0.04761600    0.09975900    0.00000000    0.00000000
    0.00000000    0.00000000
    0.00000000    0.00000000    0.00000000    0.00000000    0.00000000
    0.00000000    1.00000000
    0.44976600   -0.12567200   -0.33899400    0.00000000    0.00000000
    0.00000000    0.00000000
    0.64757500   -0.24457100   -0.69580600    0.00000000    0.00000000
    0.00000000    0.00000000
    0.00000000    0.00000000    0.00000000    0.00000000    0.00000000
    1.00000000    0.00000000
    0.22902500   -0.19841900   -0.00731500    0.00000000    0.00000000
    0.00000000    0.00000000
    0.00921700    0.03088900    1.11859900    0.00000000    0.00000000
    0.00000000    0.00000000
    0.00113200    0.42393500    0.71725700    0.00000000    0.00000000
    0.00000000    0.00000000
   -0.00036700    0.57694100   -0.86856500    0.00000000    0.00000000
    0.00000000    0.00000000
    0.00009200    0.14832300   -0.46718600    1.00000000    0.00000000
    0.00000000    0.00000000
    0.00000000    0.00000000    0.00000000    0.00000000    1.00000000
    0.00000000    0.00000000

   101.951240    52.309865    27.142574    15.066862     9.693669
     4.985710     3.937167     2.761266     1.417673     0.851456
     0.728201     0.378189     0.189359     0.072301     0.037471
     0.018000

    0.00008800    0.00002800   -0.00013700    0.00000000    0.00000000
    0.00000000    0.00000000
   -0.00074700   -0.00008500    0.00093200    0.00000000    0.00000000
    0.00000000    0.00000000
    0.00713500   -0.00075100   -0.00684500    0.00000000    0.00000000
    0.00000000    0.00000000
   -0.01470200    0.00084400    0.01983100    0.00000000    0.00000000
    0.00000000    0.00000000
   -0.07335300    0.02265600    0.04364700    0.00000000    0.00000000
    0.00000000    0.00000000
    0.01200700   -0.01278100   -0.01928900    0.00000000    0.00000000
    0.00000000    0.00000000
    0.00000000    0.00000000    0.00000000    0.00000000    0.00000000
    0.00000000    1.00000000
    0.28311700   -0.06238600   -0.28118700    0.00000000    0.00000000
    0.00000000    0.00000000
    0.44078600   -0.14358100   -0.37029800    0.00000000    0.00000000
    0.00000000    0.00000000
    0.00000000    0.00000000    0.00000000    0.00000000    0.00000000
    1.00000000    0.00000000
    0.30677500   -0.06228100   -0.19987300    0.00000000    0.00000000
    0.00000000    0.00000000
    0.08180400   -0.05447100    1.02855200    0.00000000    0.00000000
    0.00000000    0.00000000
    0.00883900    0.37713500    0.42371100    0.00000000    0.00000000
    0.00000000    0.00000000
    0.00102200    0.47163300   -0.80092600    0.00000000    0.00000000
    0.00000000    0.00000000
    0.00032500    0.31162400   -0.14191000    1.00000000    0.00000000
    0.00000000    0.00000000
    0.00000000    0.00000000    0.00000000    0.00000000    1.00000000
    0.00000000    0.00000000

   120.683729    42.646591    21.154405     9.708242     4.614990
     2.243726     2.147155     1.086491     0.845872     0.524700
     0.255752     0.121497     0.054339     0.026000

   -0.00000600    0.00001700    0.00000000    0.00000000    0.00000000
    0.00000000
    0.00311100   -0.00357600    0.00000000    0.00000000    0.00000000
    0.00000000
    0.02864100   -0.03147600    0.00000000    0.00000000    0.00000000
    0.00000000
    0.07622200   -0.08758300    0.00000000    0.00000000    0.00000000
    0.00000000
    0.17059500   -0.19574000    0.00000000    0.00000000    0.00000000
    0.00000000
    0.26690800   -0.27013200    0.00000000    0.00000000    0.00000000
    0.00000000
    0.00000000    0.00000000    0.00000000    0.00000000    0.00000000
    1.00000000
    0.31103900   -0.17003400    0.00000000    0.00000000    0.00000000
    0.00000000
    0.00000000    0.00000000    0.00000000    0.00000000    1.00000000
    0.00000000
    0.26731200    0.14341200    0.00000000    0.00000000    0.00000000
    0.00000000
    0.16333600    0.40868700    0.00000000    0.00000000    0.00000000
    0.00000000
    0.06278200    0.37025700    0.00000000    0.00000000    0.00000000
    0.00000000
    0.00787200    0.12311200    1.00000000    0.00000000    0.00000000
    0.00000000
    0.00000000    0.00000000    0.00000000    1.00000000    0.00000000
    0.00000000

     3.530639     1.112997     0.311720

    0.00000000    0.00000000    1.00000000
    0.00000000    1.00000000    0.00000000
    1.00000000    0.00000000    0.00000000

Cr:aug-cc-pCVQZ-ccECP
ccECP aug-cc-pCVQZ for Cr | source recipes/Cr/ccECP/Cr.aug-cc-pCVQZ.gamess | ccECP from A. Annaberdiyev et al. Journal of Chemical Physics 149, 134108 (2018) https://doi.org/10.1063/1.5040472

  6
    0    1    2    3    4    5
    9    9    8    5    4    3
   16   16   14    5    4    3

    73.977737    37.684349    19.278723    12.130763     7.453002
     3.756296     2.404948     2.084137     1.569123     0.993314
     0.483094     0.225854     0.115338     0.052134     0.023679
     0.011000

    0.00086400   -0.00018300   -0.00032700   -0.00069800    0.00298300
    0.00000000    0.00000000    0.00000000    0.00000000
   -0.01159500    0.00270400    0.00530900    0.01020700   -0.02696900
    0.00000000    0.00000000    0.00000000    0.00000000
    0.09046700   -0.02265000   -0.04690500   -0.09126100    0.19930400
    0.00000000    0.00000000    0.00000000    0.00000000
   -0.02483700    0.00718100    0.01541100    0.05220700   -0.25709400
    0.00000000    0.00000000    0.00000000    0.00000000
   -0.33040700    0.08770500    0.19169700    0.34216400   -0.31292400
    0.00000000    0.00000000    0.00000000    0.00000000
   -0.20059800    0.04761600    0.09975900    0.17486600   -0.37282300
    0.00000000    0.00000000    0.00000000    0.00000000
    0.00000000    0.00000000    0.00000000    0.00000000    0.00000000
    0.00000000    0.00000000    0.00000000    1.00000000
    0.44976600   -0.12567200   -0.33899400   -0.99425800    2.61267600
    0.00000000    0.00000000    0.00000000    0.00000000
    0.00000000    0.00000000    0.00000000    0.00000000    0.00000000
    0.00000000    0.00000000    1.00000000    0.00000000
    0.64757500   -0.24457100   -0.69580600   -1.19060400   -1.10831900
    0.00000000    0.00000000    0.00000000    0.00000000
    0.22902500   -0.19841900   -0.00731500    2.27183400   -3.52097300
    0.00000000    0.00000000    0.00000000    0.00000000
    0.00921700    0.03088900    1.11859900    1.00301300    5.38631500
    0.00000000    0.00000000    0.00000000    0.00000000
    0.00113200    0.42393500    0.71725700   -2.60523500   -1.94819200
    0.00000000    0.00000000    0.00000000    0.00000000
   -0.00036700    0.57694100   -0.86856500    0.26515800   -1.98569900
    0.00000000    0.00000000    0.00000000    0.00000000
    0.00009200    0.14832300   -0.46718600    0.90228600    1.70618700
    1.00000000    0.00000000    0.00000000    0.00000000
    0.00000000    0.00000000    0.00000000    0.00000000    0.00000000
    0.00000000    1.00000000    0.00000000    0.00000000

   101.951240    52.309865    27.142574    15.066862     9.693669
     5.834098     4.985710     2.761266     1.704263     1.417673
     0.728201     0.378189     0.189359     0.072301     0.037471
     0.018000

    0.00008800    0.00002800   -0.00013700    0.00002700    0.00053400
    0.00000000    0.00000000    0.00000000    0.00000000
   -0.00074700   -0.00008500    0.00093200    0.00018000   -0.00333900
    0.00000000    0.00000000    0.00000000    0.00000000
    0.00713500   -0.00075100   -0.00684500   -0.00574200    0.01766200
    0.00000000    0.00000000    0.00000000    0.00000000
   -0.01470200    0.00084400    0.01983100    0.02041900   -0.08424900
    0.00000000    0.00000000    0.00000000    0.00000000
   -0.07335300    0.02265600    0.04364700    0.10052700   -0.08077700
    0.00000000    0.00000000    0.00000000    0.00000000
    0.00000000    0.00000000    0.00000000    0.00000000    0.00000000
    0.00000000    0.00000000    0.00000000    1.00000000
    0.01200700   -0.01278100   -0.01928900   -0.10060800    0.27239200
    0.00000000    0.00000000    0.00000000    0.00000000
    0.28311700   -0.06238600   -0.28118700   -0.60774600    1.31045500
    0.00000000    0.00000000    0.00000000    0.00000000
    0.00000000    0.00000000    0.00000000    0.00000000    0.00000000
    0.00000000    0.00000000    1.00000000    0.00000000
    0.44078600   -0.14358100   -0.37029800   -0.60170500   -1.06179300
    0.00000000    0.00000000    0.00000000    0.00000000
    0.30677500   -0.06228100   -0.19987300    1.45090500   -2.37680500
    0.00000000    0.00000000    0.00000000    0.00000000
    0.08180400   -0.05447100    1.02855200    0.67229900    4.47731700
    0.00000000    0.00000000    0.00000000    0.00000000
    0.00883900    0.37713500    0.42371100   -1.90482300   -2.79579800
    0.00000000    0.00000000    0.00000000    0.00000000
    0.00102200    0.47163300   -0.80092600    0.66581400    0.20300800
    0.00000000    0.00000000    0.00000000    0.00000000
    0.00032500    0.31162400   -0.14191000    0.34852200    0.57055500
    1.00000000    0.00000000    0.00000000    0.00000000
    0.00000000    0.00000000    0.00000000    0.00000000    0.00000000
    0.00000000    1.00000000    0.00000000    0.00000000

   120.683729    42.646591    21.154405     9.708242     4.614990
     3.320540     2.459131     2.243726     1.086491     0.524700
     0.255752     0.121497     0.054339     0.026000

   -0.00000600    0.00001700    0.00004000    0.00011900    0.00000000
    0.00000000    0.00000000    0.00000000
    0.00311100   -0.00357600   -0.00518100   -0.00795400    0.00000000
    0.00000000    0.00000000    0.00000000
    0.02864100   -0.03147600   -0.04339300   -0.06042500    0.00000000
    0.00000000    0.00000000    0.00000000
    0.07622200   -0.08758300   -0.12773400   -0.19681000    0.00000000
    0.00000000    0.00000000    0.00000000
    0.17059500   -0.19574000   -0.28207000   -0.40138900    0.00000000
    0.00000000    0.00000000    0.00000000
    0.00000000    0.00000000    0.00000000    0.00000000    0.00000000
    0.00000000    0.00000000    1.00000000
    0.00000000    0.00000000    0.00000000    0.00000000    0.00000000
    0.00000000    1.00000000    0.00000000
    0.26690800   -0.27013200   -0.28839000   -0.07218600    0.00000000
    0.00000000    0.00000000    0.00000000
    0.31103900   -0.17003400    0.16826900    0.94089500    0.00000000
    0.00000000    0.00000000    0.00000000
    0.26731200    0.14341200    0.67306200    0.03586300    0.00000000
    0.00000000    0.00000000    0.00000000
    0.16333600    0.40868700    0.09919600   -1.15352900    0.00000000
    0.00000000    0.00000000    0.00000000
    0.06278200    0.37025700   -0.57061200    0.43219200    0.00000000
    0.00000000    0.00000000    0.00000000
    0.00787200    0.12311200   -0.29719700    0.48316100    1.00000000
    0.00000000    0.00000000    0.00000000
    0.00000000    0.00000000    0.00000000    0.00000000    0.00000000
    1.00000000    0.00000000    0.00000000

     3.939379     2.544401     1.160895     0.342104     0.100815

    0.00000000    0.00000000    0.00000000    1.00000000    0.00000000
    0.00000000    0.00000000    0.00000000    0.00000000    1.00000000
    0.00000000    0.00000000    1.00000000    0.00000000    0.00000000
    0.00000000    1.00000000    0.00000000    0.00000000    0.00000000
    1.00000000    0.00000000    0.00000000    0.00000000    0.00000000

     5.007964     2.693396     0.715513     0.190079

    0.00000000    0.00000000    0.00000000    1.00000000
    0.00000000    0.00000000    1.00000000    0.00000000
    0.00000000    1.00000000    0.00000000    0.00000000
    1.00000000    0.00000000    0.00000000    0.00000000

     4.457403     1.706513     0.590356

    0.00000000    0.00000000    1.00000000
    0.00000000    1.00000000    0.00000000
    1.00000000    0.00000000    0.00000000

Cr:aug-cc-pCVTZ-ccECP
ccECP aug-cc-pCVTZ for Cr | source recipes/Cr/ccECP/Cr.aug-cc-pCVTZ.gamess | ccECP from A. Annaberdiyev et al. Journal of Chemical Physics 149, 134108 (2018) https://doi.org/10.1063/1.5040472

  5
    0    1    2    3    4
    8    8    7    4    3
   16   16   14    4    3

    73.977737    37.684349    19.278723    12.130763     7.453002
     3.756296     2.833892     2.084137     1.024744     0.993314
     0.483094     0.225854     0.115338     0.052134     0.023679
     0.011000

    0.00086400   -0.00018300   -0.00032700   -0.00069800    0.00000000
    0.00000000    0.00000000    0.00000000
   -0.01159500    0.00270400    0.00530900    0.01020700    0.00000000
    0.00000000    0.00000000    0.00000000
    0.09046700   -0.02265000   -0.04690500   -0.09126100    0.00000000
    0.00000000    0.00000000    0.00000000
   -0.02483700    0.00718100    0.01541100    0.05220700    0.00000000
    0.00000000    0.00000000    0.00000000
   -0.33040700    0.08770500    0.19169700    0.34216400    0.00000000
    0.00000000    0.00000000    0.00000000
   -0.20059800    0.04761600    0.09975900    0.17486600    0.00000000
    0.00000000    0.00000000    0.00000000
    0.00000000    0.00000000    0.00000000    0.00000000    0.00000000
    0.00000000    0.00000000    1.00000000
    0.44976600   -0.12567200   -0.33899400   -0.99425800    0.00000000
    0.00000000    0.00000000    0.00000000
    0.00000000    0.00000000    0.00000000    0.00000000    0.00000000
    0.00000000    1.00000000    0.00000000
    0.64757500   -0.24457100   -0.69580600   -1.19060400    0.00000000
    0.00000000    0.00000000    0.00000000
    0.22902500   -0.19841900   -0.00731500    2.27183400    0.00000000
    0.00000000    0.00000000    0.00000000
    0.00921700    0.03088900    1.11859900    1.00301300    0.00000000
    0.00000000    0.00000000    0.00000000
    0.00113200    0.42393500    0.71725700   -2.60523500    0.00000000
    0.00000000    0.00000000    0.00000000
   -0.00036700    0.57694100   -0.86856500    0.26515800    0.00000000
    0.00000000    0.00000000    0.00000000
    0.00009200    0.14832300   -0.46718600    0.90228600    1.00000000
    0.00000000    0.00000000    0.00000000
    0.00000000    0.00000000    0.00000000    0.00000000    0.00000000
    1.00000000    0.00000000    0.00000000

   101.951240    52.309865    27.142574    15.066862     9.693669
     4.985710     4.766939     2.761266     1.417673     1.196915
     0.728201     0.378189     0.189359     0.072301     0.037471
     0.018000

    0.00008800    0.00002800   -0.00013700    0.00002700    0.00000000
    0.00000000    0.00000000    0.00000000
   -0.00074700   -0.00008500    0.00093200    0.00018000    0.00000000
    0.00000000    0.00000000    0.00000000
    0.00713500   -0.00075100   -0.00684500   -0.00574200    0.00000000
    0.00000000    0.00000000    0.00000000
   -0.01470200    0.00084400    0.01983100    0.02041900    0.00000000
    0.00000000    0.00000000    0.00000000
   -0.07335300    0.02265600    0.04364700    0.10052700    0.00000000
    0.00000000    0.00000000    0.00000000
    0.01200700   -0.01278100   -0.01928900   -0.10060800    0.00000000
    0.00000000    0.00000000    0.00000000
    0.00000000    0.00000000    0.00000000    0.00000000    0.00000000
    0.00000000    0.00000000    1.00000000
    0.28311700   -0.06238600   -0.28118700   -0.60774600    0.00000000
    0.00000000    0.00000000    0.00000000
    0.44078600   -0.14358100   -0.37029800   -0.60170500    0.00000000
    0.00000000    0.00000000    0.00000000
    0.00000000    0.00000000    0.00000000    0.00000000    0.00000000
    0.00000000    1.00000000    0.00000000
    0.30677500   -0.06228100   -0.19987300    1.45090500    0.00000000
    0.00000000    0.00000000    0.00000000
    0.08180400   -0.05447100    1.02855200    0.67229900    0.00000000
    0.00000000    0.00000000    0.00000000
    0.00883900    0.37713500    0.42371100   -1.90482300    0.00000000
    0.00000000    0.00000000    0.00000000
    0.00102200    0.47163300   -0.80092600    0.66581400    0.00000000
    0.00000000    0.00000000    0.00000000
    0.00032500    0.31162400   -0.14191000    0.34852200    1.00000000
    0.00000000    0.00000000    0.00000000
    0.00000000    0.00000000    0.00000000    0.00000000    0.00000000
    1.00000000    0.00000000    0.00000000

   120.683729    42.646591    21.154405     9.708242     4.614990
     2.942314     2.243726     1.632674     1.086491     0.524700
     0.255752     0.121497     0.054339     0.026000

   -0.00000600    0.00001700    0.00004000    0.00000000    0.00000000
    0.00000000    0.00000000
    0.00311100   -0.00357600   -0.00518100    0.00000000    0.00000000
    0.00000000    0.00000000
    0.02864100   -0.03147600   -0.04339300    0.00000000    0.00000000
    0.00000000    0.00000000
    0.07622200   -0.08758300   -0.12773400    0.00000000    0.00000000
    0.00000000    0.00000000
    0.17059500   -0.19574000   -0.28207000    0.00000000    0.00000000
    0.00000000    0.00000000
    0.00000000    0.00000000    0.00000000    0.00000000    0.00000000
    0.00000000    1.00000000
    0.26690800   -0.27013200   -0.28839000    0.00000000    0.00000000
    0.00000000    0.00000000
    0.00000000    0.00000000    0.00000000    0.00000000    0.00000000
    1.00000000    0.00000000
    0.31103900   -0.17003400    0.16826900    0.00000000    0.00000000
    0.00000000    0.00000000
    0.26731200    0.14341200    0.67306200    0.00000000    0.00000000
    0.00000000    0.00000000
    0.16333600    0.40868700    0.09919600    0.00000000    0.00000000
    0.00000000    0.00000000
    0.06278200    0.37025700   -0.57061200    0.00000000    0.00000000
    0.00000000    0.00000000
    0.00787200    0.12311200   -0.29719700    1.00000000    0.00000000
    0.00000000    0.00000000
    0.00000000    0.00000000    0.00000000    0.00000000    1.00000000
    0.00000000    0.00000000

     5.326814     2.345290     0.558910     0.133195

    0.00000000    0.00000000    0.00000000    1.00000000
    0.00000000    0.00000000    1.00000000    0.00000000
    0.00000000    1.00000000    0.00000000    0.00000000
    1.00000000    0.00000000    0.00000000    0.00000000

     3.919920     1.422099     0.436321

    0.00000000    0.00000000    1.00000000
    0.00000000    1.00000000    0.00000000
    1.00000000    0.00000000    0.00000000

Cr:aug-cc-pV5Z-ccECP
ccECP aug-cc-pV5Z for Cr | source recipes/Cr/ccECP/Cr.aug-cc-pV5Z.gamess | ccECP from A. Annaberdiyev et al. Journal of Chemical Physics 149, 134108 (2018) https://doi.org/10.1063/1.5040472

  7
    0    1    2    3    4    5    6
    8    8    7    5    4    3    2
   14   14   12    5    4    3    2

    73.977737    37.684349    19.278723    12.130763     7.453002
     3.756296     2.084137     0.993314     0.483094     0.225854
     0.115338     0.052134     0.023679     0.011000

    0.00086400   -0.00018300   -0.00032700   -0.00069800    0.00298300
   -0.00503000    0.00000000    0.00000000
   -0.01159500    0.00270400    0.00530900    0.01020700   -0.02696900
    0.04329800    0.00000000    0.00000000
    0.09046700   -0.02265000   -0.04690500   -0.09126100    0.19930400
   -0.31895300    0.00000000    0.00000000
   -0.02483700    0.00718100    0.01541100    0.05220700   -0.25709400
    0.46095400    0.00000000    0.00000000
   -0.33040700    0.08770500    0.19169700    0.34216400   -0.31292400
    0.49760800    0.00000000    0.00000000
   -0.20059800    0.04761600    0.09975900    0.17486600   -0.37282300
   -0.04452100    0.00000000    0.00000000
    0.44976600   -0.12567200   -0.33899400   -0.99425800    2.61267600
   -4.50396700    0.00000000    0.00000000
    0.64757500   -0.24457100   -0.69580600   -1.19060400   -1.10831900
    8.00572300    0.00000000    0.00000000
    0.22902500   -0.19841900   -0.00731500    2.27183400   -3.52097300
   -5.85396000    0.00000000    0.00000000
    0.00921700    0.03088900    1.11859900    1.00301300    5.38631500
   -0.58924700    0.00000000    0.00000000
    0.00113200    0.42393500    0.71725700   -2.60523500   -1.94819200
    5.46040600    0.00000000    0.00000000
   -0.00036700    0.57694100   -0.86856500    0.26515800   -1.98569900
   -5.53660500    0.00000000    0.00000000
    0.00009200    0.14832300   -0.46718600    0.90228600    1.70618700
    2.40098000    1.00000000    0.00000000
    0.00000000    0.00000000    0.00000000    0.00000000    0.00000000
    0.00000000    0.00000000    1.00000000

   101.951240    52.309865    27.142574    15.066862     9.693669
     4.985710     2.761266     1.417673     0.728201     0.378189
     0.189359     0.072301     0.037471     0.018000

    0.00008800    0.00002800   -0.00013700    0.00002700    0.00053400
    0.00317100    0.00000000    0.00000000
   -0.00074700   -0.00008500    0.00093200    0.00018000   -0.00333900
   -0.01768100    0.00000000    0.00000000
    0.00713500   -0.00075100   -0.00684500   -0.00574200    0.01766200
    0.06746800    0.00000000    0.00000000
   -0.01470200    0.00084400    0.01983100    0.02041900   -0.08424900
   -0.29076600    0.00000000    0.00000000
   -0.07335300    0.02265600    0.04364700    0.10052700   -0.08077700
    0.17750700    0.00000000    0.00000000
    0.01200700   -0.01278100   -0.01928900   -0.10060800    0.27239200
    0.43340900    0.00000000    0.00000000
    0.28311700   -0.06238600   -0.28118700   -0.60774600    1.31045500
    2.00710400    0.00000000    0.00000000
    0.44078600   -0.14358100   -0.37029800   -0.60170500   -1.06179300
   -6.01948100    0.00000000    0.00000000
    0.30677500   -0.06228100   -0.19987300    1.45090500   -2.37680500
    7.25807400    0.00000000    0.00000000
    0.08180400   -0.05447100    1.02855200    0.67229900    4.47731700
   -4.55824500    0.00000000    0.00000000
    0.00883900    0.37713500    0.42371100   -1.90482300   -2.79579800
    0.80240900    0.00000000    0.00000000
    0.00102200    0.47163300   -0.80092600    0.66581400    0.20300800
    1.46140600    0.00000000    0.00000000
    0.00032500    0.31162400   -0.14191000    0.34852200    0.57055500
   -1.30932300    1.00000000    0.00000000
    0.00000000    0.00000000    0.00000000    0.00000000    0.00000000
    0.00000000    0.00000000    1.00000000

   120.683729    42.646591    21.154405     9.708242     4.614990
     2.243726     1.086491     0.524700     0.255752     0.121497
     0.054339     0.026000

   -0.00000600    0.00001700    0.00004000    0.00011900   -0.00005500
    0.00000000    0.00000000
    0.00311100   -0.00357600   -0.00518100   -0.00795400    0.00855300
    0.00000000    0.00000000
    0.02864100   -0.03147600   -0.04339300   -0.06042500    0.07058300
    0.00000000    0.00000000
    0.07622200   -0.08758300   -0.12773400   -0.19681000    0.23887900
    0.00000000    0.00000000
    0.17059500   -0.19574000   -0.28207000   -0.40138900    0.46015900
    0.00000000    0.00000000
    0.26690800   -0.27013200   -0.28839000   -0.07218600   -0.56480100
    0.00000000    0.00000000
    0.31103900   -0.17003400    0.16826900    0.94089500   -0.95714200
    0.00000000    0.00000000
    0.26731200    0.14341200    0.67306200    0.03586300    2.02722100
    0.00000000    0.00000000
    0.16333600    0.40868700    0.09919600   -1.15352900   -1.08791800
    0.00000000    0.00000000
    0.06278200    0.37025700   -0.57061200    0.43219200   -0.60621300
    0.00000000    0.00000000
    0.00787200    0.12311200   -0.29719700    0.48316100    0.92580400
    1.00000000    0.00000000
    0.00000000    0.00000000    0.00000000    0.00000000    0.00000000
    0.00000000    1.00000000

     5.917263     2.036722     0.701040     0.241298     0.083055

    0.00000000    0.00000000    0.00000000    0.00000000    1.00000000
    0.00000000    0.00000000    0.00000000    1.00000000    0.00000000
    0.00000000    0.00000000    1.00000000    0.00000000    0.00000000
    0.00000000    1.00000000    0.00000000    0.00000000    0.00000000
    1.00000000    0.00000000    0.00000000    0.00000000    0.00000000

     4.230847     1.385784     0.453904     0.148673

    0.00000000    0.00000000    0.00000000    1.00000000
    0.00000000    0.00000000    1.00000000    0.00000000
    0.00000000    1.00000000    0.00000000    0.00000000
    1.00000000    0.00000000    0.00000000    0.00000000

     3.101020     0.908139     0.265950

    0.00000000    0.00000000    1.00000000
    0.00000000    1.00000000    0.00000000
    1.00000000    0.00000000    0.00000000

     2.215288     0.795554

    0.00000000    1.00000000
    1.00000000    0.00000000

Cr:aug-cc-pVDZ-ccECP
ccECP aug-cc-pVDZ for Cr | source recipes/Cr/ccECP/Cr.aug-cc-pVDZ.gamess | ccECP from A. Annaberdiyev et al. Journal of Chemical Physics 149, 134108 (2018) https://doi.org/10.1063/1.5040472

  4
    0    1    2    3
    5    5    4    2
   14   14   12    2

    73.977737    37.684349    19.278723    12.130763     7.453002
     3.756296     2.084137     0.993314     0.483094     0.225854
     0.115338     0.052134     0.023679     0.011000

    0.00086400   -0.00018300   -0.00032700    0.00000000    0.00000000
   -0.01159500    0.00270400    0.00530900    0.00000000    0.00000000
    0.09046700   -0.02265000   -0.04690500    0.00000000    0.00000000
   -0.02483700    0.00718100    0.01541100    0.00000000    0.00000000
   -0.33040700    0.08770500    0.19169700    0.00000000    0.00000000
   -0.20059800    0.04761600    0.09975900    0.00000000    0.00000000
    0.44976600   -0.12567200   -0.33899400    0.00000000    0.00000000
    0.64757500   -0.24457100   -0.69580600    0.00000000    0.00000000
    0.22902500   -0.19841900   -0.00731500    0.00000000    0.00000000
    0.00921700    0.03088900    1.11859900    0.00000000    0.00000000
    0.00113200    0.42393500    0.71725700    0.00000000    0.00000000
   -0.00036700    0.57694100   -0.86856500    0.00000000    0.00000000
    0.00009200    0.14832300   -0.46718600    1.00000000    0.00000000
    0.00000000    0.00000000    0.00000000    0.00000000    1.00000000

   101.951240    52.309865    27.142574    15.066862     9.693669
     4.985710     2.761266     1.417673     0.728201     0.378189
     0.189359     0.072301     0.037471     0.018000

    0.00008800    0.00002800   -0.00013700    0.00000000    0.00000000
   -0.00074700   -0.00008500    0.00093200    0.00000000    0.00000000
    0.00713500   -0.00075100   -0.00684500    0.00000000    0.00000000
   -0.01470200    0.00084400    0.01983100    0.00000000    0.00000000
   -0.07335300    0.02265600    0.04364700    0.00000000    0.00000000
    0.01200700   -0.01278100   -0.01928900    0.00000000    0.00000000
    0.28311700   -0.06238600   -0.28118700    0.00000000    0.00000000
    0.44078600   -0.14358100   -0.37029800    0.00000000    0.00000000
    0.30677500   -0.06228100   -0.19987300    0.00000000    0.00000000
    0.08180400   -0.05447100    1.02855200    0.00000000    0.00000000
    0.00883900    0.37713500    0.42371100    0.00000000    0.00000000
    0.00102200    0.47163300   -0.80092600    0.00000000    0.00000000
    0.00032500    0.31162400   -0.14191000    1.00000000    0.00000000
    0.00000000    0.00000000    0.00000000    0.00000000    1.00000000

   120.683729    42.646591    21.154405     9.708242     4.614990
     2.243726     1.086491     0.524700     0.255752     0.121497
     0.054339     0.026000

   -0.00000600    0.00001700    0.00000000    0.00000000
    0.00311100   -0.00357600    0.00000000    0.00000000
    0.02864100   -0.03147600    0.00000000    0.00000000
    0.07622200   -0.08758300    0.00000000    0.00000000
    0.17059500   -0.19574000    0.00000000    0.00000000
    0.26690800   -0.27013200    0.00000000    0.00000000
    0.31103900   -0.17003400    0.00000000    0.00000000
    0.26731200    0.14341200    0.00000000    0.00000000
    0.16333600    0.40868700    0.00000000    0.00000000
    0.06278200    0.37025700    0.00000000    0.00000000
    0.00787200    0.12311200    1.00000000    0.00000000
    0.00000000    0.00000000    0.00000000    1.00000000

     1.112997     0.311720

    0.00000000    1.00000000
    1.00000000    0.00000000

Cr:aug-cc-pVQZ-ccECP
ccECP aug-cc-pVQZ for Cr | source recipes/Cr/ccECP/Cr.aug-cc-pVQZ.gamess | ccECP from A. Annaberdiyev et al. Journal of Chemical Physics 149, 134108 (2018) https://doi.org/10.1063/1.5040472

  6
    0    1    2    3    4    5
    7    7    6    4    3    2
   14   14   12    4    3    2

    73.977737    37.684349    19.278723    12.130763     7.453002
     3.756296     2.084137     0.993314     0.483094     0.225854
     0.115338     0.052134     0.023679     0.011000

    0.00086400   -0.00018300   -0.00032700   -0.00069800    0.00298300
    0.00000000    0.00000000
   -0.01159500    0.00270400    0.00530900    0.01020700   -0.02696900
    0.00000000    0.00000000
    0.09046700   -0.02265000   -0.04690500   -0.09126100    0.19930400
    0.00000000    0.00000000
   -0.02483700    0.00718100    0.01541100    0.05220700   -0.25709400
    0.00000000    0.00000000
   -0.33040700    0.08770500    0.19169700    0.34216400   -0.31292400
    0.00000000    0.00000000
   -0.20059800    0.04761600    0.09975900    0.17486600   -0.37282300
    0.00000000    0.00000000
    0.44976600   -0.12567200   -0.33899400   -0.99425800    2.61267600
    0.00000000    0.00000000
    0.64757500   -0.24457100   -0.69580600   -1.19060400   -1.10831900
    0.00000000    0.00000000
    0.22902500   -0.19841900   -0.00731500    2.27183400   -3.52097300
    0.00000000    0.00000000
    0.00921700    0.03088900    1.11859900    1.00301300    5.38631500
    0.00000000    0.00000000
    0.00113200    0.42393500    0.71725700   -2.60523500   -1.94819200
    0.00000000    0.00000000
   -0.00036700    0.57694100   -0.86856500    0.26515800   -1.98569900
    0.00000000    0.00000000
    0.00009200    0.14832300   -0.46718600    0.90228600    1.70618700
    1.00000000    0.00000000
    0.00000000    0.00000000    0.00000000    0.00000000    0.00000000
    0.00000000    1.00000000

   101.951240    52.309865    27.142574    15.066862     9.693669
     4.985710     2.761266     1.417673     0.728201     0.378189
     0.189359     0.072301     0.037471     0.018000

    0.00008800    0.00002800   -0.00013700    0.00002700    0.00053400
    0.00000000    0.00000000
   -0.00074700   -0.00008500    0.00093200    0.00018000   -0.00333900
    0.00000000    0.00000000
    0.00713500   -0.00075100   -0.00684500   -0.00574200    0.01766200
    0.00000000    0.00000000
   -0.01470200    0.00084400    0.01983100    0.02041900   -0.08424900
    0.00000000    0.00000000
   -0.07335300    0.02265600    0.04364700    0.10052700   -0.08077700
    0.00000000    0.00000000
    0.01200700   -0.01278100   -0.01928900   -0.10060800    0.27239200
    0.00000000    0.00000000
    0.28311700   -0.06238600   -0.28118700   -0.60774600    1.31045500
    0.00000000    0.00000000
    0.44078600   -0.14358100   -0.37029800   -0.60170500   -1.06179300
    0.00000000    0.00000000
    0.30677500   -0.06228100   -0.19987300    1.45090500   -2.37680500
    0.00000000    0.00000000
    0.08180400   -0.05447100    1.02855200    0.67229900    4.47731700
    0.00000000    0.00000000
    0.00883900    0.37713500    0.42371100   -1.90482300   -2.79579800
    0.00000000    0.00000000
    0.00102200    0.47163300   -0.80092600    0.66581400    0.20300800
    0.00000000    0.00000000
    0.00032500    0.31162400   -0.14191000    0.34852200    0.57055500
    1.00000000    0.00000000
    0.00000000    0.00000000    0.00000000    0.00000000    0.00000000
    0.00000000    1.00000000

   120.683729    42.646591    21.154405     9.708242     4.614990
     2.243726     1.086491     0.524700     0.255752     0.121497
     0.054339     0.026000

   -0.00000600    0.00001700    0.00004000    0.00011900    0.00000000
    0.00000000
    0.00311100   -0.00357600   -0.00518100   -0.00795400    0.00000000
    0.00000000
    0.02864100   -0.03147600   -0.04339300   -0.06042500    0.00000000
    0.00000000
    0.07622200   -0.08758300   -0.12773400   -0.19681000    0.00000000
    0.00000000
    0.17059500   -0.19574000   -0.28207000   -0.40138900    0.00000000
    0.00000000
    0.26690800   -0.27013200   -0.28839000   -0.07218600    0.00000000
    0.00000000
    0.31103900   -0.17003400    0.16826900    0.94089500    0.00000000
    0.00000000
    0.26731200    0.14341200    0.67306200    0.03586300    0.00000000
    0.00000000
    0.16333600    0.40868700    0.09919600   -1.15352900    0.00000000
    0.00000000
    0.06278200    0.37025700   -0.57061200    0.43219200    0.00000000
    0.00000000
    0.00787200    0.12311200   -0.29719700    0.48316100    1.00000000
    0.00000000
    0.00000000    0.00000000    0.00000000    0.00000000    0.00000000
    1.00000000

     3.939379     1.160895     0.342104     0.100815

    0.00000000    0.00000000    0.00000000    1.00000000
    0.00000000    0.00000000    1.00000000    0.00000000
    0.00000000    1.00000000    0.00000000    0.00000000
    1.00000000    0.00000000    0.00000000    0.00000000

     2.693396     0.715513     0.190079

    0.00000000    0.00000000    1.00000000
    0.00000000    1.00000000    0.00000000
    1.00000000    0.00000000    0.00000000

     1.706513     0.590356

    0.00000000    1.00000000
    1.00000000    0.00000000

Cr:aug-cc-pVTZ-ccECP
ccECP aug-cc-pVTZ for Cr | source recipes/Cr/ccECP/Cr.aug-cc-pVTZ.gamess | ccECP from A. Annaberdiyev et al. Journal of Chemical Physics 149, 134108 (2018) https://doi.org/10.1063/1.5040472

  5
    0    1    2    3    4
    6    6    5    3    2
   14   14   12    3    2

    73.977737    37.684349    19.278723    12.130763     7.453002
     3.756296     2.084137     0.993314     0.483094     0.225854
     0.115338     0.052134     0.023679     0.011000

    0.00086400   -0.00018300   -0.00032700   -0.00069800    0.00000000
    0.00000000
   -0.01159500    0.00270400    0.00530900    0.01020700    0.00000000
    0.00000000
    0.09046700   -0.02265000   -0.04690500   -0.09126100    0.00000000
    0.00000000
   -0.02483700    0.00718100    0.01541100    0.05220700    0.00000000
    0.00000000
   -0.33040700    0.08770500    0.19169700    0.34216400    0.00000000
    0.00000000
   -0.20059800    0.04761600    0.09975900    0.17486600    0.00000000
    0.00000000
    0.44976600   -0.12567200   -0.33899400   -0.99425800    0.00000000
    0.00000000
    0.64757500   -0.24457100   -0.69580600   -1.19060400    0.00000000
    0.00000000
    0.22902500   -0.19841900   -0.00731500    2.27183400    0.00000000
    0.00000000
    0.00921700    0.03088900    1.11859900    1.00301300    0.00000000
    0.00000000
    0.00113200    0.42393500    0.71725700   -2.60523500    0.00000000
    0.00000000
   -0.00036700    0.57694100   -0.86856500    0.26515800    0.00000000
    0.00000000
    0.00009200    0.14832300   -0.46718600    0.90228600    1.00000000
    0.00000000
    0.00000000    0.00000000    0.00000000    0.00000000    0.00000000
    1.00000000

   101.951240    52.309865    27.142574    15.066862     9.693669
     4.985710     2.761266     1.417673     0.728201     0.378189
     0.189359     0.072301     0.037471     0.018000

    0.00008800    0.00002800   -0.00013700    0.00002700    0.00000000
    0.00000000
   -0.00074700   -0.00008500    0.00093200    0.00018000    0.00000000
    0.00000000
    0.00713500   -0.00075100   -0.00684500   -0.00574200    0.00000000
    0.00000000
   -0.01470200    0.00084400    0.01983100    0.02041900    0.00000000
    0.00000000
   -0.07335300    0.02265600    0.04364700    0.10052700    0.00000000
    0.00000000
    0.01200700   -0.01278100   -0.01928900   -0.10060800    0.00000000
    0.00000000
    0.28311700   -0.06238600   -0.28118700   -0.60774600    0.00000000
    0.00000000
    0.44078600   -0.14358100   -0.37029800   -0.60170500    0.00000000
    0.00000000
    0.30677500   -0.06228100   -0.19987300    1.45090500    0.00000000
    0.00000000
    0.08180400   -0.05447100    1.02855200    0.67229900    0.00000000
    0.00000000
    0.00883900    0.37713500    0.42371100   -1.90482300    0.00000000
    0.00000000
    0.00102200    0.47163300   -0.80092600    0.66581400    0.00000000
    0.00000000
    0.00032500    0.31162400   -0.14191000    0.34852200    1.00000000
    0.00000000
    0.00000000    0.00000000    0.00000000    0.00000000    0.00000000
    1.00000000

   120.683729    42.646591    21.154405     9.708242     4.614990
     2.243726     1.086491     0.524700     0.255752     0.121497
     0.054339     0.026000

   -0.00000600    0.00001700    0.00004000    0.00000000    0.00000000
    0.00311100   -0.00357600   -0.00518100    0.00000000    0.00000000
    0.02864100   -0.03147600   -0.04339300    0.00000000    0.00000000
    0.07622200   -0.08758300   -0.12773400    0.00000000    0.00000000
    0.17059500   -0.19574000   -0.28207000    0.00000000    0.00000000
    0.26690800   -0.27013200   -0.28839000    0.00000000    0.00000000
    0.31103900   -0.17003400    0.16826900    0.00000000    0.00000000
    0.26731200    0.14341200    0.67306200    0.00000000    0.00000000
    0.16333600    0.40868700    0.09919600    0.00000000    0.00000000
    0.06278200    0.37025700   -0.57061200    0.00000000    0.00000000
    0.00787200    0.12311200   -0.29719700    1.00000000    0.00000000
    0.00000000    0.00000000    0.00000000    0.00000000    1.00000000

     2.345290     0.558910     0.133195

    0.00000000    0.00000000    1.00000000
    0.00000000    1.00000000    0.00000000
    1.00000000    0.00000000    0.00000000

     1.422099     0.436321

    0.00000000    1.00000000
    1.00000000    0.00000000

Cr:cc-pCV5Z-ccECP
ccECP cc-pCV5Z for Cr | source recipes/Cr/ccECP/Cr.cc-pCV5Z.gamess | ccECP from A. Annaberdiyev et al. Journal of Chemical Physics 149, 134108 (2018) https://doi.org/10.1063/1.5040472

  7
    0    1    2    3    4    5    6
    9    9    8    5    4    3    2
   15   15   13    5    4    3    2

    73.977737    37.684349    19.278723    12.130763     7.453002
     3.756296     2.932133     2.608286     2.084137     0.993314
     0.483094     0.225854     0.115338     0.052134     0.023679

    0.00086400   -0.00018300   -0.00032700   -0.00069800    0.00298300
   -0.00503000    0.00000000    0.00000000    0.00000000
   -0.01159500    0.00270400    0.00530900    0.01020700   -0.02696900
    0.04329800    0.00000000    0.00000000    0.00000000
    0.09046700   -0.02265000   -0.04690500   -0.09126100    0.19930400
   -0.31895300    0.00000000    0.00000000    0.00000000
   -0.02483700    0.00718100    0.01541100    0.05220700   -0.25709400
    0.46095400    0.00000000    0.00000000    0.00000000
   -0.33040700    0.08770500    0.19169700    0.34216400   -0.31292400
    0.49760800    0.00000000    0.00000000    0.00000000
   -0.20059800    0.04761600    0.09975900    0.17486600   -0.37282300
   -0.04452100    0.00000000    0.00000000    0.00000000
    0.00000000    0.00000000    0.00000000    0.00000000    0.00000000
    0.00000000    0.00000000    0.00000000    1.00000000
    0.00000000    0.00000000    0.00000000    0.00000000    0.00000000
    0.00000000    0.00000000    1.00000000    0.00000000
    0.44976600   -0.12567200   -0.33899400   -0.99425800    2.61267600
   -4.50396700    0.00000000    0.00000000    0.00000000
    0.64757500   -0.24457100   -0.69580600   -1.19060400   -1.10831900
    8.00572300    0.00000000    0.00000000    0.00000000
    0.22902500   -0.19841900   -0.00731500    2.27183400   -3.52097300
   -5.85396000    0.00000000    0.00000000    0.00000000
    0.00921700    0.03088900    1.11859900    1.00301300    5.38631500
   -0.58924700    0.00000000    0.00000000    0.00000000
    0.00113200    0.42393500    0.71725700   -2.60523500   -1.94819200
    5.46040600    0.00000000    0.00000000    0.00000000
   -0.00036700    0.57694100   -0.86856500    0.26515800   -1.98569900
   -5.53660500    0.00000000    0.00000000    0.00000000
    0.00009200    0.14832300   -0.46718600    0.90228600    1.70618700
    2.40098000    1.00000000    0.00000000    0.00000000

   101.951240    52.309865    27.142574    15.066862     9.693669
     6.564440     4.985710     2.761266     2.454580     1.417673
     0.728201     0.378189     0.189359     0.072301     0.037471

    0.00008800    0.00002800   -0.00013700    0.00002700    0.00053400
    0.00317100    0.00000000    0.00000000    0.00000000
   -0.00074700   -0.00008500    0.00093200    0.00018000   -0.00333900
   -0.01768100    0.00000000    0.00000000    0.00000000
    0.00713500   -0.00075100   -0.00684500   -0.00574200    0.01766200
    0.06746800    0.00000000    0.00000000    0.00000000
   -0.01470200    0.00084400    0.01983100    0.02041900   -0.08424900
   -0.29076600    0.00000000    0.00000000    0.00000000
   -0.07335300    0.02265600    0.04364700    0.10052700   -0.08077700
    0.17750700    0.00000000    0.00000000    0.00000000
    0.00000000    0.00000000    0.00000000    0.00000000    0.00000000
    0.00000000    0.00000000    0.00000000    1.00000000
    0.01200700   -0.01278100   -0.01928900   -0.10060800    0.27239200
    0.43340900    0.00000000    0.00000000    0.00000000
    0.28311700   -0.06238600   -0.28118700   -0.60774600    1.31045500
    2.00710400    0.00000000    0.00000000    0.00000000
    0.00000000    0.00000000    0.00000000    0.00000000    0.00000000
    0.00000000    0.00000000    1.00000000    0.00000000
    0.44078600   -0.14358100   -0.37029800   -0.60170500   -1.06179300
   -6.01948100    0.00000000    0.00000000    0.00000000
    0.30677500   -0.06228100   -0.19987300    1.45090500   -2.37680500
    7.25807400    0.00000000    0.00000000    0.00000000
    0.08180400   -0.05447100    1.02855200    0.67229900    4.47731700
   -4.55824500    0.00000000    0.00000000    0.00000000
    0.00883900    0.37713500    0.42371100   -1.90482300   -2.79579800
    0.80240900    0.00000000    0.00000000    0.00000000
    0.00102200    0.47163300   -0.80092600    0.66581400    0.20300800
    1.46140600    0.00000000    0.00000000    0.00000000
    0.00032500    0.31162400   -0.14191000    0.34852200    0.57055500
   -1.30932300    1.00000000    0.00000000    0.00000000

   120.683729    42.646591    21.154405     9.708242     4.614990
     3.680000     3.480000     2.243726     1.086491     0.524700
     0.255752     0.121497     0.054339

   -0.00000600    0.00001700    0.00004000    0.00011900   -0.00005500
    0.00000000    0.00000000    0.00000000
    0.00311100   -0.00357600   -0.00518100   -0.00795400    0.00855300
    0.00000000    0.00000000    0.00000000
    0.02864100   -0.03147600   -0.04339300   -0.06042500    0.07058300
    0.00000000    0.00000000    0.00000000
    0.07622200   -0.08758300   -0.12773400   -0.19681000    0.23887900
    0.00000000    0.00000000    0.00000000
    0.17059500   -0.19574000   -0.28207000   -0.40138900    0.46015900
    0.00000000    0.00000000    0.00000000
    0.00000000    0.00000000    0.00000000    0.00000000    0.00000000
    0.00000000    0.00000000    1.00000000
    0.00000000    0.00000000    0.00000000    0.00000000    0.00000000
    0.00000000    1.00000000    0.00000000
    0.26690800   -0.27013200   -0.28839000   -0.07218600   -0.56480100
    0.00000000    0.00000000    0.00000000
    0.31103900   -0.17003400    0.16826900    0.94089500   -0.95714200
    0.00000000    0.00000000    0.00000000
    0.26731200    0.14341200    0.67306200    0.03586300    2.02722100
    0.00000000    0.00000000    0.00000000
    0.16333600    0.40868700    0.09919600   -1.15352900   -1.08791800
    0.00000000    0.00000000    0.00000000
    0.06278200    0.37025700   -0.57061200    0.43219200   -0.60621300
    0.00000000    0.00000000    0.00000000
    0.00787200    0.12311200   -0.29719700    0.48316100    0.92580400
    1.00000000    0.00000000    0.00000000

     5.917263     3.400884     2.036722     0.701040     0.241298

    0.00000000    0.00000000    0.00000000    1.00000000    0.00000000
    0.00000000    0.00000000    0.00000000    0.00000000    1.00000000
    0.00000000    0.00000000    1.00000000    0.00000000    0.00000000
    0.00000000    1.00000000    0.00000000    0.00000000    0.00000000
    1.00000000    0.00000000    0.00000000    0.00000000    0.00000000

     4.230847     3.643357     1.385784     0.453904

    0.00000000    0.00000000    1.00000000    0.00000000
    0.00000000    0.00000000    0.00000000    1.00000000
    0.00000000    1.00000000    0.00000000    0.00000000
    1.00000000    0.00000000    0.00000000    0.00000000

     5.445699     3.101020     0.908139

    0.00000000    0.00000000    1.00000000
    0.00000000    1.00000000    0.00000000
    1.00000000    0.00000000    0.00000000

     5.303781     2.215288

    0.00000000    1.00000000
    1.00000000    0.00000000

Cr:cc-pCVDZ-ccECP
ccECP cc-pCVDZ for Cr | source recipes/Cr/ccECP/Cr.cc-pCVDZ.gamess | ccECP from A. Annaberdiyev et al. Journal of Chemical Physics 149, 134108 (2018) https://doi.org/10.1063/1.5040472

  4
    0    1    2    3
    6    6    5    2
   15   15   13    2

    73.977737    37.684349    19.278723    12.130763     7.453002
     3.756296     2.811823     2.084137     0.993314     0.734112
     0.483094     0.225854     0.115338     0.052134     0.023679

    0.00086400   -0.00018300   -0.00032700    0.00000000    0.00000000
    0.00000000
   -0.01159500    0.00270400    0.00530900    0.00000000    0.00000000
    0.00000000
    0.09046700   -0.02265000   -0.04690500    0.00000000    0.00000000
    0.00000000
   -0.02483700    0.00718100    0.01541100    0.00000000    0.00000000
    0.00000000
   -0.33040700    0.08770500    0.19169700    0.00000000    0.00000000
    0.00000000
   -0.20059800    0.04761600    0.09975900    0.00000000    0.00000000
    0.00000000
    0.00000000    0.00000000    0.00000000    0.00000000    0.00000000
    1.00000000
    0.44976600   -0.12567200   -0.33899400    0.00000000    0.00000000
    0.00000000
    0.64757500   -0.24457100   -0.69580600    0.00000000    0.00000000
    0.00000000
    0.00000000    0.00000000    0.00000000    0.00000000    1.00000000
    0.00000000
    0.22902500   -0.19841900   -0.00731500    0.00000000    0.00000000
    0.00000000
    0.00921700    0.03088900    1.11859900    0.00000000    0.00000000
    0.00000000
    0.00113200    0.42393500    0.71725700    0.00000000    0.00000000
    0.00000000
   -0.00036700    0.57694100   -0.86856500    0.00000000    0.00000000
    0.00000000
    0.00009200    0.14832300   -0.46718600    1.00000000    0.00000000
    0.00000000

   101.951240    52.309865    27.142574    15.066862     9.693669
     4.985710     3.937167     2.761266     1.417673     0.851456
     0.728201     0.378189     0.189359     0.072301     0.037471

    0.00008800    0.00002800   -0.00013700    0.00000000    0.00000000
    0.00000000
   -0.00074700   -0.00008500    0.00093200    0.00000000    0.00000000
    0.00000000
    0.00713500   -0.00075100   -0.00684500    0.00000000    0.00000000
    0.00000000
   -0.01470200    0.00084400    0.01983100    0.00000000    0.00000000
    0.00000000
   -0.07335300    0.02265600    0.04364700    0.00000000    0.00000000
    0.00000000
    0.01200700   -0.01278100   -0.01928900    0.00000000    0.00000000
    0.00000000
    0.00000000    0.00000000    0.00000000    0.00000000    0.00000000
    1.00000000
    0.28311700   -0.06238600   -0.28118700    0.00000000    0.00000000
    0.00000000
    0.44078600   -0.14358100   -0.37029800    0.00000000    0.00000000
    0.00000000
    0.00000000    0.00000000    0.00000000    0.00000000    1.00000000
    0.00000000
    0.30677500   -0.06228100   -0.19987300    0.00000000    0.00000000
    0.00000000
    0.08180400   -0.05447100    1.02855200    0.00000000    0.00000000
    0.00000000
    0.00883900    0.37713500    0.42371100    0.00000000    0.00000000
    0.00000000
    0.00102200    0.47163300   -0.80092600    0.00000000    0.00000000
    0.00000000
    0.00032500    0.31162400   -0.14191000    1.00000000    0.00000000
    0.00000000

   120.683729    42.646591    21.154405     9.708242     4.614990
     2.243726     2.147155     1.086491     0.845872     0.524700
     0.255752     0.121497     0.054339

   -0.00000600    0.00001700    0.00000000    0.00000000    0.00000000
    0.00311100   -0.00357600    0.00000000    0.00000000    0.00000000
    0.02864100   -0.03147600    0.00000000    0.00000000    0.00000000
    0.07622200   -0.08758300    0.00000000    0.00000000    0.00000000
    0.17059500   -0.19574000    0.00000000    0.00000000    0.00000000
    0.26690800   -0.27013200    0.00000000    0.00000000    0.00000000
    0.00000000    0.00000000    0.00000000    0.00000000    1.00000000
    0.31103900   -0.17003400    0.00000000    0.00000000    0.00000000
    0.00000000    0.00000000    0.00000000    1.00000000    0.00000000
    0.26731200    0.14341200    0.00000000    0.00000000    0.00000000
    0.16333600    0.40868700    0.00000000    0.00000000    0.00000000
    0.06278200    0.37025700    0.00000000    0.00000000    0.00000000
    0.00787200    0.12311200    1.00000000    0.00000000    0.00000000

     3.530639     1.112997

    0.00000000    1.00000000
    1.00000000    0.00000000

Cr:cc-pCVQZ-ccECP
ccECP cc-pCVQZ for Cr | source recipes/Cr/ccECP/Cr.cc-pCVQZ.gamess | ccECP from A. Annaberdiyev et al. Journal of Chemical Physics 149, 134108 (2018) https://doi.org/10.1063/1.5040472

  6
    0    1    2    3    4    5
    8    8    7    4    3    2
   15   15   13    4    3    2

    73.977737    37.684349    19.278723    12.130763     7.453002
     3.756296     2.404948     2.084137     1.569123     0.993314
     0.483094     0.225854     0.115338     0.052134     0.023679

    0.00086400   -0.00018300   -0.00032700   -0.00069800    0.00298300
    0.00000000    0.00000000    0.00000000
   -0.01159500    0.00270400    0.00530900    0.01020700   -0.02696900
    0.00000000    0.00000000    0.00000000
    0.09046700   -0.02265000   -0.04690500   -0.09126100    0.19930400
    0.00000000    0.00000000    0.00000000
   -0.02483700    0.00718100    0.01541100    0.05220700   -0.25709400
    0.00000000    0.00000000    0.00000000
   -0.33040700    0.08770500    0.19169700    0.34216400   -0.31292400
    0.00000000    0.00000000    0.00000000
   -0.20059800    0.04761600    0.09975900    0.17486600   -0.37282300
    0.00000000    0.00000000    0.00000000
    0.00000000    0.00000000    0.00000000    0.00000000    0.00000000
    0.00000000    0.00000000    1.00000000
    0.44976600   -0.12567200   -0.33899400   -0.99425800    2.61267600
    0.00000000    0.00000000    0.00000000
    0.00000000    0.00000000    0.00000000    0.00000000    0.00000000
    0.00000000    1.00000000    0.00000000
    0.64757500   -0.24457100   -0.69580600   -1.19060400   -1.10831900
    0.00000000    0.00000000    0.00000000
    0.22902500   -0.19841900   -0.00731500    2.27183400   -3.52097300
    0.00000000    0.00000000    0.00000000
    0.00921700    0.03088900    1.11859900    1.00301300    5.38631500
    0.00000000    0.00000000    0.00000000
    0.00113200    0.42393500    0.71725700   -2.60523500   -1.94819200
    0.00000000    0.00000000    0.00000000
   -0.00036700    0.57694100   -0.86856500    0.26515800   -1.98569900
    0.00000000    0.00000000    0.00000000
    0.00009200    0.14832300   -0.46718600    0.90228600    1.70618700
    1.00000000    0.00000000    0.00000000

   101.951240    52.309865    27.142574    15.066862     9.693669
     5.834098     4.985710     2.761266     1.704263     1.417673
     0.728201     0.378189     0.189359     0.072301     0.037471

    0.00008800    0.00002800   -0.00013700    0.00002700    0.00053400
    0.00000000    0.00000000    0.00000000
   -0.00074700   -0.00008500    0.00093200    0.00018000   -0.00333900
    0.00000000    0.00000000    0.00000000
    0.00713500   -0.00075100   -0.00684500   -0.00574200    0.01766200
    0.00000000    0.00000000    0.00000000
   -0.01470200    0.00084400    0.01983100    0.02041900   -0.08424900
    0.00000000    0.00000000    0.00000000
   -0.07335300    0.02265600    0.04364700    0.10052700   -0.08077700
    0.00000000    0.00000000    0.00000000
    0.00000000    0.00000000    0.00000000    0.00000000    0.00000000
    0.00000000    0.00000000    1.00000000
    0.01200700   -0.01278100   -0.01928900   -0.10060800    0.27239200
    0.00000000    0.00000000    0.00000000
    0.28311700   -0.06238600   -0.28118700   -0.60774600    1.31045500
    0.00000000    0.00000000    0.00000000
    0.00000000    0.00000000    0.00000000    0.00000000    0.00000000
    0.00000000    1.00000000    0.00000000
    0.44078600   -0.14358100   -0.37029800   -0.60170500   -1.06179300
    0.00000000    0.00000000    0.00000000
    0.30677500   -0.06228100   -0.19987300    1.45090500   -2.37680500
    0.00000000    0.00000000    0.00000000
    0.08180400   -0.05447100    1.02855200    0.67229900    4.47731700
    0.00000000    0.00000000    0.00000000
    0.00883900    0.37713500    0.42371100   -1.90482300   -2.79579800
    0.00000000    0.00000000    0.00000000
    0.00102200    0.47163300   -0.80092600    0.66581400    0.20300800
    0.00000000    0.00000000    0.00000000
    0.00032500    0.31162400   -0.14191000    0.34852200    0.57055500
    1.00000000    0.00000000    0.00000000

   120.683729    42.646591    21.154405     9.708242     4.614990
     3.320540     2.459131     2.243726     1.086491     0.524700
     0.255752     0.121497     0.054339

   -0.00000600    0.00001700    0.00004000    0.00011900    0.00000000
    0.00000000    0.00000000
    0.00311100   -0.00357600   -0.00518100   -0.00795400    0.00000000
    0.00000000    0.00000000
    0.02864100   -0.03147600   -0.04339300   -0.06042500    0.00000000
    0.00000000    0.00000000
    0.07622200   -0.08758300   -0.12773400   -0.19681000    0.00000000
    0.00000000    0.00000000
    0.17059500   -0.19574000   -0.28207000   -0.40138900    0.00000000
    0.00000000    0.00000000
    0.00000000    0.00000000    0.00000000    0.00000000    0.00000000
    0.00000000    1.00000000
    0.00000000    0.00000000    0.00000000    0.00000000    0.00000000
    1.00000000    0.00000000
    0.26690800   -0.27013200   -0.28839000   -0.07218600    0.00000000
    0.00000000    0.00000000
    0.31103900   -0.17003400    0.16826900    0.94089500    0.00000000
    0.00000000    0.00000000
    0.26731200    0.14341200    0.67306200    0.03586300    0.00000000
    0.00000000    0.00000000
    0.16333600    0.40868700    0.09919600   -1.15352900    0.00000000
    0.00000000    0.00000000
    0.06278200    0.37025700   -0.57061200    0.43219200    0.00000000
    0.00000000    0.00000000
    0.00787200    0.12311200   -0.29719700    0.48316100    1.00000000
    0.00000000    0.00000000

     3.939379     2.544401     1.160895     0.342104

    0.00000000    0.00000000    1.00000000    0.00000000
    0.00000000    0.00000000    0.00000000    1.00000000
    0.00000000    1.00000000    0.00000000    0.00000000
    1.00000000    0.00000000    0.00000000    0.00000000

     5.007964     2.693396     0.715513

    0.00000000    0.00000000    1.00000000
    0.00000000    1.00000000    0.00000000
    1.00000000    0.00000000    0.00000000

     4.457403     1.706513

    0.00000000    1.00000000
    1.00000000    0.00000000

Cr:cc-pCVTZ-ccECP
ccECP cc-pCVTZ for Cr | source recipes/Cr/ccECP/Cr.cc-pCVTZ.gamess | ccECP from A. Annaberdiyev et al. Journal of Chemical Physics 149, 134108 (2018) https://doi.org/10.1063/1.5040472

  5
    0    1    2    3    4
    7    7    6    3    2
   15   15   13    3    2

    73.977737    37.684349    19.278723    12.130763     7.453002
     3.756296     2.833892     2.084137     1.024744     0.993314
     0.483094     0.225854     0.115338     0.052134     0.023679

    0.00086400   -0.00018300   -0.00032700   -0.00069800    0.00000000
    0.00000000    0.00000000
   -0.01159500    0.00270400    0.00530900    0.01020700    0.00000000
    0.00000000    0.00000000
    0.09046700   -0.02265000   -0.04690500   -0.09126100    0.00000000
    0.00000000    0.00000000
   -0.02483700    0.00718100    0.01541100    0.05220700    0.00000000
    0.00000000    0.00000000
   -0.33040700    0.08770500    0.19169700    0.34216400    0.00000000
    0.00000000    0.00000000
   -0.20059800    0.04761600    0.09975900    0.17486600    0.00000000
    0.00000000    0.00000000
    0.00000000    0.00000000    0.00000000    0.00000000    0.00000000
    0.00000000    1.00000000
    0.44976600   -0.12567200   -0.33899400   -0.99425800    0.00000000
    0.00000000    0.00000000
    0.00000000    0.00000000    0.00000000    0.00000000    0.00000000
    1.00000000    0.00000000
    0.64757500   -0.24457100   -0.69580600   -1.19060400    0.00000000
    0.00000000    0.00000000
    0.22902500   -0.19841900   -0.00731500    2.27183400    0.00000000
    0.00000000    0.00000000
    0.00921700    0.03088900    1.11859900    1.00301300    0.00000000
    0.00000000    0.00000000
    0.00113200    0.42393500    0.71725700   -2.60523500    0.00000000
    0.00000000    0.00000000
   -0.00036700    0.57694100   -0.86856500    0.26515800    0.00000000
    0.00000000    0.00000000
    0.00009200    0.14832300   -0.46718600    0.90228600    1.00000000
    0.00000000    0.00000000

   101.951240    52.309865    27.142574    15.066862     9.693669
     4.985710     4.766939     2.761266     1.417673     1.196915
     0.728201     0.378189     0.189359     0.072301     0.037471

    0.00008800    0.00002800   -0.00013700    0.00002700    0.00000000
    0.00000000    0.00000000
   -0.00074700   -0.00008500    0.00093200    0.00018000    0.00000000
    0.00000000    0.00000000
    0.00713500   -0.00075100   -0.00684500   -0.00574200    0.00000000
    0.00000000    0.00000000
   -0.01470200    0.00084400    0.01983100    0.02041900    0.00000000
    0.00000000    0.00000000
   -0.07335300    0.02265600    0.04364700    0.10052700    0.00000000
    0.00000000    0.00000000
    0.01200700   -0.01278100   -0.01928900   -0.10060800    0.00000000
    0.00000000    0.00000000
    0.00000000    0.00000000    0.00000000    0.00000000    0.00000000
    0.00000000    1.00000000
    0.28311700   -0.06238600   -0.28118700   -0.60774600    0.00000000
    0.00000000    0.00000000
    0.44078600   -0.14358100   -0.37029800   -0.60170500    0.00000000
    0.00000000    0.00000000
    0.00000000    0.00000000    0.00000000    0.00000000    0.00000000
    1.00000000    0.00000000
    0.30677500   -0.06228100   -0.19987300    1.45090500    0.00000000
    0.00000000    0.00000000
    0.08180400   -0.05447100    1.02855200    0.67229900    0.00000000
    0.00000000    0.00000000
    0.00883900    0.37713500    0.42371100   -1.90482300    0.00000000
    0.00000000    0.00000000
    0.00102200    0.47163300   -0.80092600    0.66581400    0.00000000
    0.00000000    0.00000000
    0.00032500    0.31162400   -0.14191000    0.34852200    1.00000000
    0.00000000    0.00000000

   120.683729    42.646591    21.154405     9.708242     4.614990
     2.942314     2.243726     1.632674     1.086491     0.524700
     0.255752     0.121497     0.054339

   -0.00000600    0.00001700    0.00004000    0.00000000    0.00000000
    0.00000000
    0.00311100   -0.00357600   -0.00518100    0.00000000    0.00000000
    0.00000000
    0.02864100   -0.03147600   -0.04339300    0.00000000    0.00000000
    0.00000000
    0.07622200   -0.08758300   -0.12773400    0.00000000    0.00000000
    0.00000000
    0.17059500   -0.19574000   -0.28207000    0.00000000    0.00000000
    0.00000000
    0.00000000    0.00000000    0.00000000    0.00000000    0.00000000
    1.00000000
    0.26690800   -0.27013200   -0.28839000    0.00000000    0.00000000
    0.00000000
    0.00000000    0.00000000    0.00000000    0.00000000    1.00000000
    0.00000000
    0.31103900   -0.17003400    0.16826900    0.00000000    0.00000000
    0.00000000
    0.26731200    0.14341200    0.67306200    0.00000000    0.00000000
    0.00000000
    0.16333600    0.40868700    0.09919600    0.00000000    0.00000000
    0.00000000
    0.06278200    0.37025700   -0.57061200    0.00000000    0.00000000
    0.00000000
    0.00787200    0.12311200   -0.29719700    1.00000000    0.00000000
    0.00000000

     5.326814     2.345290     0.558910

    0.00000000    0.00000000    1.00000000
    0.00000000    1.00000000    0.00000000
    1.00000000    0.00000000    0.00000000

     3.919920     1.422099

    0.00000000    1.00000000
    1.00000000    0.00000000

Cr:cc-pV5Z-ccECP
ccECP cc-pV5Z for Cr | source recipes/Cr/ccECP/Cr.cc-pV5Z.gamess | ccECP from A. Annaberdiyev et al. Journal of Chemical Physics 149, 134108 (2018) https://doi.org/10.1063/1.5040472

  7
    0    1    2    3    4    5    6
    7    7    6    4    3    2    1
   13   13   11    4    3    2    1

    73.977737    37.684349    19.278723    12.130763     7.453002
     3.756296     2.084137     0.993314     0.483094     0.225854
     0.115338     0.052134     0.023679

    0.00086400   -0.00018300   -0.00032700   -0.00069800    0.00298300
   -0.00503000    0.00000000
   -0.01159500    0.00270400    0.00530900    0.01020700   -0.02696900
    0.04329800    0.00000000
    0.09046700   -0.02265000   -0.04690500   -0.09126100    0.19930400
   -0.31895300    0.00000000
   -0.02483700    0.00718100    0.01541100    0.05220700   -0.25709400
    0.46095400    0.00000000
   -0.33040700    0.08770500    0.19169700    0.34216400   -0.31292400
    0.49760800    0.00000000
   -0.20059800    0.04761600    0.09975900    0.17486600   -0.37282300
   -0.04452100    0.00000000
    0.44976600   -0.12567200   -0.33899400   -0.99425800    2.61267600
   -4.50396700    0.00000000
    0.64757500   -0.24457100   -0.69580600   -1.19060400   -1.10831900
    8.00572300    0.00000000
    0.22902500   -0.19841900   -0.00731500    2.27183400   -3.52097300
   -5.85396000    0.00000000
    0.00921700    0.03088900    1.11859900    1.00301300    5.38631500
   -0.58924700    0.00000000
    0.00113200    0.42393500    0.71725700   -2.60523500   -1.94819200
    5.46040600    0.00000000
   -0.00036700    0.57694100   -0.86856500    0.26515800   -1.98569900
   -5.53660500    0.00000000
    0.00009200    0.14832300   -0.46718600    0.90228600    1.70618700
    2.40098000    1.00000000

   101.951240    52.309865    27.142574    15.066862     9.693669
     4.985710     2.761266     1.417673     0.728201     0.378189
     0.189359     0.072301     0.037471

    0.00008800    0.00002800   -0.00013700    0.00002700    0.00053400
    0.00317100    0.00000000
   -0.00074700   -0.00008500    0.00093200    0.00018000   -0.00333900
   -0.01768100    0.00000000
    0.00713500   -0.00075100   -0.00684500   -0.00574200    0.01766200
    0.06746800    0.00000000
   -0.01470200    0.00084400    0.01983100    0.02041900   -0.08424900
   -0.29076600    0.00000000
   -0.07335300    0.02265600    0.04364700    0.10052700   -0.08077700
    0.17750700    0.00000000
    0.01200700   -0.01278100   -0.01928900   -0.10060800    0.27239200
    0.43340900    0.00000000
    0.28311700   -0.06238600   -0.28118700   -0.60774600    1.31045500
    2.00710400    0.00000000
    0.44078600   -0.14358100   -0.37029800   -0.60170500   -1.06179300
   -6.01948100    0.00000000
    0.30677500   -0.06228100   -0.19987300    1.45090500   -2.37680500
    7.25807400    0.00000000
    0.08180400   -0.05447100    1.02855200    0.67229900    4.47731700
   -4.55824500    0.00000000
    0.00883900    0.37713500    0.42371100   -1.90482300   -2.79579800
    0.80240900    0.00000000
    0.00102200    0.47163300   -0.80092600    0.66581400    0.20300800
    1.46140600    0.00000000
    0.00032500    0.31162400   -0.14191000    0.34852200    0.57055500
   -1.30932300    1.00000000

   120.683729    42.646591    21.154405     9.708242     4.614990
     2.243726     1.086491     0.524700     0.255752     0.121497
     0.054339

   -0.00000600    0.00001700    0.00004000    0.00011900   -0.00005500
    0.00000000
    0.00311100   -0.00357600   -0.00518100   -0.00795400    0.00855300
    0.00000000
    0.02864100   -0.03147600   -0.04339300   -0.06042500    0.07058300
    0.00000000
    0.07622200   -0.08758300   -0.12773400   -0.19681000    0.23887900
    0.00000000
    0.17059500   -0.19574000   -0.28207000   -0.40138900    0.46015900
    0.00000000
    0.26690800   -0.27013200   -0.28839000   -0.07218600   -0.56480100
    0.00000000
    0.31103900   -0.17003400    0.16826900    0.94089500   -0.95714200
    0.00000000
    0.26731200    0.14341200    0.67306200    0.03586300    2.02722100
    0.00000000
    0.16333600    0.40868700    0.09919600   -1.15352900   -1.08791800
    0.00000000
    0.06278200    0.37025700   -0.57061200    0.43219200   -0.60621300
    0.00000000
    0.00787200    0.12311200   -0.29719700    0.48316100    0.92580400
    1.00000000

     5.917263     2.036722     0.701040     0.241298

    0.00000000    0.00000000    0.00000000    1.00000000
    0.00000000    0.00000000    1.00000000    0.00000000
    0.00000000    1.00000000    0.00000000    0.00000000
    1.00000000    0.00000000    0.00000000    0.00000000

     4.230847     1.385784     0.453904

    0.00000000    0.00000000    1.00000000
    0.00000000    1.00000000    0.00000000
    1.00000000    0.00000000    0.00000000

     3.101020     0.908139

    0.00000000    1.00000000
    1.00000000    0.00000000

     2.215288

    1.00000000

Cr:cc-pVDZ-ccECP
ccECP cc-pVDZ for Cr | source recipes/Cr/ccECP/Cr.cc-pVDZ.gamess | ccECP from A. Annaberdiyev et al. Journal of Chemical Physics 149, 134108 (2018) https://doi.org/10.1063/1.5040472

  4
    0    1    2    3
    4    4    3    1
   13   13   11    1

    73.977737    37.684349    19.278723    12.130763     7.453002
     3.756296     2.084137     0.993314     0.483094     0.225854
     0.115338     0.052134     0.023679

    0.00086400   -0.00018300   -0.00032700    0.00000000
   -0.01159500    0.00270400    0.00530900    0.00000000
    0.09046700   -0.02265000   -0.04690500    0.00000000
   -0.02483700    0.00718100    0.01541100    0.00000000
   -0.33040700    0.08770500    0.19169700    0.00000000
   -0.20059800    0.04761600    0.09975900    0.00000000
    0.44976600   -0.12567200   -0.33899400    0.00000000
    0.64757500   -0.24457100   -0.69580600    0.00000000
    0.22902500   -0.19841900   -0.00731500    0.00000000
    0.00921700    0.03088900    1.11859900    0.00000000
    0.00113200    0.42393500    0.71725700    0.00000000
   -0.00036700    0.57694100   -0.86856500    0.00000000
    0.00009200    0.14832300   -0.46718600    1.00000000

   101.951240    52.309865    27.142574    15.066862     9.693669
     4.985710     2.761266     1.417673     0.728201     0.378189
     0.189359     0.072301     0.037471

    0.00008800    0.00002800   -0.00013700    0.00000000
   -0.00074700   -0.00008500    0.00093200    0.00000000
    0.00713500   -0.00075100   -0.00684500    0.00000000
   -0.01470200    0.00084400    0.01983100    0.00000000
   -0.07335300    0.02265600    0.04364700    0.00000000
    0.01200700   -0.01278100   -0.01928900    0.00000000
    0.28311700   -0.06238600   -0.28118700    0.00000000
    0.44078600   -0.14358100   -0.37029800    0.00000000
    0.30677500   -0.06228100   -0.19987300    0.00000000
    0.08180400   -0.05447100    1.02855200    0.00000000
    0.00883900    0.37713500    0.42371100    0.00000000
    0.00102200    0.47163300   -0.80092600    0.00000000
    0.00032500    0.31162400   -0.14191000    1.00000000

   120.683729    42.646591    21.154405     9.708242     4.614990
     2.243726     1.086491     0.524700     0.255752     0.121497
     0.054339

   -0.00000600    0.00001700    0.00000000
    0.00311100   -0.00357600    0.00000000
    0.02864100   -0.03147600    0.00000000
    0.07622200   -0.08758300    0.00000000
    0.17059500   -0.19574000    0.00000000
    0.26690800   -0.27013200    0.00000000
    0.31103900   -0.17003400    0.00000000
    0.26731200    0.14341200    0.00000000
    0.16333600    0.40868700    0.00000000
    0.06278200    0.37025700    0.00000000
    0.00787200    0.12311200    1.00000000

     1.112997

    1.00000000

Cr:cc-pVQZ-ccECP
ccECP cc-pVQZ for Cr | source recipes/Cr/ccECP/Cr.cc-pVQZ.gamess | ccECP from A. Annaberdiyev et al. Journal of Chemical Physics 149, 134108 (2018) https://doi.org/10.1063/1.5040472

  6
    0    1    2    3    4    5
    6    6    5    3    2    1
   13   13   11    3    2    1

    73.977737    37.684349    19.278723    12.130763     7.453002
     3.756296     2.084137     0.993314     0.483094     0.225854
     0.115338     0.052134     0.023679

    0.00086400   -0.00018300   -0.00032700   -0.00069800    0.00298300
    0.00000000
   -0.01159500    0.00270400    0.00530900    0.01020700   -0.02696900
    0.00000000
    0.09046700   -0.02265000   -0.04690500   -0.09126100    0.19930400
    0.00000000
   -0.02483700    0.00718100    0.01541100    0.05220700   -0.25709400
    0.00000000
   -0.33040700    0.08770500    0.19169700    0.34216400   -0.31292400
    0.00000000
   -0.20059800    0.04761600    0.09975900    0.17486600   -0.37282300
    0.00000000
    0.44976600   -0.12567200   -0.33899400   -0.99425800    2.61267600
    0.00000000
    0.64757500   -0.24457100   -0.69580600   -1.19060400   -1.10831900
    0.00000000
    0.22902500   -0.19841900   -0.00731500    2.27183400   -3.52097300
    0.00000000
    0.00921700    0.03088900    1.11859900    1.00301300    5.38631500
    0.00000000
    0.00113200    0.42393500    0.71725700   -2.60523500   -1.94819200
    0.00000000
   -0.00036700    0.57694100   -0.86856500    0.26515800   -1.98569900
    0.00000000
    0.00009200    0.14832300   -0.46718600    0.90228600    1.70618700
    1.00000000

   101.951240    52.309865    27.142574    15.066862     9.693669
     4.985710     2.761266     1.417673     0.728201     0.378189
     0.189359     0.072301     0.037471

    0.00008800    0.00002800   -0.00013700    0.00002700    0.00053400
    0.00000000
   -0.00074700   -0.00008500    0.00093200    0.00018000   -0.00333900
    0.00000000
    0.00713500   -0.00075100   -0.00684500   -0.00574200    0.01766200
    0.00000000
   -0.01470200    0.00084400    0.01983100    0.02041900   -0.08424900
    0.00000000
   -0.07335300    0.02265600    0.04364700    0.10052700   -0.08077700
    0.00000000
    0.01200700   -0.01278100   -0.01928900   -0.10060800    0.27239200
    0.00000000
    0.28311700   -0.06238600   -0.28118700   -0.60774600    1.31045500
    0.00000000
    0.44078600   -0.14358100   -0.37029800   -0.60170500   -1.06179300
    0.00000000
    0.30677500   -0.06228100   -0.19987300    1.45090500   -2.37680500
    0.00000000
    0.08180400   -0.05447100    1.02855200    0.67229900    4.47731700
    0.00000000
    0.00883900    0.37713500    0.42371100   -1.90482300   -2.79579800
    0.00000000
    0.00102200    0.47163300   -0.80092600    0.66581400    0.20300800
    0.00000000
    0.00032500    0.31162400   -0.14191000    0.34852200    0.57055500
    1.00000000

   120.683729    42.646591    21.154405     9.708242     4.614990
     2.243726     1.086491     0.524700     0.255752     0.121497
     0.054339

   -0.00000600    0.00001700    0.00004000    0.00011900    0.00000000
    0.00311100   -0.00357600   -0.00518100   -0.00795400    0.00000000
    0.02864100   -0.03147600   -0.04339300   -0.06042500    0.00000000
    0.07622200   -0.08758300   -0.12773400   -0.19681000    0.00000000
    0.17059500   -0.19574000   -0.28207000   -0.40138900    0.00000000
    0.26690800   -0.27013200   -0.28839000   -0.07218600    0.00000000
    0.31103900   -0.17003400    0.16826900    0.94089500    0.00000000
    0.26731200    0.14341200    0.67306200    0.03586300    0.00000000
    0.16333600    0.40868700    0.09919600   -1.15352900    0.00000000
    0.06278200    0.37025700   -0.57061200    0.43219200    0.00000000
    0.00787200    0.12311200   -0.29719700    0.48316100    1.00000000

     3.939379     1.160895     0.342104

    0.00000000    0.00000000    1.00000000
    0.00000000    1.00000000    0.00000000
    1.00000000    0.00000000    0.00000000

     2.693396     0.715513

    0.00000000    1.00000000
    1.00000000    0.00000000

     1.706513

    1.00000000

Cr:cc-pVTZ-ccECP
ccECP cc-pVTZ for Cr | source recipes/Cr/ccECP/Cr.cc-pVTZ.gamess | ccECP from A. Annaberdiyev et al. Journal of Chemical Physics 149, 134108 (2018) https://doi.org/10.1063/1.5040472

  5
    0    1    2    3    4
    5    5    4    2    1
   13   13   11    2    1

    73.977737    37.684349    19.278723    12.130763     7.453002
     3.756296     2.084137     0.993314     0.483094     0.225854
     0.115338     0.052134     0.023679

    0.00086400   -0.00018300   -0.00032700   -0.00069800    0.00000000
   -0.01159500    0.00270400    0.00530900    0.01020700    0.00000000
    0.09046700   -0.02265000   -0.04690500   -0.09126100    0.00000000
   -0.02483700    0.00718100    0.01541100    0.05220700    0.00000000
   -0.33040700    0.08770500    0.19169700    0.34216400    0.00000000
   -0.20059800    0.04761600    0.09975900    0.17486600    0.00000000
    0.44976600   -0.12567200   -0.33899400   -0.99425800    0.00000000
    0.64757500   -0.24457100   -0.69580600   -1.19060400    0.00000000
    0.22902500   -0.19841900   -0.00731500    2.27183400    0.00000000
    0.00921700    0.03088900    1.11859900    1.00301300    0.00000000
    0.00113200    0.42393500    0.71725700   -2.60523500    0.00000000
   -0.00036700    0.57694100   -0.86856500    0.26515800    0.00000000
    0.00009200    0.14832300   -0.46718600    0.90228600    1.00000000

   101.951240    52.309865    27.142574    15.066862     9.693669
     4.985710     2.761266     1.417673     0.728201     0.378189
     0.189359     0.072301     0.037471

    0.00008800    0.00002800   -0.00013700    0.00002700    0.00000000
   -0.00074700   -0.00008500    0.00093200    0.00018000    0.00000000
    0.00713500   -0.00075100   -0.00684500   -0.00574200    0.00000000
   -0.01470200    0.00084400    0.01983100    0.02041900    0.00000000
   -0.07335300    0.02265600    0.04364700    0.10052700    0.00000000
    0.01200700   -0.01278100   -0.01928900   -0.10060800    0.00000000
    0.28311700   -0.06238600   -0.28118700   -0.60774600    0.00000000
    0.44078600   -0.14358100   -0.37029800   -0.60170500    0.00000000
    0.30677500   -0.06228100   -0.19987300    1.45090500    0.00000000
    0.08180400   -0.05447100    1.02855200    0.67229900    0.00000000
    0.00883900    0.37713500    0.42371100   -1.90482300    0.00000000
    0.00102200    0.47163300   -0.80092600    0.66581400    0.00000000
    0.00032500    0.31162400   -0.14191000    0.34852200    1.00000000

   120.683729    42.646591    21.154405     9.708242     4.614990
     2.243726     1.086491     0.524700     0.255752     0.121497
     0.054339

   -0.00000600    0.00001700    0.00004000    0.00000000
    0.00311100   -0.00357600   -0.00518100    0.00000000
    0.02864100   -0.03147600   -0.04339300    0.00000000
    0.07622200   -0.08758300   -0.12773400    0.00000000
    0.17059500   -0.19574000   -0.28207000    0.00000000
    0.26690800   -0.27013200   -0.28839000    0.00000000
    0.31103900   -0.17003400    0.16826900    0.00000000
    0.26731200    0.14341200    0.67306200    0.00000000
    0.16333600    0.40868700    0.09919600    0.00000000
    0.06278200    0.37025700   -0.57061200    0.00000000
    0.00787200    0.12311200   -0.29719700    1.00000000

     2.345290     0.558910

    0.00000000    1.00000000
    1.00000000    0.00000000

     1.422099

    1.00000000

