
Tb:aug-cc-pCVDZ-ccECP
ccECP aug-cc-pCVDZ for Tb | source recipes/Tb/ccECP/Tb.aug-cc-pCVDZ.gamess | ccECP from A. Annaberdiyev et al. npj Quantum Materials (2023) https://www.nature.com/articles/s41535-023-00583-6.

  5
    0    1    2    3    4
    6    6    5    5    3
   15   15   15   15    3

   84.068894   42.715901   21.704201   11.028032    5.603408
    2.847125    1.446641    1.094127    0.735047    0.373482
    0.189768    0.096422    0.048993    0.024894    0.009957

    -0.000659     0.000265     0.000772   0.00000000   0.00000000   0.00000000
     0.004082    -0.001603    -0.004612   0.00000000   0.00000000   0.00000000
    -0.016962     0.006502     0.019060   0.00000000   0.00000000   0.00000000
     0.029394    -0.012742    -0.049463   0.00000000   0.00000000   0.00000000
     0.199115    -0.060836    -0.078981   0.00000000   0.00000000   0.00000000
    -0.735067     0.260228     0.586964   0.00000000   0.00000000   0.00000000
    -0.038209    -0.012864    -0.246149   0.00000000   0.00000000   0.00000000
   0.00000000   0.00000000   0.00000000   0.00000000   0.00000000     1.000000
     0.772227    -0.305767    -0.710541   0.00000000   0.00000000   0.00000000
     0.512135    -0.345511    -0.824052   0.00000000   0.00000000   0.00000000
     0.075027    -0.130856     1.204401   0.00000000   0.00000000   0.00000000
    -0.000644     0.385521     1.263906   0.00000000   0.00000000   0.00000000
     0.001037     0.540490    -0.679895   0.00000000   0.00000000   0.00000000
    -0.000224     0.347696    -0.749425     1.000000   0.00000000   0.00000000
   0.00000000   0.00000000   0.00000000   0.00000000     1.000000   0.00000000

   83.792841   42.169961   21.222644   10.680603    5.375168
    2.705131    1.361397    1.301165    0.685143    0.344808
    0.173530    0.087331    0.043951    0.022119    0.008847

     0.000021    -0.000036    -0.000244   0.00000000   0.00000000   0.00000000
    -0.000103     0.000173     0.001147   0.00000000   0.00000000   0.00000000
     0.000200    -0.000551    -0.003247   0.00000000   0.00000000   0.00000000
     0.000680     0.002118     0.011117   0.00000000   0.00000000   0.00000000
     0.034921     0.009512    -0.033331   0.00000000   0.00000000   0.00000000
    -0.291378    -0.130390    -0.115979   0.00000000   0.00000000   0.00000000
     0.194160     0.121239     0.308987   0.00000000   0.00000000   0.00000000
   0.00000000   0.00000000   0.00000000   0.00000000   0.00000000     1.000000
     0.538586     0.260268     0.362825   0.00000000   0.00000000   0.00000000
     0.389787     0.306446    -0.183579   0.00000000   0.00000000   0.00000000
     0.096122    -0.195121    -0.743226   0.00000000   0.00000000   0.00000000
     0.009054    -0.687492     0.290024   0.00000000   0.00000000   0.00000000
     0.001400    -0.293596     0.343290   0.00000000   0.00000000   0.00000000
     0.000078    -0.019829     0.029330     1.000000   0.00000000   0.00000000
   0.00000000   0.00000000   0.00000000   0.00000000     1.000000   0.00000000

   65.423356   33.825005   17.488112    9.041656    4.674692
    2.765895    2.416897    1.249577    0.646053    0.334021
    0.172694    0.089286    0.046162    0.023867    0.009546

     0.000001     0.000508   0.00000000   0.00000000   0.00000000
    -0.000017    -0.002411   0.00000000   0.00000000   0.00000000
     0.000146     0.009551   0.00000000   0.00000000   0.00000000
    -0.002011    -0.007714   0.00000000   0.00000000   0.00000000
     0.010986    -0.033355   0.00000000   0.00000000   0.00000000
   0.00000000   0.00000000   0.00000000   0.00000000     1.000000
    -0.061113    -0.085551   0.00000000   0.00000000   0.00000000
     0.100270    -0.463959   0.00000000   0.00000000   0.00000000
     0.254143    -0.316370   0.00000000   0.00000000   0.00000000
     0.327979    -0.090069   0.00000000   0.00000000   0.00000000
     0.304711     0.279014   0.00000000   0.00000000   0.00000000
     0.195153     0.360751   0.00000000   0.00000000   0.00000000
     0.067716     0.150686   0.00000000   0.00000000   0.00000000
     0.007194     0.014216     1.000000   0.00000000   0.00000000
   0.00000000   0.00000000   0.00000000     1.000000   0.00000000

   56.379801   31.322112   17.401173    9.667318    8.739537
    5.370732    2.983740    1.657633    0.920907    0.511615
    0.284231    0.157906    0.087726    0.048736    0.019494

     0.000302     0.000566   0.00000000   0.00000000   0.00000000
    -0.001469    -0.002819   0.00000000   0.00000000   0.00000000
     0.050900     0.054275   0.00000000   0.00000000   0.00000000
     0.264537     0.248635   0.00000000   0.00000000   0.00000000
   0.00000000   0.00000000   0.00000000   0.00000000     1.000000
     0.299279     0.209593   0.00000000   0.00000000   0.00000000
     0.246901     0.092126   0.00000000   0.00000000   0.00000000
     0.217385    -0.144531   0.00000000   0.00000000   0.00000000
     0.137590    -0.268052   0.00000000   0.00000000   0.00000000
     0.082631    -0.278066   0.00000000   0.00000000   0.00000000
     0.029685    -0.236153   0.00000000   0.00000000   0.00000000
     0.010858    -0.176702   0.00000000   0.00000000   0.00000000
     0.000092    -0.070402   0.00000000   0.00000000   0.00000000
     0.000474    -0.014748     1.000000   0.00000000   0.00000000
   0.00000000   0.00000000   0.00000000     1.000000   0.00000000

   10.371793    4.103858    1.641543

   0.00000000     1.000000   0.00000000
     1.000000   0.00000000   0.00000000
   0.00000000   0.00000000     1.000000

Tb:aug-cc-pCVQZ-ccECP
ccECP aug-cc-pCVQZ for Tb | source recipes/Tb/ccECP/Tb.aug-cc-pCVQZ.gamess | ccECP from A. Annaberdiyev et al. npj Quantum Materials (2023) https://www.nature.com/articles/s41535-023-00583-6.

  7
    0    1    2    3    4    5    6
    8    8    7    7    5    4    3
   15   15   15   15    5    4    3

   84.068894   42.715901   21.704201   11.028032    5.603408
    2.847125    1.446641    0.735047    0.404117    0.373482
    0.189768    0.096422    0.048993    0.024894    0.009957

    -0.000659     0.000265     0.000772    -0.004031    -0.004147   0.00000000
   0.00000000   0.00000000
     0.004082    -0.001603    -0.004612     0.023037     0.024635   0.00000000
   0.00000000   0.00000000
    -0.016962     0.006502     0.019060    -0.091208    -0.124199   0.00000000
   0.00000000   0.00000000
     0.029394    -0.012742    -0.049463     0.288770     0.639009   0.00000000
   0.00000000   0.00000000
     0.199115    -0.060836    -0.078981    -0.248350    -1.577282   0.00000000
   0.00000000   0.00000000
    -0.735067     0.260228     0.586964    -1.236429     0.016194   0.00000000
   0.00000000   0.00000000
    -0.038209    -0.012864    -0.246149     1.937260     4.339414   0.00000000
   0.00000000   0.00000000
     0.772227    -0.305767    -0.710541     1.234962    -3.820865   0.00000000
   0.00000000   0.00000000
   0.00000000   0.00000000   0.00000000   0.00000000   0.00000000   0.00000000
   0.00000000     1.000000
     0.512135    -0.345511    -0.824052    -2.202653    -2.311718   0.00000000
   0.00000000   0.00000000
     0.075027    -0.130856     1.204401    -1.214345     6.632330   0.00000000
   0.00000000   0.00000000
    -0.000644     0.385521     1.263906     2.633634    -4.255862   0.00000000
   0.00000000   0.00000000
     0.001037     0.540490    -0.679895    -0.380791    -0.373774   0.00000000
   0.00000000   0.00000000
    -0.000224     0.347696    -0.749425    -0.697106     1.215507     1.000000
   0.00000000   0.00000000
   0.00000000   0.00000000   0.00000000   0.00000000   0.00000000   0.00000000
     1.000000   0.00000000

   83.792841   42.169961   21.222644   10.680603    5.375168
    3.618038    2.705131    1.361397    0.685143    0.344808
    0.173530    0.087331    0.043951    0.022119    0.008847

     0.000021    -0.000036    -0.000244     0.000595     0.001631   0.00000000
   0.00000000   0.00000000
    -0.000103     0.000173     0.001147    -0.002585    -0.008460   0.00000000
   0.00000000   0.00000000
     0.000200    -0.000551    -0.003247     0.000657     0.052813   0.00000000
   0.00000000   0.00000000
     0.000680     0.002118     0.011117     0.009741    -0.255227   0.00000000
   0.00000000   0.00000000
     0.034921     0.009512    -0.033331     0.247038    -0.085612   0.00000000
   0.00000000   0.00000000
   0.00000000   0.00000000   0.00000000   0.00000000   0.00000000   0.00000000
   0.00000000     1.000000
    -0.291378    -0.130390    -0.115979    -0.473451     1.795542   0.00000000
   0.00000000   0.00000000
     0.194160     0.121239     0.308987    -0.818709    -0.987353   0.00000000
   0.00000000   0.00000000
     0.538586     0.260268     0.362825     0.723818    -1.907580   0.00000000
   0.00000000   0.00000000
     0.389787     0.306446    -0.183579     0.887770     3.247321   0.00000000
   0.00000000   0.00000000
     0.096122    -0.195121    -0.743226    -1.300774    -1.397461   0.00000000
   0.00000000   0.00000000
     0.009054    -0.687492     0.290024    -0.002374    -1.046736   0.00000000
   0.00000000   0.00000000
     0.001400    -0.293596     0.343290     0.554379     1.121981   0.00000000
   0.00000000   0.00000000
     0.000078    -0.019829     0.029330     0.029755     0.007359     1.000000
   0.00000000   0.00000000
   0.00000000   0.00000000   0.00000000   0.00000000   0.00000000   0.00000000
     1.000000   0.00000000

   65.423356   33.825005   17.488112    9.041656    4.674692
    4.285762    2.416897    1.249577    0.646053    0.334021
    0.172694    0.089286    0.046162    0.023867    0.009546

     0.000001     0.000508     0.001072     0.001137   0.00000000   0.00000000
   0.00000000
    -0.000017    -0.002411    -0.005283    -0.006500   0.00000000   0.00000000
   0.00000000
     0.000146     0.009551     0.024775     0.048610   0.00000000   0.00000000
   0.00000000
    -0.002011    -0.007714    -0.023338    -0.045169   0.00000000   0.00000000
   0.00000000
     0.010986    -0.033355    -0.109283    -0.437784   0.00000000   0.00000000
   0.00000000
   0.00000000   0.00000000   0.00000000   0.00000000   0.00000000   0.00000000
     1.000000
    -0.061113    -0.085551    -0.422277    -0.618148   0.00000000   0.00000000
   0.00000000
     0.100270    -0.463959    -0.427053     0.528513   0.00000000   0.00000000
   0.00000000
     0.254143    -0.316370     0.229348     0.770426   0.00000000   0.00000000
   0.00000000
     0.327979    -0.090069     0.611567    -0.475858   0.00000000   0.00000000
   0.00000000
     0.304711     0.279014     0.117600    -0.809446   0.00000000   0.00000000
   0.00000000
     0.195153     0.360751    -0.538203     0.493712   0.00000000   0.00000000
   0.00000000
     0.067716     0.150686    -0.241368     0.310584   0.00000000   0.00000000
   0.00000000
     0.007194     0.014216    -0.029404     0.045426     1.000000   0.00000000
   0.00000000
   0.00000000   0.00000000   0.00000000   0.00000000   0.00000000     1.000000
   0.00000000

   56.379801   31.322112   17.401173   10.555075    9.667318
    5.370732    2.983740    1.657633    0.920907    0.511615
    0.284231    0.157906    0.087726    0.048736    0.019494

     0.000302     0.000566     0.000884    -0.002534   0.00000000   0.00000000
   0.00000000
    -0.001469    -0.002819    -0.004464     0.013283   0.00000000   0.00000000
   0.00000000
     0.050900     0.054275     0.063470    -0.130795   0.00000000   0.00000000
   0.00000000
   0.00000000   0.00000000   0.00000000   0.00000000   0.00000000   0.00000000
     1.000000
     0.264537     0.248635     0.258696    -0.423707   0.00000000   0.00000000
   0.00000000
     0.299279     0.209593     0.166776    -0.073489   0.00000000   0.00000000
   0.00000000
     0.246901     0.092126    -0.033929     0.404233   0.00000000   0.00000000
   0.00000000
     0.217385    -0.144531    -0.313592     0.476057   0.00000000   0.00000000
   0.00000000
     0.137590    -0.268052    -0.292818    -0.104975   0.00000000   0.00000000
   0.00000000
     0.082631    -0.278066    -0.113700    -0.528297   0.00000000   0.00000000
   0.00000000
     0.029685    -0.236153     0.252682    -0.383123   0.00000000   0.00000000
   0.00000000
     0.010858    -0.176702     0.436790     0.401135   0.00000000   0.00000000
   0.00000000
     0.000092    -0.070402     0.236532     0.340199   0.00000000   0.00000000
   0.00000000
     0.000474    -0.014748     0.049010     0.077932     1.000000   0.00000000
   0.00000000
   0.00000000   0.00000000   0.00000000   0.00000000   0.00000000     1.000000
   0.00000000

    8.243444    2.932938    1.043511    0.402462    0.160984

     1.000000   0.00000000   0.00000000   0.00000000   0.00000000
   0.00000000     1.000000   0.00000000   0.00000000   0.00000000
   0.00000000   0.00000000     1.000000   0.00000000   0.00000000
   0.00000000   0.00000000   0.00000000     1.000000   0.00000000
   0.00000000   0.00000000   0.00000000   0.00000000     1.000000

    8.213139    2.737618    1.086634    0.434653

     1.000000   0.00000000   0.00000000   0.00000000
   0.00000000     1.000000   0.00000000   0.00000000
   0.00000000   0.00000000     1.000000   0.00000000
   0.00000000   0.00000000   0.00000000     1.000000

    6.542541    1.877157    0.750862

     1.000000   0.00000000   0.00000000
   0.00000000     1.000000   0.00000000
   0.00000000   0.00000000     1.000000

Tb:aug-cc-pCVTZ-ccECP
ccECP aug-cc-pCVTZ for Tb | source recipes/Tb/ccECP/Tb.aug-cc-pCVTZ.gamess | ccECP from A. Annaberdiyev et al. npj Quantum Materials (2023) https://www.nature.com/articles/s41535-023-00583-6.

  6
    0    1    2    3    4    5
    7    7    6    6    4    3
   15   15   15   15    4    3

   84.068894   42.715901   21.704201   11.028032    5.603408
    2.847125    1.446641    0.735047    0.535418    0.373482
    0.189768    0.096422    0.048993    0.024894    0.009957

    -0.000659     0.000265     0.000772    -0.004031   0.00000000   0.00000000
   0.00000000
     0.004082    -0.001603    -0.004612     0.023037   0.00000000   0.00000000
   0.00000000
    -0.016962     0.006502     0.019060    -0.091208   0.00000000   0.00000000
   0.00000000
     0.029394    -0.012742    -0.049463     0.288770   0.00000000   0.00000000
   0.00000000
     0.199115    -0.060836    -0.078981    -0.248350   0.00000000   0.00000000
   0.00000000
    -0.735067     0.260228     0.586964    -1.236429   0.00000000   0.00000000
   0.00000000
    -0.038209    -0.012864    -0.246149     1.937260   0.00000000   0.00000000
   0.00000000
     0.772227    -0.305767    -0.710541     1.234962   0.00000000   0.00000000
   0.00000000
   0.00000000   0.00000000   0.00000000   0.00000000   0.00000000   0.00000000
     1.000000
     0.512135    -0.345511    -0.824052    -2.202653   0.00000000   0.00000000
   0.00000000
     0.075027    -0.130856     1.204401    -1.214345   0.00000000   0.00000000
   0.00000000
    -0.000644     0.385521     1.263906     2.633634   0.00000000   0.00000000
   0.00000000
     0.001037     0.540490    -0.679895    -0.380791   0.00000000   0.00000000
   0.00000000
    -0.000224     0.347696    -0.749425    -0.697106     1.000000   0.00000000
   0.00000000
   0.00000000   0.00000000   0.00000000   0.00000000   0.00000000     1.000000
   0.00000000

   83.792841   42.169961   21.222644   10.680603    5.375168
    2.705131    2.486171    1.361397    0.685143    0.344808
    0.173530    0.087331    0.043951    0.022119    0.008847

     0.000021    -0.000036    -0.000244     0.000595   0.00000000   0.00000000
   0.00000000
    -0.000103     0.000173     0.001147    -0.002585   0.00000000   0.00000000
   0.00000000
     0.000200    -0.000551    -0.003247     0.000657   0.00000000   0.00000000
   0.00000000
     0.000680     0.002118     0.011117     0.009741   0.00000000   0.00000000
   0.00000000
     0.034921     0.009512    -0.033331     0.247038   0.00000000   0.00000000
   0.00000000
    -0.291378    -0.130390    -0.115979    -0.473451   0.00000000   0.00000000
   0.00000000
   0.00000000   0.00000000   0.00000000   0.00000000   0.00000000   0.00000000
     1.000000
     0.194160     0.121239     0.308987    -0.818709   0.00000000   0.00000000
   0.00000000
     0.538586     0.260268     0.362825     0.723818   0.00000000   0.00000000
   0.00000000
     0.389787     0.306446    -0.183579     0.887770   0.00000000   0.00000000
   0.00000000
     0.096122    -0.195121    -0.743226    -1.300774   0.00000000   0.00000000
   0.00000000
     0.009054    -0.687492     0.290024    -0.002374   0.00000000   0.00000000
   0.00000000
     0.001400    -0.293596     0.343290     0.554379   0.00000000   0.00000000
   0.00000000
     0.000078    -0.019829     0.029330     0.029755     1.000000   0.00000000
   0.00000000
   0.00000000   0.00000000   0.00000000   0.00000000   0.00000000     1.000000
   0.00000000

   65.423356   33.825005   17.488112    9.041656    4.674692
    3.202480    2.416897    1.249577    0.646053    0.334021
    0.172694    0.089286    0.046162    0.023867    0.009546

     0.000001     0.000508     0.001072   0.00000000   0.00000000   0.00000000
    -0.000017    -0.002411    -0.005283   0.00000000   0.00000000   0.00000000
     0.000146     0.009551     0.024775   0.00000000   0.00000000   0.00000000
    -0.002011    -0.007714    -0.023338   0.00000000   0.00000000   0.00000000
     0.010986    -0.033355    -0.109283   0.00000000   0.00000000   0.00000000
   0.00000000   0.00000000   0.00000000   0.00000000   0.00000000     1.000000
    -0.061113    -0.085551    -0.422277   0.00000000   0.00000000   0.00000000
     0.100270    -0.463959    -0.427053   0.00000000   0.00000000   0.00000000
     0.254143    -0.316370     0.229348   0.00000000   0.00000000   0.00000000
     0.327979    -0.090069     0.611567   0.00000000   0.00000000   0.00000000
     0.304711     0.279014     0.117600   0.00000000   0.00000000   0.00000000
     0.195153     0.360751    -0.538203   0.00000000   0.00000000   0.00000000
     0.067716     0.150686    -0.241368   0.00000000   0.00000000   0.00000000
     0.007194     0.014216    -0.029404     1.000000   0.00000000   0.00000000
   0.00000000   0.00000000   0.00000000   0.00000000     1.000000   0.00000000

   56.379801   31.322112   17.401173    9.667318    9.611562
    5.370732    2.983740    1.657633    0.920907    0.511615
    0.284231    0.157906    0.087726    0.048736    0.019494

     0.000302     0.000566     0.000884   0.00000000   0.00000000   0.00000000
    -0.001469    -0.002819    -0.004464   0.00000000   0.00000000   0.00000000
     0.050900     0.054275     0.063470   0.00000000   0.00000000   0.00000000
     0.264537     0.248635     0.258696   0.00000000   0.00000000   0.00000000
   0.00000000   0.00000000   0.00000000   0.00000000   0.00000000     1.000000
     0.299279     0.209593     0.166776   0.00000000   0.00000000   0.00000000
     0.246901     0.092126    -0.033929   0.00000000   0.00000000   0.00000000
     0.217385    -0.144531    -0.313592   0.00000000   0.00000000   0.00000000
     0.137590    -0.268052    -0.292818   0.00000000   0.00000000   0.00000000
     0.082631    -0.278066    -0.113700   0.00000000   0.00000000   0.00000000
     0.029685    -0.236153     0.252682   0.00000000   0.00000000   0.00000000
     0.010858    -0.176702     0.436790   0.00000000   0.00000000   0.00000000
     0.000092    -0.070402     0.236532   0.00000000   0.00000000   0.00000000
     0.000474    -0.014748     0.049010     1.000000   0.00000000   0.00000000
   0.00000000   0.00000000   0.00000000   0.00000000     1.000000   0.00000000

    6.675245    1.980182    0.752830    0.301132

     1.000000   0.00000000   0.00000000   0.00000000
   0.00000000     1.000000   0.00000000   0.00000000
   0.00000000   0.00000000     1.000000   0.00000000
   0.00000000   0.00000000   0.00000000     1.000000

    5.716634    1.588283    0.635313

     1.000000   0.00000000   0.00000000
   0.00000000     1.000000   0.00000000
   0.00000000   0.00000000     1.000000

Tb:aug-cc-pVDZ-ccECP
ccECP aug-cc-pVDZ for Tb | source recipes/Tb/ccECP/Tb.aug-cc-pVDZ.gamess | ccECP from A. Annaberdiyev et al. npj Quantum Materials (2023) https://www.nature.com/articles/s41535-023-00583-6.

  5
    0    1    2    3    4
    5    5    4    4    2
   14   14   14   14    2

   84.068894   42.715901   21.704201   11.028032    5.603408
    2.847125    1.446641    0.735047    0.373482    0.189768
    0.096422    0.048993    0.024894    0.009957

    -0.000659     0.000265     0.000772   0.00000000   0.00000000
     0.004082    -0.001603    -0.004612   0.00000000   0.00000000
    -0.016962     0.006502     0.019060   0.00000000   0.00000000
     0.029394    -0.012742    -0.049463   0.00000000   0.00000000
     0.199115    -0.060836    -0.078981   0.00000000   0.00000000
    -0.735067     0.260228     0.586964   0.00000000   0.00000000
    -0.038209    -0.012864    -0.246149   0.00000000   0.00000000
     0.772227    -0.305767    -0.710541   0.00000000   0.00000000
     0.512135    -0.345511    -0.824052   0.00000000   0.00000000
     0.075027    -0.130856     1.204401   0.00000000   0.00000000
    -0.000644     0.385521     1.263906   0.00000000   0.00000000
     0.001037     0.540490    -0.679895   0.00000000   0.00000000
    -0.000224     0.347696    -0.749425     1.000000   0.00000000
   0.00000000   0.00000000   0.00000000   0.00000000     1.000000

   83.792841   42.169961   21.222644   10.680603    5.375168
    2.705131    1.361397    0.685143    0.344808    0.173530
    0.087331    0.043951    0.022119    0.008847

     0.000021    -0.000036    -0.000244   0.00000000   0.00000000
    -0.000103     0.000173     0.001147   0.00000000   0.00000000
     0.000200    -0.000551    -0.003247   0.00000000   0.00000000
     0.000680     0.002118     0.011117   0.00000000   0.00000000
     0.034921     0.009512    -0.033331   0.00000000   0.00000000
    -0.291378    -0.130390    -0.115979   0.00000000   0.00000000
     0.194160     0.121239     0.308987   0.00000000   0.00000000
     0.538586     0.260268     0.362825   0.00000000   0.00000000
     0.389787     0.306446    -0.183579   0.00000000   0.00000000
     0.096122    -0.195121    -0.743226   0.00000000   0.00000000
     0.009054    -0.687492     0.290024   0.00000000   0.00000000
     0.001400    -0.293596     0.343290   0.00000000   0.00000000
     0.000078    -0.019829     0.029330     1.000000   0.00000000
   0.00000000   0.00000000   0.00000000   0.00000000     1.000000

   65.423356   33.825005   17.488112    9.041656    4.674692
    2.416897    1.249577    0.646053    0.334021    0.172694
    0.089286    0.046162    0.023867    0.009546

     0.000001     0.000508   0.00000000   0.00000000
    -0.000017    -0.002411   0.00000000   0.00000000
     0.000146     0.009551   0.00000000   0.00000000
    -0.002011    -0.007714   0.00000000   0.00000000
     0.010986    -0.033355   0.00000000   0.00000000
    -0.061113    -0.085551   0.00000000   0.00000000
     0.100270    -0.463959   0.00000000   0.00000000
     0.254143    -0.316370   0.00000000   0.00000000
     0.327979    -0.090069   0.00000000   0.00000000
     0.304711     0.279014   0.00000000   0.00000000
     0.195153     0.360751   0.00000000   0.00000000
     0.067716     0.150686   0.00000000   0.00000000
     0.007194     0.014216     1.000000   0.00000000
   0.00000000   0.00000000   0.00000000     1.000000

   56.379801   31.322112   17.401173    9.667318    5.370732
    2.983740    1.657633    0.920907    0.511615    0.284231
    0.157906    0.087726    0.048736    0.019494

     0.000302     0.000566   0.00000000   0.00000000
    -0.001469    -0.002819   0.00000000   0.00000000
     0.050900     0.054275   0.00000000   0.00000000
     0.264537     0.248635   0.00000000   0.00000000
     0.299279     0.209593   0.00000000   0.00000000
     0.246901     0.092126   0.00000000   0.00000000
     0.217385    -0.144531   0.00000000   0.00000000
     0.137590    -0.268052   0.00000000   0.00000000
     0.082631    -0.278066   0.00000000   0.00000000
     0.029685    -0.236153   0.00000000   0.00000000
     0.010858    -0.176702   0.00000000   0.00000000
     0.000092    -0.070402   0.00000000   0.00000000
     0.000474    -0.014748     1.000000   0.00000000
   0.00000000   0.00000000   0.00000000     1.000000

    4.103858    1.641543

     1.000000   0.00000000
   0.00000000     1.000000

Tb:aug-cc-pVQZ-ccECP
ccECP aug-cc-pVQZ for Tb | source recipes/Tb/ccECP/Tb.aug-cc-pVQZ.gamess | ccECP from A. Annaberdiyev et al. npj Quantum Materials (2023) https://www.nature.com/articles/s41535-023-00583-6.

  7
    0    1    2    3    4    5    6
    7    7    6    6    4    3    2
   14   14   14   14    4    3    2

   84.068894   42.715901   21.704201   11.028032    5.603408
    2.847125    1.446641    0.735047    0.373482    0.189768
    0.096422    0.048993    0.024894    0.009957

    -0.000659     0.000265     0.000772    -0.004031    -0.004147   0.00000000
   0.00000000
     0.004082    -0.001603    -0.004612     0.023037     0.024635   0.00000000
   0.00000000
    -0.016962     0.006502     0.019060    -0.091208    -0.124199   0.00000000
   0.00000000
     0.029394    -0.012742    -0.049463     0.288770     0.639009   0.00000000
   0.00000000
     0.199115    -0.060836    -0.078981    -0.248350    -1.577282   0.00000000
   0.00000000
    -0.735067     0.260228     0.586964    -1.236429     0.016194   0.00000000
   0.00000000
    -0.038209    -0.012864    -0.246149     1.937260     4.339414   0.00000000
   0.00000000
     0.772227    -0.305767    -0.710541     1.234962    -3.820865   0.00000000
   0.00000000
     0.512135    -0.345511    -0.824052    -2.202653    -2.311718   0.00000000
   0.00000000
     0.075027    -0.130856     1.204401    -1.214345     6.632330   0.00000000
   0.00000000
    -0.000644     0.385521     1.263906     2.633634    -4.255862   0.00000000
   0.00000000
     0.001037     0.540490    -0.679895    -0.380791    -0.373774   0.00000000
   0.00000000
    -0.000224     0.347696    -0.749425    -0.697106     1.215507     1.000000
   0.00000000
   0.00000000   0.00000000   0.00000000   0.00000000   0.00000000   0.00000000
     1.000000

   83.792841   42.169961   21.222644   10.680603    5.375168
    2.705131    1.361397    0.685143    0.344808    0.173530
    0.087331    0.043951    0.022119    0.008847

     0.000021    -0.000036    -0.000244     0.000595     0.001631   0.00000000
   0.00000000
    -0.000103     0.000173     0.001147    -0.002585    -0.008460   0.00000000
   0.00000000
     0.000200    -0.000551    -0.003247     0.000657     0.052813   0.00000000
   0.00000000
     0.000680     0.002118     0.011117     0.009741    -0.255227   0.00000000
   0.00000000
     0.034921     0.009512    -0.033331     0.247038    -0.085612   0.00000000
   0.00000000
    -0.291378    -0.130390    -0.115979    -0.473451     1.795542   0.00000000
   0.00000000
     0.194160     0.121239     0.308987    -0.818709    -0.987353   0.00000000
   0.00000000
     0.538586     0.260268     0.362825     0.723818    -1.907580   0.00000000
   0.00000000
     0.389787     0.306446    -0.183579     0.887770     3.247321   0.00000000
   0.00000000
     0.096122    -0.195121    -0.743226    -1.300774    -1.397461   0.00000000
   0.00000000
     0.009054    -0.687492     0.290024    -0.002374    -1.046736   0.00000000
   0.00000000
     0.001400    -0.293596     0.343290     0.554379     1.121981   0.00000000
   0.00000000
     0.000078    -0.019829     0.029330     0.029755     0.007359     1.000000
   0.00000000
   0.00000000   0.00000000   0.00000000   0.00000000   0.00000000   0.00000000
     1.000000

   65.423356   33.825005   17.488112    9.041656    4.674692
    2.416897    1.249577    0.646053    0.334021    0.172694
    0.089286    0.046162    0.023867    0.009546

     0.000001     0.000508     0.001072     0.001137   0.00000000   0.00000000
    -0.000017    -0.002411    -0.005283    -0.006500   0.00000000   0.00000000
     0.000146     0.009551     0.024775     0.048610   0.00000000   0.00000000
    -0.002011    -0.007714    -0.023338    -0.045169   0.00000000   0.00000000
     0.010986    -0.033355    -0.109283    -0.437784   0.00000000   0.00000000
    -0.061113    -0.085551    -0.422277    -0.618148   0.00000000   0.00000000
     0.100270    -0.463959    -0.427053     0.528513   0.00000000   0.00000000
     0.254143    -0.316370     0.229348     0.770426   0.00000000   0.00000000
     0.327979    -0.090069     0.611567    -0.475858   0.00000000   0.00000000
     0.304711     0.279014     0.117600    -0.809446   0.00000000   0.00000000
     0.195153     0.360751    -0.538203     0.493712   0.00000000   0.00000000
     0.067716     0.150686    -0.241368     0.310584   0.00000000   0.00000000
     0.007194     0.014216    -0.029404     0.045426     1.000000   0.00000000
   0.00000000   0.00000000   0.00000000   0.00000000   0.00000000     1.000000

   56.379801   31.322112   17.401173    9.667318    5.370732
    2.983740    1.657633    0.920907    0.511615    0.284231
    0.157906    0.087726    0.048736    0.019494

     0.000302     0.000566     0.000884    -0.002534   0.00000000   0.00000000
    -0.001469    -0.002819    -0.004464     0.013283   0.00000000   0.00000000
     0.050900     0.054275     0.063470    -0.130795   0.00000000   0.00000000
     0.264537     0.248635     0.258696    -0.423707   0.00000000   0.00000000
     0.299279     0.209593     0.166776    -0.073489   0.00000000   0.00000000
     0.246901     0.092126    -0.033929     0.404233   0.00000000   0.00000000
     0.217385    -0.144531    -0.313592     0.476057   0.00000000   0.00000000
     0.137590    -0.268052    -0.292818    -0.104975   0.00000000   0.00000000
     0.082631    -0.278066    -0.113700    -0.528297   0.00000000   0.00000000
     0.029685    -0.236153     0.252682    -0.383123   0.00000000   0.00000000
     0.010858    -0.176702     0.436790     0.401135   0.00000000   0.00000000
     0.000092    -0.070402     0.236532     0.340199   0.00000000   0.00000000
     0.000474    -0.014748     0.049010     0.077932     1.000000   0.00000000
   0.00000000   0.00000000   0.00000000   0.00000000   0.00000000     1.000000

    8.243444    2.932938    1.043511    0.160984

     1.000000   0.00000000   0.00000000   0.00000000
   0.00000000     1.000000   0.00000000   0.00000000
   0.00000000   0.00000000     1.000000   0.00000000
   0.00000000   0.00000000   0.00000000     1.000000

    8.213139    2.737618    0.434653

     1.000000   0.00000000   0.00000000
   0.00000000     1.000000   0.00000000
   0.00000000   0.00000000     1.000000

    6.542541    0.750862

     1.000000   0.00000000
   0.00000000     1.000000

Tb:aug-cc-pVTZ-ccECP
ccECP aug-cc-pVTZ for Tb | source recipes/Tb/ccECP/Tb.aug-cc-pVTZ.gamess | ccECP from A. Annaberdiyev et al. npj Quantum Materials (2023) https://www.nature.com/articles/s41535-023-00583-6.

  6
    0    1    2    3    4    5
    6    6    5    5    3    2
   14   14   14   14    3    2

   84.068894   42.715901   21.704201   11.028032    5.603408
    2.847125    1.446641    0.735047    0.373482    0.189768
    0.096422    0.048993    0.024894    0.009957

    -0.000659     0.000265     0.000772    -0.004031   0.00000000   0.00000000
     0.004082    -0.001603    -0.004612     0.023037   0.00000000   0.00000000
    -0.016962     0.006502     0.019060    -0.091208   0.00000000   0.00000000
     0.029394    -0.012742    -0.049463     0.288770   0.00000000   0.00000000
     0.199115    -0.060836    -0.078981    -0.248350   0.00000000   0.00000000
    -0.735067     0.260228     0.586964    -1.236429   0.00000000   0.00000000
    -0.038209    -0.012864    -0.246149     1.937260   0.00000000   0.00000000
     0.772227    -0.305767    -0.710541     1.234962   0.00000000   0.00000000
     0.512135    -0.345511    -0.824052    -2.202653   0.00000000   0.00000000
     0.075027    -0.130856     1.204401    -1.214345   0.00000000   0.00000000
    -0.000644     0.385521     1.263906     2.633634   0.00000000   0.00000000
     0.001037     0.540490    -0.679895    -0.380791   0.00000000   0.00000000
    -0.000224     0.347696    -0.749425    -0.697106     1.000000   0.00000000
   0.00000000   0.00000000   0.00000000   0.00000000   0.00000000     1.000000

   83.792841   42.169961   21.222644   10.680603    5.375168
    2.705131    1.361397    0.685143    0.344808    0.173530
    0.087331    0.043951    0.022119    0.008847

     0.000021    -0.000036    -0.000244     0.000595   0.00000000   0.00000000
    -0.000103     0.000173     0.001147    -0.002585   0.00000000   0.00000000
     0.000200    -0.000551    -0.003247     0.000657   0.00000000   0.00000000
     0.000680     0.002118     0.011117     0.009741   0.00000000   0.00000000
     0.034921     0.009512    -0.033331     0.247038   0.00000000   0.00000000
    -0.291378    -0.130390    -0.115979    -0.473451   0.00000000   0.00000000
     0.194160     0.121239     0.308987    -0.818709   0.00000000   0.00000000
     0.538586     0.260268     0.362825     0.723818   0.00000000   0.00000000
     0.389787     0.306446    -0.183579     0.887770   0.00000000   0.00000000
     0.096122    -0.195121    -0.743226    -1.300774   0.00000000   0.00000000
     0.009054    -0.687492     0.290024    -0.002374   0.00000000   0.00000000
     0.001400    -0.293596     0.343290     0.554379   0.00000000   0.00000000
     0.000078    -0.019829     0.029330     0.029755     1.000000   0.00000000
   0.00000000   0.00000000   0.00000000   0.00000000   0.00000000     1.000000

   65.423356   33.825005   17.488112    9.041656    4.674692
    2.416897    1.249577    0.646053    0.334021    0.172694
    0.089286    0.046162    0.023867    0.009546

     0.000001     0.000508     0.001072   0.00000000   0.00000000
    -0.000017    -0.002411    -0.005283   0.00000000   0.00000000
     0.000146     0.009551     0.024775   0.00000000   0.00000000
    -0.002011    -0.007714    -0.023338   0.00000000   0.00000000
     0.010986    -0.033355    -0.109283   0.00000000   0.00000000
    -0.061113    -0.085551    -0.422277   0.00000000   0.00000000
     0.100270    -0.463959    -0.427053   0.00000000   0.00000000
     0.254143    -0.316370     0.229348   0.00000000   0.00000000
     0.327979    -0.090069     0.611567   0.00000000   0.00000000
     0.304711     0.279014     0.117600   0.00000000   0.00000000
     0.195153     0.360751    -0.538203   0.00000000   0.00000000
     0.067716     0.150686    -0.241368   0.00000000   0.00000000
     0.007194     0.014216    -0.029404     1.000000   0.00000000
   0.00000000   0.00000000   0.00000000   0.00000000     1.000000

   56.379801   31.322112   17.401173    9.667318    5.370732
    2.983740    1.657633    0.920907    0.511615    0.284231
    0.157906    0.087726    0.048736    0.019494

     0.000302     0.000566     0.000884   0.00000000   0.00000000
    -0.001469    -0.002819    -0.004464   0.00000000   0.00000000
     0.050900     0.054275     0.063470   0.00000000   0.00000000
     0.264537     0.248635     0.258696   0.00000000   0.00000000
     0.299279     0.209593     0.166776   0.00000000   0.00000000
     0.246901     0.092126    -0.033929   0.00000000   0.00000000
     0.217385    -0.144531    -0.313592   0.00000000   0.00000000
     0.137590    -0.268052    -0.292818   0.00000000   0.00000000
     0.082631    -0.278066    -0.113700   0.00000000   0.00000000
     0.029685    -0.236153     0.252682   0.00000000   0.00000000
     0.010858    -0.176702     0.436790   0.00000000   0.00000000
     0.000092    -0.070402     0.236532   0.00000000   0.00000000
     0.000474    -0.014748     0.049010     1.000000   0.00000000
   0.00000000   0.00000000   0.00000000   0.00000000     1.000000

    6.675245    1.980182    0.301132

     1.000000   0.00000000   0.00000000
   0.00000000     1.000000   0.00000000
   0.00000000   0.00000000     1.000000

    5.716634    0.635313

     1.000000   0.00000000
   0.00000000     1.000000

Tb:cc-pCVDZ-ccECP
ccECP cc-pCVDZ for Tb | source recipes/Tb/ccECP/Tb.cc-pCVDZ.gamess | ccECP from A. Annaberdiyev et al. npj Quantum Materials (2023) https://www.nature.com/articles/s41535-023-00583-6.

  5
    0    1    2    3    4
    5    5    4    4    2
   14   14   14   14    2

   84.068894   42.715901   21.704201   11.028032    5.603408
    2.847125    1.446641    1.094127    0.735047    0.373482
    0.189768    0.096422    0.048993    0.024894

    -0.000659     0.000265     0.000772   0.00000000   0.00000000
     0.004082    -0.001603    -0.004612   0.00000000   0.00000000
    -0.016962     0.006502     0.019060   0.00000000   0.00000000
     0.029394    -0.012742    -0.049463   0.00000000   0.00000000
     0.199115    -0.060836    -0.078981   0.00000000   0.00000000
    -0.735067     0.260228     0.586964   0.00000000   0.00000000
    -0.038209    -0.012864    -0.246149   0.00000000   0.00000000
   0.00000000   0.00000000   0.00000000   0.00000000     1.000000
     0.772227    -0.305767    -0.710541   0.00000000   0.00000000
     0.512135    -0.345511    -0.824052   0.00000000   0.00000000
     0.075027    -0.130856     1.204401   0.00000000   0.00000000
    -0.000644     0.385521     1.263906   0.00000000   0.00000000
     0.001037     0.540490    -0.679895   0.00000000   0.00000000
    -0.000224     0.347696    -0.749425     1.000000   0.00000000

   83.792841   42.169961   21.222644   10.680603    5.375168
    2.705131    1.361397    1.301165    0.685143    0.344808
    0.173530    0.087331    0.043951    0.022119

     0.000021    -0.000036    -0.000244   0.00000000   0.00000000
    -0.000103     0.000173     0.001147   0.00000000   0.00000000
     0.000200    -0.000551    -0.003247   0.00000000   0.00000000
     0.000680     0.002118     0.011117   0.00000000   0.00000000
     0.034921     0.009512    -0.033331   0.00000000   0.00000000
    -0.291378    -0.130390    -0.115979   0.00000000   0.00000000
     0.194160     0.121239     0.308987   0.00000000   0.00000000
   0.00000000   0.00000000   0.00000000   0.00000000     1.000000
     0.538586     0.260268     0.362825   0.00000000   0.00000000
     0.389787     0.306446    -0.183579   0.00000000   0.00000000
     0.096122    -0.195121    -0.743226   0.00000000   0.00000000
     0.009054    -0.687492     0.290024   0.00000000   0.00000000
     0.001400    -0.293596     0.343290   0.00000000   0.00000000
     0.000078    -0.019829     0.029330     1.000000   0.00000000

   65.423356   33.825005   17.488112    9.041656    4.674692
    2.765895    2.416897    1.249577    0.646053    0.334021
    0.172694    0.089286    0.046162    0.023867

     0.000001     0.000508   0.00000000   0.00000000
    -0.000017    -0.002411   0.00000000   0.00000000
     0.000146     0.009551   0.00000000   0.00000000
    -0.002011    -0.007714   0.00000000   0.00000000
     0.010986    -0.033355   0.00000000   0.00000000
   0.00000000   0.00000000   0.00000000     1.000000
    -0.061113    -0.085551   0.00000000   0.00000000
     0.100270    -0.463959   0.00000000   0.00000000
     0.254143    -0.316370   0.00000000   0.00000000
     0.327979    -0.090069   0.00000000   0.00000000
     0.304711     0.279014   0.00000000   0.00000000
     0.195153     0.360751   0.00000000   0.00000000
     0.067716     0.150686   0.00000000   0.00000000
     0.007194     0.014216     1.000000   0.00000000

   56.379801   31.322112   17.401173    9.667318    8.739537
    5.370732    2.983740    1.657633    0.920907    0.511615
    0.284231    0.157906    0.087726    0.048736

     0.000302     0.000566   0.00000000   0.00000000
    -0.001469    -0.002819   0.00000000   0.00000000
     0.050900     0.054275   0.00000000   0.00000000
     0.264537     0.248635   0.00000000   0.00000000
   0.00000000   0.00000000   0.00000000     1.000000
     0.299279     0.209593   0.00000000   0.00000000
     0.246901     0.092126   0.00000000   0.00000000
     0.217385    -0.144531   0.00000000   0.00000000
     0.137590    -0.268052   0.00000000   0.00000000
     0.082631    -0.278066   0.00000000   0.00000000
     0.029685    -0.236153   0.00000000   0.00000000
     0.010858    -0.176702   0.00000000   0.00000000
     0.000092    -0.070402   0.00000000   0.00000000
     0.000474    -0.014748     1.000000   0.00000000

   10.371793    4.103858

   0.00000000     1.000000
     1.000000   0.00000000

Tb:cc-pCVQZ-ccECP
ccECP cc-pCVQZ for Tb | source recipes/Tb/ccECP/Tb.cc-pCVQZ.gamess | ccECP from A. Annaberdiyev et al. npj Quantum Materials (2023) https://www.nature.com/articles/s41535-023-00583-6.

  7
    0    1    2    3    4    5    6
    7    7    6    6    4    3    2
   14   14   14   14    4    3    2

   84.068894   42.715901   21.704201   11.028032    5.603408
    2.847125    1.446641    0.735047    0.404117    0.373482
    0.189768    0.096422    0.048993    0.024894

    -0.000659     0.000265     0.000772    -0.004031    -0.004147   0.00000000
   0.00000000
     0.004082    -0.001603    -0.004612     0.023037     0.024635   0.00000000
   0.00000000
    -0.016962     0.006502     0.019060    -0.091208    -0.124199   0.00000000
   0.00000000
     0.029394    -0.012742    -0.049463     0.288770     0.639009   0.00000000
   0.00000000
     0.199115    -0.060836    -0.078981    -0.248350    -1.577282   0.00000000
   0.00000000
    -0.735067     0.260228     0.586964    -1.236429     0.016194   0.00000000
   0.00000000
    -0.038209    -0.012864    -0.246149     1.937260     4.339414   0.00000000
   0.00000000
     0.772227    -0.305767    -0.710541     1.234962    -3.820865   0.00000000
   0.00000000
   0.00000000   0.00000000   0.00000000   0.00000000   0.00000000   0.00000000
     1.000000
     0.512135    -0.345511    -0.824052    -2.202653    -2.311718   0.00000000
   0.00000000
     0.075027    -0.130856     1.204401    -1.214345     6.632330   0.00000000
   0.00000000
    -0.000644     0.385521     1.263906     2.633634    -4.255862   0.00000000
   0.00000000
     0.001037     0.540490    -0.679895    -0.380791    -0.373774   0.00000000
   0.00000000
    -0.000224     0.347696    -0.749425    -0.697106     1.215507     1.000000
   0.00000000

   83.792841   42.169961   21.222644   10.680603    5.375168
    3.618038    2.705131    1.361397    0.685143    0.344808
    0.173530    0.087331    0.043951    0.022119

     0.000021    -0.000036    -0.000244     0.000595     0.001631   0.00000000
   0.00000000
    -0.000103     0.000173     0.001147    -0.002585    -0.008460   0.00000000
   0.00000000
     0.000200    -0.000551    -0.003247     0.000657     0.052813   0.00000000
   0.00000000
     0.000680     0.002118     0.011117     0.009741    -0.255227   0.00000000
   0.00000000
     0.034921     0.009512    -0.033331     0.247038    -0.085612   0.00000000
   0.00000000
   0.00000000   0.00000000   0.00000000   0.00000000   0.00000000   0.00000000
     1.000000
    -0.291378    -0.130390    -0.115979    -0.473451     1.795542   0.00000000
   0.00000000
     0.194160     0.121239     0.308987    -0.818709    -0.987353   0.00000000
   0.00000000
     0.538586     0.260268     0.362825     0.723818    -1.907580   0.00000000
   0.00000000
     0.389787     0.306446    -0.183579     0.887770     3.247321   0.00000000
   0.00000000
     0.096122    -0.195121    -0.743226    -1.300774    -1.397461   0.00000000
   0.00000000
     0.009054    -0.687492     0.290024    -0.002374    -1.046736   0.00000000
   0.00000000
     0.001400    -0.293596     0.343290     0.554379     1.121981   0.00000000
   0.00000000
     0.000078    -0.019829     0.029330     0.029755     0.007359     1.000000
   0.00000000

   65.423356   33.825005   17.488112    9.041656    4.674692
    4.285762    2.416897    1.249577    0.646053    0.334021
    0.172694    0.089286    0.046162    0.023867

     0.000001     0.000508     0.001072     0.001137   0.00000000   0.00000000
    -0.000017    -0.002411    -0.005283    -0.006500   0.00000000   0.00000000
     0.000146     0.009551     0.024775     0.048610   0.00000000   0.00000000
    -0.002011    -0.007714    -0.023338    -0.045169   0.00000000   0.00000000
     0.010986    -0.033355    -0.109283    -0.437784   0.00000000   0.00000000
   0.00000000   0.00000000   0.00000000   0.00000000   0.00000000     1.000000
    -0.061113    -0.085551    -0.422277    -0.618148   0.00000000   0.00000000
     0.100270    -0.463959    -0.427053     0.528513   0.00000000   0.00000000
     0.254143    -0.316370     0.229348     0.770426   0.00000000   0.00000000
     0.327979    -0.090069     0.611567    -0.475858   0.00000000   0.00000000
     0.304711     0.279014     0.117600    -0.809446   0.00000000   0.00000000
     0.195153     0.360751    -0.538203     0.493712   0.00000000   0.00000000
     0.067716     0.150686    -0.241368     0.310584   0.00000000   0.00000000
     0.007194     0.014216    -0.029404     0.045426     1.000000   0.00000000

   56.379801   31.322112   17.401173   10.555075    9.667318
    5.370732    2.983740    1.657633    0.920907    0.511615
    0.284231    0.157906    0.087726    0.048736

     0.000302     0.000566     0.000884    -0.002534   0.00000000   0.00000000
    -0.001469    -0.002819    -0.004464     0.013283   0.00000000   0.00000000
     0.050900     0.054275     0.063470    -0.130795   0.00000000   0.00000000
   0.00000000   0.00000000   0.00000000   0.00000000   0.00000000     1.000000
     0.264537     0.248635     0.258696    -0.423707   0.00000000   0.00000000
     0.299279     0.209593     0.166776    -0.073489   0.00000000   0.00000000
     0.246901     0.092126    -0.033929     0.404233   0.00000000   0.00000000
     0.217385    -0.144531    -0.313592     0.476057   0.00000000   0.00000000
     0.137590    -0.268052    -0.292818    -0.104975   0.00000000   0.00000000
     0.082631    -0.278066    -0.113700    -0.528297   0.00000000   0.00000000
     0.029685    -0.236153     0.252682    -0.383123   0.00000000   0.00000000
     0.010858    -0.176702     0.436790     0.401135   0.00000000   0.00000000
     0.000092    -0.070402     0.236532     0.340199   0.00000000   0.00000000
     0.000474    -0.014748     0.049010     0.077932     1.000000   0.00000000

    8.243444    2.932938    1.043511    0.402462

     1.000000   0.00000000   0.00000000   0.00000000
   0.00000000     1.000000   0.00000000   0.00000000
   0.00000000   0.00000000     1.000000   0.00000000
   0.00000000   0.00000000   0.00000000     1.000000

    8.213139    2.737618    1.086634

     1.000000   0.00000000   0.00000000
   0.00000000     1.000000   0.00000000
   0.00000000   0.00000000     1.000000

    6.542541    1.877157

     1.000000   0.00000000
   0.00000000     1.000000

Tb:cc-pCVTZ-ccECP
ccECP cc-pCVTZ for Tb | source recipes/Tb/ccECP/Tb.cc-pCVTZ.gamess | ccECP from A. Annaberdiyev et al. npj Quantum Materials (2023) https://www.nature.com/articles/s41535-023-00583-6.

  6
    0    1    2    3    4    5
    6    6    5    5    3    2
   14   14   14   14    3    2

   84.068894   42.715901   21.704201   11.028032    5.603408
    2.847125    1.446641    0.735047    0.535418    0.373482
    0.189768    0.096422    0.048993    0.024894

    -0.000659     0.000265     0.000772    -0.004031   0.00000000   0.00000000
     0.004082    -0.001603    -0.004612     0.023037   0.00000000   0.00000000
    -0.016962     0.006502     0.019060    -0.091208   0.00000000   0.00000000
     0.029394    -0.012742    -0.049463     0.288770   0.00000000   0.00000000
     0.199115    -0.060836    -0.078981    -0.248350   0.00000000   0.00000000
    -0.735067     0.260228     0.586964    -1.236429   0.00000000   0.00000000
    -0.038209    -0.012864    -0.246149     1.937260   0.00000000   0.00000000
     0.772227    -0.305767    -0.710541     1.234962   0.00000000   0.00000000
   0.00000000   0.00000000   0.00000000   0.00000000   0.00000000     1.000000
     0.512135    -0.345511    -0.824052    -2.202653   0.00000000   0.00000000
     0.075027    -0.130856     1.204401    -1.214345   0.00000000   0.00000000
    -0.000644     0.385521     1.263906     2.633634   0.00000000   0.00000000
     0.001037     0.540490    -0.679895    -0.380791   0.00000000   0.00000000
    -0.000224     0.347696    -0.749425    -0.697106     1.000000   0.00000000

   83.792841   42.169961   21.222644   10.680603    5.375168
    2.705131    2.486171    1.361397    0.685143    0.344808
    0.173530    0.087331    0.043951    0.022119

     0.000021    -0.000036    -0.000244     0.000595   0.00000000   0.00000000
    -0.000103     0.000173     0.001147    -0.002585   0.00000000   0.00000000
     0.000200    -0.000551    -0.003247     0.000657   0.00000000   0.00000000
     0.000680     0.002118     0.011117     0.009741   0.00000000   0.00000000
     0.034921     0.009512    -0.033331     0.247038   0.00000000   0.00000000
    -0.291378    -0.130390    -0.115979    -0.473451   0.00000000   0.00000000
   0.00000000   0.00000000   0.00000000   0.00000000   0.00000000     1.000000
     0.194160     0.121239     0.308987    -0.818709   0.00000000   0.00000000
     0.538586     0.260268     0.362825     0.723818   0.00000000   0.00000000
     0.389787     0.306446    -0.183579     0.887770   0.00000000   0.00000000
     0.096122    -0.195121    -0.743226    -1.300774   0.00000000   0.00000000
     0.009054    -0.687492     0.290024    -0.002374   0.00000000   0.00000000
     0.001400    -0.293596     0.343290     0.554379   0.00000000   0.00000000
     0.000078    -0.019829     0.029330     0.029755     1.000000   0.00000000

   65.423356   33.825005   17.488112    9.041656    4.674692
    3.202480    2.416897    1.249577    0.646053    0.334021
    0.172694    0.089286    0.046162    0.023867

     0.000001     0.000508     0.001072   0.00000000   0.00000000
    -0.000017    -0.002411    -0.005283   0.00000000   0.00000000
     0.000146     0.009551     0.024775   0.00000000   0.00000000
    -0.002011    -0.007714    -0.023338   0.00000000   0.00000000
     0.010986    -0.033355    -0.109283   0.00000000   0.00000000
   0.00000000   0.00000000   0.00000000   0.00000000     1.000000
    -0.061113    -0.085551    -0.422277   0.00000000   0.00000000
     0.100270    -0.463959    -0.427053   0.00000000   0.00000000
     0.254143    -0.316370     0.229348   0.00000000   0.00000000
     0.327979    -0.090069     0.611567   0.00000000   0.00000000
     0.304711     0.279014     0.117600   0.00000000   0.00000000
     0.195153     0.360751    -0.538203   0.00000000   0.00000000
     0.067716     0.150686    -0.241368   0.00000000   0.00000000
     0.007194     0.014216    -0.029404     1.000000   0.00000000

   56.379801   31.322112   17.401173    9.667318    9.611562
    5.370732    2.983740    1.657633    0.920907    0.511615
    0.284231    0.157906    0.087726    0.048736

     0.000302     0.000566     0.000884   0.00000000   0.00000000
    -0.001469    -0.002819    -0.004464   0.00000000   0.00000000
     0.050900     0.054275     0.063470   0.00000000   0.00000000
     0.264537     0.248635     0.258696   0.00000000   0.00000000
   0.00000000   0.00000000   0.00000000   0.00000000     1.000000
     0.299279     0.209593     0.166776   0.00000000   0.00000000
     0.246901     0.092126    -0.033929   0.00000000   0.00000000
     0.217385    -0.144531    -0.313592   0.00000000   0.00000000
     0.137590    -0.268052    -0.292818   0.00000000   0.00000000
     0.082631    -0.278066    -0.113700   0.00000000   0.00000000
     0.029685    -0.236153     0.252682   0.00000000   0.00000000
     0.010858    -0.176702     0.436790   0.00000000   0.00000000
     0.000092    -0.070402     0.236532   0.00000000   0.00000000
     0.000474    -0.014748     0.049010     1.000000   0.00000000

    6.675245    1.980182    0.752830

     1.000000   0.00000000   0.00000000
   0.00000000     1.000000   0.00000000
   0.00000000   0.00000000     1.000000

    5.716634    1.588283

     1.000000   0.00000000
   0.00000000     1.000000

Tb:cc-pVDZ-ccECP
ccECP cc-pVDZ for Tb | source recipes/Tb/ccECP/Tb.cc-pVDZ.gamess | ccECP from A. Annaberdiyev et al. npj Quantum Materials (2023) https://www.nature.com/articles/s41535-023-00583-6.

  5
    0    1    2    3    4
    4    4    3    3    1
   13   13   13   13    1

   84.068894   42.715901   21.704201   11.028032    5.603408
    2.847125    1.446641    0.735047    0.373482    0.189768
    0.096422    0.048993    0.024894

    -0.000659     0.000265     0.000772   0.00000000
     0.004082    -0.001603    -0.004612   0.00000000
    -0.016962     0.006502     0.019060   0.00000000
     0.029394    -0.012742    -0.049463   0.00000000
     0.199115    -0.060836    -0.078981   0.00000000
    -0.735067     0.260228     0.586964   0.00000000
    -0.038209    -0.012864    -0.246149   0.00000000
     0.772227    -0.305767    -0.710541   0.00000000
     0.512135    -0.345511    -0.824052   0.00000000
     0.075027    -0.130856     1.204401   0.00000000
    -0.000644     0.385521     1.263906   0.00000000
     0.001037     0.540490    -0.679895   0.00000000
    -0.000224     0.347696    -0.749425     1.000000

   83.792841   42.169961   21.222644   10.680603    5.375168
    2.705131    1.361397    0.685143    0.344808    0.173530
    0.087331    0.043951    0.022119

     0.000021    -0.000036    -0.000244   0.00000000
    -0.000103     0.000173     0.001147   0.00000000
     0.000200    -0.000551    -0.003247   0.00000000
     0.000680     0.002118     0.011117   0.00000000
     0.034921     0.009512    -0.033331   0.00000000
    -0.291378    -0.130390    -0.115979   0.00000000
     0.194160     0.121239     0.308987   0.00000000
     0.538586     0.260268     0.362825   0.00000000
     0.389787     0.306446    -0.183579   0.00000000
     0.096122    -0.195121    -0.743226   0.00000000
     0.009054    -0.687492     0.290024   0.00000000
     0.001400    -0.293596     0.343290   0.00000000
     0.000078    -0.019829     0.029330     1.000000

   65.423356   33.825005   17.488112    9.041656    4.674692
    2.416897    1.249577    0.646053    0.334021    0.172694
    0.089286    0.046162    0.023867

     0.000001     0.000508   0.00000000
    -0.000017    -0.002411   0.00000000
     0.000146     0.009551   0.00000000
    -0.002011    -0.007714   0.00000000
     0.010986    -0.033355   0.00000000
    -0.061113    -0.085551   0.00000000
     0.100270    -0.463959   0.00000000
     0.254143    -0.316370   0.00000000
     0.327979    -0.090069   0.00000000
     0.304711     0.279014   0.00000000
     0.195153     0.360751   0.00000000
     0.067716     0.150686   0.00000000
     0.007194     0.014216     1.000000

   56.379801   31.322112   17.401173    9.667318    5.370732
    2.983740    1.657633    0.920907    0.511615    0.284231
    0.157906    0.087726    0.048736

     0.000302     0.000566   0.00000000
    -0.001469    -0.002819   0.00000000
     0.050900     0.054275   0.00000000
     0.264537     0.248635   0.00000000
     0.299279     0.209593   0.00000000
     0.246901     0.092126   0.00000000
     0.217385    -0.144531   0.00000000
     0.137590    -0.268052   0.00000000
     0.082631    -0.278066   0.00000000
     0.029685    -0.236153   0.00000000
     0.010858    -0.176702   0.00000000
     0.000092    -0.070402   0.00000000
     0.000474    -0.014748     1.000000

    4.103858

     1.000000

Tb:cc-pVQZ-ccECP
ccECP cc-pVQZ for Tb | source recipes/Tb/ccECP/Tb.cc-pVQZ.gamess | ccECP from A. Annaberdiyev et al. npj Quantum Materials (2023) https://www.nature.com/articles/s41535-023-00583-6.

  7
    0    1    2    3    4    5    6
    6    6    5    5    3    2    1
   13   13   13   13    3    2    1

   84.068894   42.715901   21.704201   11.028032    5.603408
    2.847125    1.446641    0.735047    0.373482    0.189768
    0.096422    0.048993    0.024894

    -0.000659     0.000265     0.000772    -0.004031    -0.004147   0.00000000
     0.004082    -0.001603    -0.004612     0.023037     0.024635   0.00000000
    -0.016962     0.006502     0.019060    -0.091208    -0.124199   0.00000000
     0.029394    -0.012742    -0.049463     0.288770     0.639009   0.00000000
     0.199115    -0.060836    -0.078981    -0.248350    -1.577282   0.00000000
    -0.735067     0.260228     0.586964    -1.236429     0.016194   0.00000000
    -0.038209    -0.012864    -0.246149     1.937260     4.339414   0.00000000
     0.772227    -0.305767    -0.710541     1.234962    -3.820865   0.00000000
     0.512135    -0.345511    -0.824052    -2.202653    -2.311718   0.00000000
     0.075027    -0.130856     1.204401    -1.214345     6.632330   0.00000000
    -0.000644     0.385521     1.263906     2.633634    -4.255862   0.00000000
     0.001037     0.540490    -0.679895    -0.380791    -0.373774   0.00000000
    -0.000224     0.347696    -0.749425    -0.697106     1.215507     1.000000

   83.792841   42.169961   21.222644   10.680603    5.375168
    2.705131    1.361397    0.685143    0.344808    0.173530
    0.087331    0.043951    0.022119

     0.000021    -0.000036    -0.000244     0.000595     0.001631   0.00000000
    -0.000103     0.000173     0.001147    -0.002585    -0.008460   0.00000000
     0.000200    -0.000551    -0.003247     0.000657     0.052813   0.00000000
     0.000680     0.002118     0.011117     0.009741    -0.255227   0.00000000
     0.034921     0.009512    -0.033331     0.247038    -0.085612   0.00000000
    -0.291378    -0.130390    -0.115979    -0.473451     1.795542   0.00000000
     0.194160     0.121239     0.308987    -0.818709    -0.987353   0.00000000
     0.538586     0.260268     0.362825     0.723818    -1.907580   0.00000000
     0.389787     0.306446    -0.183579     0.887770     3.247321   0.00000000
     0.096122    -0.195121    -0.743226    -1.300774    -1.397461   0.00000000
     0.009054    -0.687492     0.290024    -0.002374    -1.046736   0.00000000
     0.001400    -0.293596     0.343290     0.554379     1.121981   0.00000000
     0.000078    -0.019829     0.029330     0.029755     0.007359     1.000000

   65.423356   33.825005   17.488112    9.041656    4.674692
    2.416897    1.249577    0.646053    0.334021    0.172694
    0.089286    0.046162    0.023867

     0.000001     0.000508     0.001072     0.001137   0.00000000
    -0.000017    -0.002411    -0.005283    -0.006500   0.00000000
     0.000146     0.009551     0.024775     0.048610   0.00000000
    -0.002011    -0.007714    -0.023338    -0.045169   0.00000000
     0.010986    -0.033355    -0.109283    -0.437784   0.00000000
    -0.061113    -0.085551    -0.422277    -0.618148   0.00000000
     0.100270    -0.463959    -0.427053     0.528513   0.00000000
     0.254143    -0.316370     0.229348     0.770426   0.00000000
     0.327979    -0.090069     0.611567    -0.475858   0.00000000
     0.304711     0.279014     0.117600    -0.809446   0.00000000
     0.195153     0.360751    -0.538203     0.493712   0.00000000
     0.067716     0.150686    -0.241368     0.310584   0.00000000
     0.007194     0.014216    -0.029404     0.045426     1.000000

   56.379801   31.322112   17.401173    9.667318    5.370732
    2.983740    1.657633    0.920907    0.511615    0.284231
    0.157906    0.087726    0.048736

     0.000302     0.000566     0.000884    -0.002534   0.00000000
    -0.001469    -0.002819    -0.004464     0.013283   0.00000000
     0.050900     0.054275     0.063470    -0.130795   0.00000000
     0.264537     0.248635     0.258696    -0.423707   0.00000000
     0.299279     0.209593     0.166776    -0.073489   0.00000000
     0.246901     0.092126    -0.033929     0.404233   0.00000000
     0.217385    -0.144531    -0.313592     0.476057   0.00000000
     0.137590    -0.268052    -0.292818    -0.104975   0.00000000
     0.082631    -0.278066    -0.113700    -0.528297   0.00000000
     0.029685    -0.236153     0.252682    -0.383123   0.00000000
     0.010858    -0.176702     0.436790     0.401135   0.00000000
     0.000092    -0.070402     0.236532     0.340199   0.00000000
     0.000474    -0.014748     0.049010     0.077932     1.000000

    8.243444    2.932938    1.043511

     1.000000   0.00000000   0.00000000
   0.00000000     1.000000   0.00000000
   0.00000000   0.00000000     1.000000

    8.213139    2.737618

     1.000000   0.00000000
   0.00000000     1.000000

    6.542541

     1.000000

Tb:cc-pVTZ-ccECP
ccECP cc-pVTZ for Tb | source recipes/Tb/ccECP/Tb.cc-pVTZ.gamess | ccECP from A. Annaberdiyev et al. npj Quantum Materials (2023) https://www.nature.com/articles/s41535-023-00583-6.

  6
    0    1    2    3    4    5
    5    5    4    4    2    1
   13   13   13   13    2    1

   84.068894   42.715901   21.704201   11.028032    5.603408
    2.847125    1.446641    0.735047    0.373482    0.189768
    0.096422    0.048993    0.024894

    -0.000659     0.000265     0.000772    -0.004031   0.00000000
     0.004082    -0.001603    -0.004612     0.023037   0.00000000
    -0.016962     0.006502     0.019060    -0.091208   0.00000000
     0.029394    -0.012742    -0.049463     0.288770   0.00000000
     0.199115    -0.060836    -0.078981    -0.248350   0.00000000
    -0.735067     0.260228     0.586964    -1.236429   0.00000000
    -0.038209    -0.012864    -0.246149     1.937260   0.00000000
     0.772227    -0.305767    -0.710541     1.234962   0.00000000
     0.512135    -0.345511    -0.824052    -2.202653   0.00000000
     0.075027    -0.130856     1.204401    -1.214345   0.00000000
    -0.000644     0.385521     1.263906     2.633634   0.00000000
     0.001037     0.540490    -0.679895    -0.380791   0.00000000
    -0.000224     0.347696    -0.749425    -0.697106     1.000000

   83.792841   42.169961   21.222644   10.680603    5.375168
    2.705131    1.361397    0.685143    0.344808    0.173530
    0.087331    0.043951    0.022119

     0.000021    -0.000036    -0.000244     0.000595   0.00000000
    -0.000103     0.000173     0.001147    -0.002585   0.00000000
     0.000200    -0.000551    -0.003247     0.000657   0.00000000
     0.000680     0.002118     0.011117     0.009741   0.00000000
     0.034921     0.009512    -0.033331     0.247038   0.00000000
    -0.291378    -0.130390    -0.115979    -0.473451   0.00000000
     0.194160     0.121239     0.308987    -0.818709   0.00000000
     0.538586     0.260268     0.362825     0.723818   0.00000000
     0.389787     0.306446    -0.183579     0.887770   0.00000000
     0.096122    -0.195121    -0.743226    -1.300774   0.00000000
     0.009054    -0.687492     0.290024    -0.002374   0.00000000
     0.001400    -0.293596     0.343290     0.554379   0.00000000
     0.000078    -0.019829     0.029330     0.029755     1.000000

   65.423356   33.825005   17.488112    9.041656    4.674692
    2.416897    1.249577    0.646053    0.334021    0.172694
    0.089286    0.046162    0.023867

     0.000001     0.000508     0.001072   0.00000000
    -0.000017    -0.002411    -0.005283   0.00000000
     0.000146     0.009551     0.024775   0.00000000
    -0.002011    -0.007714    -0.023338   0.00000000
     0.010986    -0.033355    -0.109283   0.00000000
    -0.061113    -0.085551    -0.422277   0.00000000
     0.100270    -0.463959    -0.427053   0.00000000
     0.254143    -0.316370     0.229348   0.00000000
     0.327979    -0.090069     0.611567   0.00000000
     0.304711     0.279014     0.117600   0.00000000
     0.195153     0.360751    -0.538203   0.00000000
     0.067716     0.150686    -0.241368   0.00000000
     0.007194     0.014216    -0.029404     1.000000

   56.379801   31.322112   17.401173    9.667318    5.370732
    2.983740    1.657633    0.920907    0.511615    0.284231
    0.157906    0.087726    0.048736

     0.000302     0.000566     0.000884   0.00000000
    -0.001469    -0.002819    -0.004464   0.00000000
     0.050900     0.054275     0.063470   0.00000000
     0.264537     0.248635     0.258696   0.00000000
     0.299279     0.209593     0.166776   0.00000000
     0.246901     0.092126    -0.033929   0.00000000
     0.217385    -0.144531    -0.313592   0.00000000
     0.137590    -0.268052    -0.292818   0.00000000
     0.082631    -0.278066    -0.113700   0.00000000
     0.029685    -0.236153     0.252682   0.00000000
     0.010858    -0.176702     0.436790   0.00000000
     0.000092    -0.070402     0.236532   0.00000000
     0.000474    -0.014748     0.049010     1.000000

    6.675245    1.980182

     1.000000   0.00000000
   0.00000000     1.000000

    5.716634

     1.000000

