
Ga:aug-cc-pV5Z-ccECP
ccECP aug-cc-pV5Z for Ga | source recipes/Ga/ccECP/Ga.aug-cc-pV5Z.gamess | ccECP from Guangming Wang et al. Journal of Chemical Physics 151, 144110 (2019) https://doi.org/10.1063/1.5121006

  6
    0    1    2    3    4    5
    6    6    5    4    3    2
   14   14    5    4    3    2

   31.011369   13.757663    6.103352    2.707648    1.201202
    0.532893    0.433600    0.236409    0.216864    0.108464
    0.104879    0.054248    0.046528    0.021699

   -0.00004600    0.00000000    0.00000000    0.00000000    0.00000000
    0.00000000
    0.00020700    0.00000000    0.00000000    0.00000000    0.00000000
    0.00000000
   -0.00828200    0.00000000    0.00000000    0.00000000    0.00000000
    0.00000000
    0.08572200    0.00000000    0.00000000    0.00000000    0.00000000
    0.00000000
   -0.35069900    0.00000000    0.00000000    0.00000000    0.00000000
    0.00000000
    0.00456700    0.00000000    0.00000000    0.00000000    0.00000000
    0.00000000
    0.00000000    1.00000000    0.00000000    0.00000000    0.00000000
    0.00000000
    0.45296800    0.00000000    0.00000000    0.00000000    0.00000000
    0.00000000
    0.00000000    0.00000000    1.00000000    0.00000000    0.00000000
    0.00000000
    0.00000000    0.00000000    0.00000000    1.00000000    0.00000000
    0.00000000
    0.55818700    0.00000000    0.00000000    0.00000000    0.00000000
    0.00000000
    0.00000000    0.00000000    0.00000000    0.00000000    1.00000000
    0.00000000
    0.16331900    0.00000000    0.00000000    0.00000000    0.00000000
    0.00000000
    0.00000000    0.00000000    0.00000000    0.00000000    0.00000000
    1.00000000

   15.391968    6.919798    3.110948    1.398595    0.628769
    0.518134    0.282677    0.209184    0.127084    0.084453
    0.057133    0.034096    0.025686    0.013638

   -0.00012000    0.00000000    0.00000000    0.00000000    0.00000000
    0.00000000
   -0.00020200    0.00000000    0.00000000    0.00000000    0.00000000
    0.00000000
    0.00885300    0.00000000    0.00000000    0.00000000    0.00000000
    0.00000000
   -0.07370800    0.00000000    0.00000000    0.00000000    0.00000000
    0.00000000
    0.02826000    0.00000000    0.00000000    0.00000000    0.00000000
    0.00000000
    0.00000000    1.00000000    0.00000000    0.00000000    0.00000000
    0.00000000
    0.22146300    0.00000000    0.00000000    0.00000000    0.00000000
    0.00000000
    0.00000000    0.00000000    1.00000000    0.00000000    0.00000000
    0.00000000
    0.41332000    0.00000000    0.00000000    0.00000000    0.00000000
    0.00000000
    0.00000000    0.00000000    0.00000000    1.00000000    0.00000000
    0.00000000
    0.38568600    0.00000000    0.00000000    0.00000000    0.00000000
    0.00000000
    0.00000000    0.00000000    0.00000000    0.00000000    1.00000000
    0.00000000
    0.11229200    0.00000000    0.00000000    0.00000000    0.00000000
    0.00000000
    0.00000000    0.00000000    0.00000000    0.00000000    0.00000000
    1.00000000

    0.782969    0.362956    0.168253    0.077996    0.031198

    1.00000000    0.00000000    0.00000000    0.00000000    0.00000000
    0.00000000    1.00000000    0.00000000    0.00000000    0.00000000
    0.00000000    0.00000000    1.00000000    0.00000000    0.00000000
    0.00000000    0.00000000    0.00000000    1.00000000    0.00000000
    0.00000000    0.00000000    0.00000000    0.00000000    1.00000000

    0.603610    0.311095    0.160335    0.064134

    1.00000000    0.00000000    0.00000000    0.00000000
    0.00000000    1.00000000    0.00000000    0.00000000
    0.00000000    0.00000000    1.00000000    0.00000000
    0.00000000    0.00000000    0.00000000    1.00000000

    0.591927    0.292266    0.116906

    1.00000000    0.00000000    0.00000000
    0.00000000    1.00000000    0.00000000
    0.00000000    0.00000000    1.00000000

    0.525905    0.210362

    1.00000000    0.00000000
    0.00000000    1.00000000

Ga:aug-cc-pV6Z-ccECP
ccECP aug-cc-pV6Z for Ga | source recipes/Ga/ccECP/Ga.aug-cc-pV6Z.gamess | ccECP from Guangming Wang et al. Journal of Chemical Physics 151, 144110 (2019) https://doi.org/10.1063/1.5121006

  7
    0    1    2    3    4    5    6
    7    7    6    5    4    3    2
   15   15    6    5    4    3    2

   31.011369   13.757663    6.103352    2.707648    1.209705
    1.201202    0.548033    0.532893    0.248275    0.236409
    0.112476    0.104879    0.050955    0.046528    0.020382

   -0.00004600    0.00000000    0.00000000    0.00000000    0.00000000
    0.00000000    0.00000000
    0.00020700    0.00000000    0.00000000    0.00000000    0.00000000
    0.00000000    0.00000000
   -0.00828200    0.00000000    0.00000000    0.00000000    0.00000000
    0.00000000    0.00000000
    0.08572200    0.00000000    0.00000000    0.00000000    0.00000000
    0.00000000    0.00000000
    0.00000000    1.00000000    0.00000000    0.00000000    0.00000000
    0.00000000    0.00000000
   -0.35069900    0.00000000    0.00000000    0.00000000    0.00000000
    0.00000000    0.00000000
    0.00000000    0.00000000    1.00000000    0.00000000    0.00000000
    0.00000000    0.00000000
    0.00456700    0.00000000    0.00000000    0.00000000    0.00000000
    0.00000000    0.00000000
    0.00000000    0.00000000    0.00000000    1.00000000    0.00000000
    0.00000000    0.00000000
    0.45296800    0.00000000    0.00000000    0.00000000    0.00000000
    0.00000000    0.00000000
    0.00000000    0.00000000    0.00000000    0.00000000    1.00000000
    0.00000000    0.00000000
    0.55818700    0.00000000    0.00000000    0.00000000    0.00000000
    0.00000000    0.00000000
    0.00000000    0.00000000    0.00000000    0.00000000    0.00000000
    1.00000000    0.00000000
    0.16331900    0.00000000    0.00000000    0.00000000    0.00000000
    0.00000000    0.00000000
    0.00000000    0.00000000    0.00000000    0.00000000    0.00000000
    0.00000000    1.00000000

   15.391968    6.919798    3.110948    1.398595    0.786858
    0.628769    0.347047    0.282677    0.153067    0.127084
    0.067511    0.057133    0.029776    0.025686    0.011910

   -0.00012000    0.00000000    0.00000000    0.00000000    0.00000000
    0.00000000    0.00000000
   -0.00020200    0.00000000    0.00000000    0.00000000    0.00000000
    0.00000000    0.00000000
    0.00885300    0.00000000    0.00000000    0.00000000    0.00000000
    0.00000000    0.00000000
   -0.07370800    0.00000000    0.00000000    0.00000000    0.00000000
    0.00000000    0.00000000
    0.00000000    1.00000000    0.00000000    0.00000000    0.00000000
    0.00000000    0.00000000
    0.02826000    0.00000000    0.00000000    0.00000000    0.00000000
    0.00000000    0.00000000
    0.00000000    0.00000000    1.00000000    0.00000000    0.00000000
    0.00000000    0.00000000
    0.22146300    0.00000000    0.00000000    0.00000000    0.00000000
    0.00000000    0.00000000
    0.00000000    0.00000000    0.00000000    1.00000000    0.00000000
    0.00000000    0.00000000
    0.41332000    0.00000000    0.00000000    0.00000000    0.00000000
    0.00000000    0.00000000
    0.00000000    0.00000000    0.00000000    0.00000000    1.00000000
    0.00000000    0.00000000
    0.38568600    0.00000000    0.00000000    0.00000000    0.00000000
    0.00000000    0.00000000
    0.00000000    0.00000000    0.00000000    0.00000000    0.00000000
    1.00000000    0.00000000
    0.11229200    0.00000000    0.00000000    0.00000000    0.00000000
    0.00000000    0.00000000
    0.00000000    0.00000000    0.00000000    0.00000000    0.00000000
    0.00000000    1.00000000

    1.099247    0.542908    0.268137    0.132430    0.065406
    0.026162

    1.00000000    0.00000000    0.00000000    0.00000000    0.00000000
    0.00000000
    0.00000000    1.00000000    0.00000000    0.00000000    0.00000000
    0.00000000
    0.00000000    0.00000000    1.00000000    0.00000000    0.00000000
    0.00000000
    0.00000000    0.00000000    0.00000000    1.00000000    0.00000000
    0.00000000
    0.00000000    0.00000000    0.00000000    0.00000000    1.00000000
    0.00000000
    0.00000000    0.00000000    0.00000000    0.00000000    0.00000000
    1.00000000

    0.721935    0.400373    0.222041    0.123140    0.049256

    1.00000000    0.00000000    0.00000000    0.00000000    0.00000000
    0.00000000    1.00000000    0.00000000    0.00000000    0.00000000
    0.00000000    0.00000000    1.00000000    0.00000000    0.00000000
    0.00000000    0.00000000    0.00000000    1.00000000    0.00000000
    0.00000000    0.00000000    0.00000000    0.00000000    1.00000000

    0.707451    0.405193    0.232074    0.092830

    1.00000000    0.00000000    0.00000000    0.00000000
    0.00000000    1.00000000    0.00000000    0.00000000
    0.00000000    0.00000000    1.00000000    0.00000000
    0.00000000    0.00000000    0.00000000    1.00000000

    0.653822    0.366953    0.146781

    1.00000000    0.00000000    0.00000000
    0.00000000    1.00000000    0.00000000
    0.00000000    0.00000000    1.00000000

    0.651434    0.260574

    1.00000000    0.00000000
    0.00000000    1.00000000

Ga:aug-cc-pVDZ-ccECP
ccECP aug-cc-pVDZ for Ga | source recipes/Ga/ccECP/Ga.aug-cc-pVDZ.gamess | ccECP from Guangming Wang et al. Journal of Chemical Physics 151, 144110 (2019) https://doi.org/10.1063/1.5121006

  3
    0    1    2
    3    3    2
   11   11    2

   31.011369   13.757663    6.103352    2.707648    1.201202
    0.532893    0.236409    0.104879    0.046528    0.043204
    0.017282

   -0.00004600    0.00000000    0.00000000
    0.00020700    0.00000000    0.00000000
   -0.00828200    0.00000000    0.00000000
    0.08572200    0.00000000    0.00000000
   -0.35069900    0.00000000    0.00000000
    0.00456700    0.00000000    0.00000000
    0.45296800    0.00000000    0.00000000
    0.55818700    0.00000000    0.00000000
    0.16331900    0.00000000    0.00000000
    0.00000000    1.00000000    0.00000000
    0.00000000    0.00000000    1.00000000

   15.391968    6.919798    3.110948    1.398595    0.628769
    0.282677    0.127084    0.057133    0.054969    0.025686
    0.021988

   -0.00012000    0.00000000    0.00000000
   -0.00020200    0.00000000    0.00000000
    0.00885300    0.00000000    0.00000000
   -0.07370800    0.00000000    0.00000000
    0.02826000    0.00000000    0.00000000
    0.22146300    0.00000000    0.00000000
    0.41332000    0.00000000    0.00000000
    0.38568600    0.00000000    0.00000000
    0.00000000    1.00000000    0.00000000
    0.11229200    0.00000000    0.00000000
    0.00000000    0.00000000    1.00000000

    0.186277    0.074511

    1.00000000    0.00000000
    0.00000000    1.00000000

Ga:aug-cc-pVQZ-ccECP
ccECP aug-cc-pVQZ for Ga | source recipes/Ga/ccECP/Ga.aug-cc-pVQZ.gamess | ccECP from Guangming Wang et al. Journal of Chemical Physics 151, 144110 (2019) https://doi.org/10.1063/1.5121006

  5
    0    1    2    3    4
    5    5    4    3    2
   13   13    4    3    2

   31.011369   13.757663    6.103352    2.707648    1.201202
    0.532893    0.382198    0.236409    0.155250    0.104879
    0.063063    0.046528    0.025225

   -0.00004600    0.00000000    0.00000000    0.00000000    0.00000000
    0.00020700    0.00000000    0.00000000    0.00000000    0.00000000
   -0.00828200    0.00000000    0.00000000    0.00000000    0.00000000
    0.08572200    0.00000000    0.00000000    0.00000000    0.00000000
   -0.35069900    0.00000000    0.00000000    0.00000000    0.00000000
    0.00456700    0.00000000    0.00000000    0.00000000    0.00000000
    0.00000000    1.00000000    0.00000000    0.00000000    0.00000000
    0.45296800    0.00000000    0.00000000    0.00000000    0.00000000
    0.00000000    0.00000000    1.00000000    0.00000000    0.00000000
    0.55818700    0.00000000    0.00000000    0.00000000    0.00000000
    0.00000000    0.00000000    0.00000000    1.00000000    0.00000000
    0.16331900    0.00000000    0.00000000    0.00000000    0.00000000
    0.00000000    0.00000000    0.00000000    0.00000000    1.00000000

   15.391968    6.919798    3.110948    1.398595    0.628769
    0.303209    0.282677    0.127084    0.113225    0.057133
    0.042281    0.025686    0.016912

   -0.00012000    0.00000000    0.00000000    0.00000000    0.00000000
   -0.00020200    0.00000000    0.00000000    0.00000000    0.00000000
    0.00885300    0.00000000    0.00000000    0.00000000    0.00000000
   -0.07370800    0.00000000    0.00000000    0.00000000    0.00000000
    0.02826000    0.00000000    0.00000000    0.00000000    0.00000000
    0.00000000    1.00000000    0.00000000    0.00000000    0.00000000
    0.22146300    0.00000000    0.00000000    0.00000000    0.00000000
    0.41332000    0.00000000    0.00000000    0.00000000    0.00000000
    0.00000000    0.00000000    1.00000000    0.00000000    0.00000000
    0.38568600    0.00000000    0.00000000    0.00000000    0.00000000
    0.00000000    0.00000000    0.00000000    1.00000000    0.00000000
    0.11229200    0.00000000    0.00000000    0.00000000    0.00000000
    0.00000000    0.00000000    0.00000000    0.00000000    1.00000000

    0.373226    0.173594    0.080742    0.032297

    1.00000000    0.00000000    0.00000000    0.00000000
    0.00000000    1.00000000    0.00000000    0.00000000
    0.00000000    0.00000000    1.00000000    0.00000000
    0.00000000    0.00000000    0.00000000    1.00000000

    0.450135    0.175748    0.070299

    1.00000000    0.00000000    0.00000000
    0.00000000    1.00000000    0.00000000
    0.00000000    0.00000000    1.00000000

    0.406448    0.162579

    1.00000000    0.00000000
    0.00000000    1.00000000

Ga:aug-cc-pVTZ-ccECP
ccECP aug-cc-pVTZ for Ga | source recipes/Ga/ccECP/Ga.aug-cc-pVTZ.gamess | ccECP from Guangming Wang et al. Journal of Chemical Physics 151, 144110 (2019) https://doi.org/10.1063/1.5121006

  4
    0    1    2    3
    4    4    3    2
   12   12    3    2

   31.011369   13.757663    6.103352    2.707648    1.201202
    0.532893    0.391111    0.236409    0.104879    0.071697
    0.046528    0.028679

   -0.00004600    0.00000000    0.00000000    0.00000000
    0.00020700    0.00000000    0.00000000    0.00000000
   -0.00828200    0.00000000    0.00000000    0.00000000
    0.08572200    0.00000000    0.00000000    0.00000000
   -0.35069900    0.00000000    0.00000000    0.00000000
    0.00456700    0.00000000    0.00000000    0.00000000
    0.00000000    1.00000000    0.00000000    0.00000000
    0.45296800    0.00000000    0.00000000    0.00000000
    0.55818700    0.00000000    0.00000000    0.00000000
    0.00000000    0.00000000    1.00000000    0.00000000
    0.16331900    0.00000000    0.00000000    0.00000000
    0.00000000    0.00000000    0.00000000    1.00000000

   15.391968    6.919798    3.110948    1.398595    0.628769
    0.282677    0.127084    0.083880    0.057133    0.033495
    0.025686    0.013398

   -0.00012000    0.00000000    0.00000000    0.00000000
   -0.00020200    0.00000000    0.00000000    0.00000000
    0.00885300    0.00000000    0.00000000    0.00000000
   -0.07370800    0.00000000    0.00000000    0.00000000
    0.02826000    0.00000000    0.00000000    0.00000000
    0.22146300    0.00000000    0.00000000    0.00000000
    0.41332000    0.00000000    0.00000000    0.00000000
    0.00000000    1.00000000    0.00000000    0.00000000
    0.38568600    0.00000000    0.00000000    0.00000000
    0.00000000    0.00000000    1.00000000    0.00000000
    0.11229200    0.00000000    0.00000000    0.00000000
    0.00000000    0.00000000    0.00000000    1.00000000

    0.298873    0.109099    0.043640

    1.00000000    0.00000000    0.00000000
    0.00000000    1.00000000    0.00000000
    0.00000000    0.00000000    1.00000000

    0.295473    0.118189

    1.00000000    0.00000000
    0.00000000    1.00000000

Ga:cc-pV5Z-ccECP
ccECP cc-pV5Z for Ga | source recipes/Ga/ccECP/Ga.cc-pV5Z.gamess | ccECP from Guangming Wang et al. Journal of Chemical Physics 151, 144110 (2019) https://doi.org/10.1063/1.5121006

  6
    0    1    2    3    4    5
    5    5    4    3    2    1
   13   13    4    3    2    1

   31.011369   13.757663    6.103352    2.707648    1.201202
    0.532893    0.433600    0.236409    0.216864    0.108464
    0.104879    0.054248    0.046528

   -0.00004600    0.00000000    0.00000000    0.00000000    0.00000000
    0.00020700    0.00000000    0.00000000    0.00000000    0.00000000
   -0.00828200    0.00000000    0.00000000    0.00000000    0.00000000
    0.08572200    0.00000000    0.00000000    0.00000000    0.00000000
   -0.35069900    0.00000000    0.00000000    0.00000000    0.00000000
    0.00456700    0.00000000    0.00000000    0.00000000    0.00000000
    0.00000000    1.00000000    0.00000000    0.00000000    0.00000000
    0.45296800    0.00000000    0.00000000    0.00000000    0.00000000
    0.00000000    0.00000000    1.00000000    0.00000000    0.00000000
    0.00000000    0.00000000    0.00000000    1.00000000    0.00000000
    0.55818700    0.00000000    0.00000000    0.00000000    0.00000000
    0.00000000    0.00000000    0.00000000    0.00000000    1.00000000
    0.16331900    0.00000000    0.00000000    0.00000000    0.00000000

   15.391968    6.919798    3.110948    1.398595    0.628769
    0.518134    0.282677    0.209184    0.127084    0.084453
    0.057133    0.034096    0.025686

   -0.00012000    0.00000000    0.00000000    0.00000000    0.00000000
   -0.00020200    0.00000000    0.00000000    0.00000000    0.00000000
    0.00885300    0.00000000    0.00000000    0.00000000    0.00000000
   -0.07370800    0.00000000    0.00000000    0.00000000    0.00000000
    0.02826000    0.00000000    0.00000000    0.00000000    0.00000000
    0.00000000    1.00000000    0.00000000    0.00000000    0.00000000
    0.22146300    0.00000000    0.00000000    0.00000000    0.00000000
    0.00000000    0.00000000    1.00000000    0.00000000    0.00000000
    0.41332000    0.00000000    0.00000000    0.00000000    0.00000000
    0.00000000    0.00000000    0.00000000    1.00000000    0.00000000
    0.38568600    0.00000000    0.00000000    0.00000000    0.00000000
    0.00000000    0.00000000    0.00000000    0.00000000    1.00000000
    0.11229200    0.00000000    0.00000000    0.00000000    0.00000000

    0.782969    0.362956    0.168253    0.077996

    1.00000000    0.00000000    0.00000000    0.00000000
    0.00000000    1.00000000    0.00000000    0.00000000
    0.00000000    0.00000000    1.00000000    0.00000000
    0.00000000    0.00000000    0.00000000    1.00000000

    0.603610    0.311095    0.160335

    1.00000000    0.00000000    0.00000000
    0.00000000    1.00000000    0.00000000
    0.00000000    0.00000000    1.00000000

    0.591927    0.292266

    1.00000000    0.00000000
    0.00000000    1.00000000

    0.525905

    1.00000000

Ga:cc-pV6Z-ccECP
ccECP cc-pV6Z for Ga | source recipes/Ga/ccECP/Ga.cc-pV6Z.gamess | ccECP from Guangming Wang et al. Journal of Chemical Physics 151, 144110 (2019) https://doi.org/10.1063/1.5121006

  7
    0    1    2    3    4    5    6
    6    6    5    4    3    2    1
   14   14    5    4    3    2    1

   31.011369   13.757663    6.103352    2.707648    1.209705
    1.201202    0.548033    0.532893    0.248275    0.236409
    0.112476    0.104879    0.050955    0.046528

   -0.00004600    0.00000000    0.00000000    0.00000000    0.00000000
    0.00000000
    0.00020700    0.00000000    0.00000000    0.00000000    0.00000000
    0.00000000
   -0.00828200    0.00000000    0.00000000    0.00000000    0.00000000
    0.00000000
    0.08572200    0.00000000    0.00000000    0.00000000    0.00000000
    0.00000000
    0.00000000    1.00000000    0.00000000    0.00000000    0.00000000
    0.00000000
   -0.35069900    0.00000000    0.00000000    0.00000000    0.00000000
    0.00000000
    0.00000000    0.00000000    1.00000000    0.00000000    0.00000000
    0.00000000
    0.00456700    0.00000000    0.00000000    0.00000000    0.00000000
    0.00000000
    0.00000000    0.00000000    0.00000000    1.00000000    0.00000000
    0.00000000
    0.45296800    0.00000000    0.00000000    0.00000000    0.00000000
    0.00000000
    0.00000000    0.00000000    0.00000000    0.00000000    1.00000000
    0.00000000
    0.55818700    0.00000000    0.00000000    0.00000000    0.00000000
    0.00000000
    0.00000000    0.00000000    0.00000000    0.00000000    0.00000000
    1.00000000
    0.16331900    0.00000000    0.00000000    0.00000000    0.00000000
    0.00000000

   15.391968    6.919798    3.110948    1.398595    0.786858
    0.628769    0.347047    0.282677    0.153067    0.127084
    0.067511    0.057133    0.029776    0.025686

   -0.00012000    0.00000000    0.00000000    0.00000000    0.00000000
    0.00000000
   -0.00020200    0.00000000    0.00000000    0.00000000    0.00000000
    0.00000000
    0.00885300    0.00000000    0.00000000    0.00000000    0.00000000
    0.00000000
   -0.07370800    0.00000000    0.00000000    0.00000000    0.00000000
    0.00000000
    0.00000000    1.00000000    0.00000000    0.00000000    0.00000000
    0.00000000
    0.02826000    0.00000000    0.00000000    0.00000000    0.00000000
    0.00000000
    0.00000000    0.00000000    1.00000000    0.00000000    0.00000000
    0.00000000
    0.22146300    0.00000000    0.00000000    0.00000000    0.00000000
    0.00000000
    0.00000000    0.00000000    0.00000000    1.00000000    0.00000000
    0.00000000
    0.41332000    0.00000000    0.00000000    0.00000000    0.00000000
    0.00000000
    0.00000000    0.00000000    0.00000000    0.00000000    1.00000000
    0.00000000
    0.38568600    0.00000000    0.00000000    0.00000000    0.00000000
    0.00000000
    0.00000000    0.00000000    0.00000000    0.00000000    0.00000000
    1.00000000
    0.11229200    0.00000000    0.00000000    0.00000000    0.00000000
    0.00000000

    1.099247    0.542908    0.268137    0.132430    0.065406

    1.00000000    0.00000000    0.00000000    0.00000000    0.00000000
    0.00000000    1.00000000    0.00000000    0.00000000    0.00000000
    0.00000000    0.00000000    1.00000000    0.00000000    0.00000000
    0.00000000    0.00000000    0.00000000    1.00000000    0.00000000
    0.00000000    0.00000000    0.00000000    0.00000000    1.00000000

    0.721935    0.400373    0.222041    0.123140

    1.00000000    0.00000000    0.00000000    0.00000000
    0.00000000    1.00000000    0.00000000    0.00000000
    0.00000000    0.00000000    1.00000000    0.00000000
    0.00000000    0.00000000    0.00000000    1.00000000

    0.707451    0.405193    0.232074

    1.00000000    0.00000000    0.00000000
    0.00000000    1.00000000    0.00000000
    0.00000000    0.00000000    1.00000000

    0.653822    0.366953

    1.00000000    0.00000000
    0.00000000    1.00000000

    0.651434

    1.00000000

Ga:cc-pVDZ-ccECP
ccECP cc-pVDZ for Ga | source recipes/Ga/ccECP/Ga.cc-pVDZ.gamess | ccECP from Guangming Wang et al. Journal of Chemical Physics 151, 144110 (2019) https://doi.org/10.1063/1.5121006

  3
    0    1    2
    2    2    1
   10   10    1

   31.011369   13.757663    6.103352    2.707648    1.201202
    0.532893    0.236409    0.104879    0.046528    0.043204

   -0.00004600    0.00000000
    0.00020700    0.00000000
   -0.00828200    0.00000000
    0.08572200    0.00000000
   -0.35069900    0.00000000
    0.00456700    0.00000000
    0.45296800    0.00000000
    0.55818700    0.00000000
    0.16331900    0.00000000
    0.00000000    1.00000000

   15.391968    6.919798    3.110948    1.398595    0.628769
    0.282677    0.127084    0.057133    0.054969    0.025686

   -0.00012000    0.00000000
   -0.00020200    0.00000000
    0.00885300    0.00000000
   -0.07370800    0.00000000
    0.02826000    0.00000000
    0.22146300    0.00000000
    0.41332000    0.00000000
    0.38568600    0.00000000
    0.00000000    1.00000000
    0.11229200    0.00000000

    0.186277

    1.00000000

Ga:cc-pVQZ-ccECP
ccECP cc-pVQZ for Ga | source recipes/Ga/ccECP/Ga.cc-pVQZ.gamess | ccECP from Guangming Wang et al. Journal of Chemical Physics 151, 144110 (2019) https://doi.org/10.1063/1.5121006

  5
    0    1    2    3    4
    4    4    3    2    1
   12   12    3    2    1

   31.011369   13.757663    6.103352    2.707648    1.201202
    0.532893    0.382198    0.236409    0.155250    0.104879
    0.063063    0.046528

   -0.00004600    0.00000000    0.00000000    0.00000000
    0.00020700    0.00000000    0.00000000    0.00000000
   -0.00828200    0.00000000    0.00000000    0.00000000
    0.08572200    0.00000000    0.00000000    0.00000000
   -0.35069900    0.00000000    0.00000000    0.00000000
    0.00456700    0.00000000    0.00000000    0.00000000
    0.00000000    1.00000000    0.00000000    0.00000000
    0.45296800    0.00000000    0.00000000    0.00000000
    0.00000000    0.00000000    1.00000000    0.00000000
    0.55818700    0.00000000    0.00000000    0.00000000
    0.00000000    0.00000000    0.00000000    1.00000000
    0.16331900    0.00000000    0.00000000    0.00000000

   15.391968    6.919798    3.110948    1.398595    0.628769
    0.303209    0.282677    0.127084    0.113225    0.057133
    0.042281    0.025686

   -0.00012000    0.00000000    0.00000000    0.00000000
   -0.00020200    0.00000000    0.00000000    0.00000000
    0.00885300    0.00000000    0.00000000    0.00000000
   -0.07370800    0.00000000    0.00000000    0.00000000
    0.02826000    0.00000000    0.00000000    0.00000000
    0.00000000    1.00000000    0.00000000    0.00000000
    0.22146300    0.00000000    0.00000000    0.00000000
    0.41332000    0.00000000    0.00000000    0.00000000
    0.00000000    0.00000000    1.00000000    0.00000000
    0.38568600    0.00000000    0.00000000    0.00000000
    0.00000000    0.00000000    0.00000000    1.00000000
    0.11229200    0.00000000    0.00000000    0.00000000

    0.373226    0.173594    0.080742

    1.00000000    0.00000000    0.00000000
    0.00000000    1.00000000    0.00000000
    0.00000000    0.00000000    1.00000000

    0.450135    0.175748

    1.00000000    0.00000000
    0.00000000    1.00000000

    0.406448

    1.00000000

Ga:cc-pVTZ-ccECP
ccECP cc-pVTZ for Ga | source recipes/Ga/ccECP/Ga.cc-pVTZ.gamess | ccECP from Guangming Wang et al. Journal of Chemical Physics 151, 144110 (2019) https://doi.org/10.1063/1.5121006

  4
    0    1    2    3
    3    3    2    1
   11   11    2    1

   31.011369   13.757663    6.103352    2.707648    1.201202
    0.532893    0.391111    0.236409    0.104879    0.071697
    0.046528

   -0.00004600    0.00000000    0.00000000
    0.00020700    0.00000000    0.00000000
   -0.00828200    0.00000000    0.00000000
    0.08572200    0.00000000    0.00000000
   -0.35069900    0.00000000    0.00000000
    0.00456700    0.00000000    0.00000000
    0.00000000    1.00000000    0.00000000
    0.45296800    0.00000000    0.00000000
    0.55818700    0.00000000    0.00000000
    0.00000000    0.00000000    1.00000000
    0.16331900    0.00000000    0.00000000

   15.391968    6.919798    3.110948    1.398595    0.628769
    0.282677    0.127084    0.083880    0.057133    0.033495
    0.025686

   -0.00012000    0.00000000    0.00000000
   -0.00020200    0.00000000    0.00000000
    0.00885300    0.00000000    0.00000000
   -0.07370800    0.00000000    0.00000000
    0.02826000    0.00000000    0.00000000
    0.22146300    0.00000000    0.00000000
    0.41332000    0.00000000    0.00000000
    0.00000000    1.00000000    0.00000000
    0.38568600    0.00000000    0.00000000
    0.00000000    0.00000000    1.00000000
    0.11229200    0.00000000    0.00000000

    0.298873    0.109099

    1.00000000    0.00000000
    0.00000000    1.00000000

    0.295473

    1.00000000

