
Ge:aug-cc-pV5Z-ccECP
ccECP aug-cc-pV5Z for Ge | source recipes/Ge/ccECP/Ge.aug-cc-pV5Z.gamess | ccECP from Guangming Wang et al. Journal of Chemical Physics 151, 144110 (2019) https://doi.org/10.1063/1.5121006

  6
    0    1    2    3    4    5
    6    6    5    4    3    2
   14   14    5    4    3    2

   46.470485   20.357328    8.917936    3.906681    1.711400
    0.749713    0.565850    0.328427    0.283882    0.143874
    0.142421    0.071451    0.063027    0.028580

   -0.00022900    0.00000000    0.00000000    0.00000000    0.00000000
    0.00000000
    0.00157400    0.00000000    0.00000000    0.00000000    0.00000000
    0.00000000
   -0.01134500    0.00000000    0.00000000    0.00000000    0.00000000
    0.00000000
    0.09897200    0.00000000    0.00000000    0.00000000    0.00000000
    0.00000000
   -0.33154500    0.00000000    0.00000000    0.00000000    0.00000000
    0.00000000
   -0.09480900    0.00000000    0.00000000    0.00000000    0.00000000
    0.00000000
    0.00000000    1.00000000    0.00000000    0.00000000    0.00000000
    0.00000000
    0.43893300    0.00000000    0.00000000    0.00000000    0.00000000
    0.00000000
    0.00000000    0.00000000    1.00000000    0.00000000    0.00000000
    0.00000000
    0.59677700    0.00000000    0.00000000    0.00000000    0.00000000
    0.00000000
    0.00000000    0.00000000    0.00000000    1.00000000    0.00000000
    0.00000000
    0.00000000    0.00000000    0.00000000    0.00000000    1.00000000
    0.00000000
    0.18625100    0.00000000    0.00000000    0.00000000    0.00000000
    0.00000000
    0.00000000    0.00000000    0.00000000    0.00000000    0.00000000
    1.00000000

   22.641155   10.174686    4.572392    2.054783    0.923397
    0.705223    0.414964    0.294310    0.186480    0.122824
    0.083802    0.051258    0.037660    0.020503

    0.00005200    0.00000000    0.00000000    0.00000000    0.00000000
    0.00000000
   -0.00067500    0.00000000    0.00000000    0.00000000    0.00000000
    0.00000000
    0.01127600    0.00000000    0.00000000    0.00000000    0.00000000
    0.00000000
   -0.07462800    0.00000000    0.00000000    0.00000000    0.00000000
    0.00000000
   -0.01207000    0.00000000    0.00000000    0.00000000    0.00000000
    0.00000000
    0.00000000    1.00000000    0.00000000    0.00000000    0.00000000
    0.00000000
    0.21691900    0.00000000    0.00000000    0.00000000    0.00000000
    0.00000000
    0.00000000    0.00000000    1.00000000    0.00000000    0.00000000
    0.00000000
    0.43873500    0.00000000    0.00000000    0.00000000    0.00000000
    0.00000000
    0.00000000    0.00000000    0.00000000    1.00000000    0.00000000
    0.00000000
    0.38512600    0.00000000    0.00000000    0.00000000    0.00000000
    0.00000000
    0.00000000    0.00000000    0.00000000    0.00000000    1.00000000
    0.00000000
    0.10807400    0.00000000    0.00000000    0.00000000    0.00000000
    0.00000000
    0.00000000    0.00000000    0.00000000    0.00000000    0.00000000
    1.00000000

    0.647917    0.338926    0.177293    0.092742    0.037097

    1.00000000    0.00000000    0.00000000    0.00000000    0.00000000
    0.00000000    1.00000000    0.00000000    0.00000000    0.00000000
    0.00000000    0.00000000    1.00000000    0.00000000    0.00000000
    0.00000000    0.00000000    0.00000000    1.00000000    0.00000000
    0.00000000    0.00000000    0.00000000    0.00000000    1.00000000

    0.718181    0.355812    0.176282    0.070513

    1.00000000    0.00000000    0.00000000    0.00000000
    0.00000000    1.00000000    0.00000000    0.00000000
    0.00000000    0.00000000    1.00000000    0.00000000
    0.00000000    0.00000000    0.00000000    1.00000000

    0.710421    0.329953    0.131981

    1.00000000    0.00000000    0.00000000
    0.00000000    1.00000000    0.00000000
    0.00000000    0.00000000    1.00000000

    0.597954    0.239182

    1.00000000    0.00000000
    0.00000000    1.00000000

Ge:aug-cc-pV6Z-ccECP
ccECP aug-cc-pV6Z for Ge | source recipes/Ge/ccECP/Ge.aug-cc-pV6Z.gamess | ccECP from Guangming Wang et al. Journal of Chemical Physics 151, 144110 (2019) https://doi.org/10.1063/1.5121006

  7
    0    1    2    3    4    5    6
    7    7    6    5    4    3    2
   15   15    6    5    4    3    2

   46.470485   20.357328    8.917936    3.906681    1.711400
    1.568997    0.749713    0.726886    0.336753    0.328427
    0.156011    0.143874    0.072277    0.063027    0.028911

   -0.00022900    0.00000000    0.00000000    0.00000000    0.00000000
    0.00000000    0.00000000
    0.00157400    0.00000000    0.00000000    0.00000000    0.00000000
    0.00000000    0.00000000
   -0.01134500    0.00000000    0.00000000    0.00000000    0.00000000
    0.00000000    0.00000000
    0.09897200    0.00000000    0.00000000    0.00000000    0.00000000
    0.00000000    0.00000000
   -0.33154500    0.00000000    0.00000000    0.00000000    0.00000000
    0.00000000    0.00000000
    0.00000000    1.00000000    0.00000000    0.00000000    0.00000000
    0.00000000    0.00000000
   -0.09480900    0.00000000    0.00000000    0.00000000    0.00000000
    0.00000000    0.00000000
    0.00000000    0.00000000    1.00000000    0.00000000    0.00000000
    0.00000000    0.00000000
    0.00000000    0.00000000    0.00000000    1.00000000    0.00000000
    0.00000000    0.00000000
    0.43893300    0.00000000    0.00000000    0.00000000    0.00000000
    0.00000000    0.00000000
    0.00000000    0.00000000    0.00000000    0.00000000    1.00000000
    0.00000000    0.00000000
    0.59677700    0.00000000    0.00000000    0.00000000    0.00000000
    0.00000000    0.00000000
    0.00000000    0.00000000    0.00000000    0.00000000    0.00000000
    1.00000000    0.00000000
    0.18625100    0.00000000    0.00000000    0.00000000    0.00000000
    0.00000000    0.00000000
    0.00000000    0.00000000    0.00000000    0.00000000    0.00000000
    0.00000000    1.00000000

   22.641155   10.174686    4.572392    2.054783    0.991895
    0.923397    0.450546    0.414964    0.204650    0.186480
    0.092958    0.083802    0.042224    0.037660    0.016890

    0.00005200    0.00000000    0.00000000    0.00000000    0.00000000
    0.00000000    0.00000000
   -0.00067500    0.00000000    0.00000000    0.00000000    0.00000000
    0.00000000    0.00000000
    0.01127600    0.00000000    0.00000000    0.00000000    0.00000000
    0.00000000    0.00000000
   -0.07462800    0.00000000    0.00000000    0.00000000    0.00000000
    0.00000000    0.00000000
    0.00000000    1.00000000    0.00000000    0.00000000    0.00000000
    0.00000000    0.00000000
   -0.01207000    0.00000000    0.00000000    0.00000000    0.00000000
    0.00000000    0.00000000
    0.00000000    0.00000000    1.00000000    0.00000000    0.00000000
    0.00000000    0.00000000
    0.21691900    0.00000000    0.00000000    0.00000000    0.00000000
    0.00000000    0.00000000
    0.00000000    0.00000000    0.00000000    1.00000000    0.00000000
    0.00000000    0.00000000
    0.43873500    0.00000000    0.00000000    0.00000000    0.00000000
    0.00000000    0.00000000
    0.00000000    0.00000000    0.00000000    0.00000000    1.00000000
    0.00000000    0.00000000
    0.38512600    0.00000000    0.00000000    0.00000000    0.00000000
    0.00000000    0.00000000
    0.00000000    0.00000000    0.00000000    0.00000000    0.00000000
    1.00000000    0.00000000
    0.10807400    0.00000000    0.00000000    0.00000000    0.00000000
    0.00000000    0.00000000
    0.00000000    0.00000000    0.00000000    0.00000000    0.00000000
    0.00000000    1.00000000

    1.625185    0.793375    0.387306    0.189073    0.092301
    0.036920

    1.00000000    0.00000000    0.00000000    0.00000000    0.00000000
    0.00000000
    0.00000000    1.00000000    0.00000000    0.00000000    0.00000000
    0.00000000
    0.00000000    0.00000000    1.00000000    0.00000000    0.00000000
    0.00000000
    0.00000000    0.00000000    0.00000000    1.00000000    0.00000000
    0.00000000
    0.00000000    0.00000000    0.00000000    0.00000000    1.00000000
    0.00000000
    0.00000000    0.00000000    0.00000000    0.00000000    0.00000000
    1.00000000

    0.838223    0.475035    0.269210    0.152566    0.061026

    1.00000000    0.00000000    0.00000000    0.00000000    0.00000000
    0.00000000    1.00000000    0.00000000    0.00000000    0.00000000
    0.00000000    0.00000000    1.00000000    0.00000000    0.00000000
    0.00000000    0.00000000    0.00000000    1.00000000    0.00000000
    0.00000000    0.00000000    0.00000000    0.00000000    1.00000000

    0.924495    0.503029    0.273704    0.109482

    1.00000000    0.00000000    0.00000000    0.00000000
    0.00000000    1.00000000    0.00000000    0.00000000
    0.00000000    0.00000000    1.00000000    0.00000000
    0.00000000    0.00000000    0.00000000    1.00000000

    0.848005    0.448090    0.179236

    1.00000000    0.00000000    0.00000000
    0.00000000    1.00000000    0.00000000
    0.00000000    0.00000000    1.00000000

    0.780603    0.312241

    1.00000000    0.00000000
    0.00000000    1.00000000

Ge:aug-cc-pVDZ-ccECP
ccECP aug-cc-pVDZ for Ge | source recipes/Ge/ccECP/Ge.aug-cc-pVDZ.gamess | ccECP from Guangming Wang et al. Journal of Chemical Physics 151, 144110 (2019) https://doi.org/10.1063/1.5121006

  3
    0    1    2
    3    3    2
   11   11    2

   46.470485   20.357328    8.917936    3.906681    1.711400
    0.749713    0.328427    0.143874    0.063027    0.048637
    0.019455

   -0.00022900    0.00000000    0.00000000
    0.00157400    0.00000000    0.00000000
   -0.01134500    0.00000000    0.00000000
    0.09897200    0.00000000    0.00000000
   -0.33154500    0.00000000    0.00000000
   -0.09480900    0.00000000    0.00000000
    0.43893300    0.00000000    0.00000000
    0.59677700    0.00000000    0.00000000
    0.18625100    0.00000000    0.00000000
    0.00000000    1.00000000    0.00000000
    0.00000000    0.00000000    1.00000000

   22.641155   10.174686    4.572392    2.054783    0.923397
    0.414964    0.186480    0.083802    0.075745    0.037660
    0.030298

    0.00005200    0.00000000    0.00000000
   -0.00067500    0.00000000    0.00000000
    0.01127600    0.00000000    0.00000000
   -0.07462800    0.00000000    0.00000000
   -0.01207000    0.00000000    0.00000000
    0.21691900    0.00000000    0.00000000
    0.43873500    0.00000000    0.00000000
    0.38512600    0.00000000    0.00000000
    0.00000000    1.00000000    0.00000000
    0.10807400    0.00000000    0.00000000
    0.00000000    0.00000000    1.00000000

    0.249989    0.099996

    1.00000000    0.00000000
    0.00000000    1.00000000

Ge:aug-cc-pVQZ-ccECP
ccECP aug-cc-pVQZ for Ge | source recipes/Ge/ccECP/Ge.aug-cc-pVQZ.gamess | ccECP from Guangming Wang et al. Journal of Chemical Physics 151, 144110 (2019) https://doi.org/10.1063/1.5121006

  5
    0    1    2    3    4
    5    5    4    3    2
   13   13    4    3    2

   46.470485   20.357328    8.917936    3.906681    1.711400
    0.749713    0.472336    0.328427    0.198545    0.143874
    0.083458    0.063027    0.033383

   -0.00022900    0.00000000    0.00000000    0.00000000    0.00000000
    0.00157400    0.00000000    0.00000000    0.00000000    0.00000000
   -0.01134500    0.00000000    0.00000000    0.00000000    0.00000000
    0.09897200    0.00000000    0.00000000    0.00000000    0.00000000
   -0.33154500    0.00000000    0.00000000    0.00000000    0.00000000
   -0.09480900    0.00000000    0.00000000    0.00000000    0.00000000
    0.00000000    1.00000000    0.00000000    0.00000000    0.00000000
    0.43893300    0.00000000    0.00000000    0.00000000    0.00000000
    0.00000000    0.00000000    1.00000000    0.00000000    0.00000000
    0.59677700    0.00000000    0.00000000    0.00000000    0.00000000
    0.00000000    0.00000000    0.00000000    1.00000000    0.00000000
    0.18625100    0.00000000    0.00000000    0.00000000    0.00000000
    0.00000000    0.00000000    0.00000000    0.00000000    1.00000000

   22.641155   10.174686    4.572392    2.054783    0.923397
    0.435049    0.414964    0.186480    0.164783    0.083802
    0.062415    0.037660    0.024966

    0.00005200    0.00000000    0.00000000    0.00000000    0.00000000
   -0.00067500    0.00000000    0.00000000    0.00000000    0.00000000
    0.01127600    0.00000000    0.00000000    0.00000000    0.00000000
   -0.07462800    0.00000000    0.00000000    0.00000000    0.00000000
   -0.01207000    0.00000000    0.00000000    0.00000000    0.00000000
    0.00000000    1.00000000    0.00000000    0.00000000    0.00000000
    0.21691900    0.00000000    0.00000000    0.00000000    0.00000000
    0.43873500    0.00000000    0.00000000    0.00000000    0.00000000
    0.00000000    0.00000000    1.00000000    0.00000000    0.00000000
    0.38512600    0.00000000    0.00000000    0.00000000    0.00000000
    0.00000000    0.00000000    0.00000000    1.00000000    0.00000000
    0.10807400    0.00000000    0.00000000    0.00000000    0.00000000
    0.00000000    0.00000000    0.00000000    0.00000000    1.00000000

    0.505266    0.230692    0.105328    0.042131

    1.00000000    0.00000000    0.00000000    0.00000000
    0.00000000    1.00000000    0.00000000    0.00000000
    0.00000000    0.00000000    1.00000000    0.00000000
    0.00000000    0.00000000    0.00000000    1.00000000

    0.554284    0.221254    0.088502

    1.00000000    0.00000000    0.00000000
    0.00000000    1.00000000    0.00000000
    0.00000000    0.00000000    1.00000000

    0.480349    0.192140

    1.00000000    0.00000000
    0.00000000    1.00000000

Ge:aug-cc-pVTZ-ccECP
ccECP aug-cc-pVTZ for Ge | source recipes/Ge/ccECP/Ge.aug-cc-pVTZ.gamess | ccECP from Guangming Wang et al. Journal of Chemical Physics 151, 144110 (2019) https://doi.org/10.1063/1.5121006

  4
    0    1    2    3
    4    4    3    2
   12   12    3    2

   46.470485   20.357328    8.917936    3.906681    1.711400
    0.749713    0.487752    0.328427    0.143874    0.093287
    0.063027    0.037315

   -0.00022900    0.00000000    0.00000000    0.00000000
    0.00157400    0.00000000    0.00000000    0.00000000
   -0.01134500    0.00000000    0.00000000    0.00000000
    0.09897200    0.00000000    0.00000000    0.00000000
   -0.33154500    0.00000000    0.00000000    0.00000000
   -0.09480900    0.00000000    0.00000000    0.00000000
    0.00000000    1.00000000    0.00000000    0.00000000
    0.43893300    0.00000000    0.00000000    0.00000000
    0.59677700    0.00000000    0.00000000    0.00000000
    0.00000000    0.00000000    1.00000000    0.00000000
    0.18625100    0.00000000    0.00000000    0.00000000
    0.00000000    0.00000000    0.00000000    1.00000000

   22.641155   10.174686    4.572392    2.054783    0.923397
    0.414964    0.186480    0.106229    0.083802    0.045719
    0.037660    0.018288

    0.00005200    0.00000000    0.00000000    0.00000000
   -0.00067500    0.00000000    0.00000000    0.00000000
    0.01127600    0.00000000    0.00000000    0.00000000
   -0.07462800    0.00000000    0.00000000    0.00000000
   -0.01207000    0.00000000    0.00000000    0.00000000
    0.21691900    0.00000000    0.00000000    0.00000000
    0.43873500    0.00000000    0.00000000    0.00000000
    0.00000000    1.00000000    0.00000000    0.00000000
    0.38512600    0.00000000    0.00000000    0.00000000
    0.00000000    0.00000000    1.00000000    0.00000000
    0.10807400    0.00000000    0.00000000    0.00000000
    0.00000000    0.00000000    0.00000000    1.00000000

    0.398162    0.145611    0.058244

    1.00000000    0.00000000    0.00000000
    0.00000000    1.00000000    0.00000000
    0.00000000    0.00000000    1.00000000

    0.357699    0.143080

    1.00000000    0.00000000
    0.00000000    1.00000000

Ge:cc-pV5Z-ccECP
ccECP cc-pV5Z for Ge | source recipes/Ge/ccECP/Ge.cc-pV5Z.gamess | ccECP from Guangming Wang et al. Journal of Chemical Physics 151, 144110 (2019) https://doi.org/10.1063/1.5121006

  6
    0    1    2    3    4    5
    5    5    4    3    2    1
   13   13    4    3    2    1

   46.470485   20.357328    8.917936    3.906681    1.711400
    0.749713    0.565850    0.328427    0.283882    0.143874
    0.142421    0.071451    0.063027

   -0.00022900    0.00000000    0.00000000    0.00000000    0.00000000
    0.00157400    0.00000000    0.00000000    0.00000000    0.00000000
   -0.01134500    0.00000000    0.00000000    0.00000000    0.00000000
    0.09897200    0.00000000    0.00000000    0.00000000    0.00000000
   -0.33154500    0.00000000    0.00000000    0.00000000    0.00000000
   -0.09480900    0.00000000    0.00000000    0.00000000    0.00000000
    0.00000000    1.00000000    0.00000000    0.00000000    0.00000000
    0.43893300    0.00000000    0.00000000    0.00000000    0.00000000
    0.00000000    0.00000000    1.00000000    0.00000000    0.00000000
    0.59677700    0.00000000    0.00000000    0.00000000    0.00000000
    0.00000000    0.00000000    0.00000000    1.00000000    0.00000000
    0.00000000    0.00000000    0.00000000    0.00000000    1.00000000
    0.18625100    0.00000000    0.00000000    0.00000000    0.00000000

   22.641155   10.174686    4.572392    2.054783    0.923397
    0.705223    0.414964    0.294310    0.186480    0.122824
    0.083802    0.051258    0.037660

    0.00005200    0.00000000    0.00000000    0.00000000    0.00000000
   -0.00067500    0.00000000    0.00000000    0.00000000    0.00000000
    0.01127600    0.00000000    0.00000000    0.00000000    0.00000000
   -0.07462800    0.00000000    0.00000000    0.00000000    0.00000000
   -0.01207000    0.00000000    0.00000000    0.00000000    0.00000000
    0.00000000    1.00000000    0.00000000    0.00000000    0.00000000
    0.21691900    0.00000000    0.00000000    0.00000000    0.00000000
    0.00000000    0.00000000    1.00000000    0.00000000    0.00000000
    0.43873500    0.00000000    0.00000000    0.00000000    0.00000000
    0.00000000    0.00000000    0.00000000    1.00000000    0.00000000
    0.38512600    0.00000000    0.00000000    0.00000000    0.00000000
    0.00000000    0.00000000    0.00000000    0.00000000    1.00000000
    0.10807400    0.00000000    0.00000000    0.00000000    0.00000000

    0.647917    0.338926    0.177293    0.092742

    1.00000000    0.00000000    0.00000000    0.00000000
    0.00000000    1.00000000    0.00000000    0.00000000
    0.00000000    0.00000000    1.00000000    0.00000000
    0.00000000    0.00000000    0.00000000    1.00000000

    0.718181    0.355812    0.176282

    1.00000000    0.00000000    0.00000000
    0.00000000    1.00000000    0.00000000
    0.00000000    0.00000000    1.00000000

    0.710421    0.329953

    1.00000000    0.00000000
    0.00000000    1.00000000

    0.597954

    1.00000000

Ge:cc-pV6Z-ccECP
ccECP cc-pV6Z for Ge | source recipes/Ge/ccECP/Ge.cc-pV6Z.gamess | ccECP from Guangming Wang et al. Journal of Chemical Physics 151, 144110 (2019) https://doi.org/10.1063/1.5121006

  7
    0    1    2    3    4    5    6
    6    6    5    4    3    2    1
   14   14    5    4    3    2    1

   46.470485   20.357328    8.917936    3.906681    1.711400
    1.568997    0.749713    0.726886    0.336753    0.328427
    0.156011    0.143874    0.072277    0.063027

   -0.00022900    0.00000000    0.00000000    0.00000000    0.00000000
    0.00000000
    0.00157400    0.00000000    0.00000000    0.00000000    0.00000000
    0.00000000
   -0.01134500    0.00000000    0.00000000    0.00000000    0.00000000
    0.00000000
    0.09897200    0.00000000    0.00000000    0.00000000    0.00000000
    0.00000000
   -0.33154500    0.00000000    0.00000000    0.00000000    0.00000000
    0.00000000
    0.00000000    1.00000000    0.00000000    0.00000000    0.00000000
    0.00000000
   -0.09480900    0.00000000    0.00000000    0.00000000    0.00000000
    0.00000000
    0.00000000    0.00000000    1.00000000    0.00000000    0.00000000
    0.00000000
    0.00000000    0.00000000    0.00000000    1.00000000    0.00000000
    0.00000000
    0.43893300    0.00000000    0.00000000    0.00000000    0.00000000
    0.00000000
    0.00000000    0.00000000    0.00000000    0.00000000    1.00000000
    0.00000000
    0.59677700    0.00000000    0.00000000    0.00000000    0.00000000
    0.00000000
    0.00000000    0.00000000    0.00000000    0.00000000    0.00000000
    1.00000000
    0.18625100    0.00000000    0.00000000    0.00000000    0.00000000
    0.00000000

   22.641155   10.174686    4.572392    2.054783    0.991895
    0.923397    0.450546    0.414964    0.204650    0.186480
    0.092958    0.083802    0.042224    0.037660

    0.00005200    0.00000000    0.00000000    0.00000000    0.00000000
    0.00000000
   -0.00067500    0.00000000    0.00000000    0.00000000    0.00000000
    0.00000000
    0.01127600    0.00000000    0.00000000    0.00000000    0.00000000
    0.00000000
   -0.07462800    0.00000000    0.00000000    0.00000000    0.00000000
    0.00000000
    0.00000000    1.00000000    0.00000000    0.00000000    0.00000000
    0.00000000
   -0.01207000    0.00000000    0.00000000    0.00000000    0.00000000
    0.00000000
    0.00000000    0.00000000    1.00000000    0.00000000    0.00000000
    0.00000000
    0.21691900    0.00000000    0.00000000    0.00000000    0.00000000
    0.00000000
    0.00000000    0.00000000    0.00000000    1.00000000    0.00000000
    0.00000000
    0.43873500    0.00000000    0.00000000    0.00000000    0.00000000
    0.00000000
    0.00000000    0.00000000    0.00000000    0.00000000    1.00000000
    0.00000000
    0.38512600    0.00000000    0.00000000    0.00000000    0.00000000
    0.00000000
    0.00000000    0.00000000    0.00000000    0.00000000    0.00000000
    1.00000000
    0.10807400    0.00000000    0.00000000    0.00000000    0.00000000
    0.00000000

    1.625185    0.793375    0.387306    0.189073    0.092301

    1.00000000    0.00000000    0.00000000    0.00000000    0.00000000
    0.00000000    1.00000000    0.00000000    0.00000000    0.00000000
    0.00000000    0.00000000    1.00000000    0.00000000    0.00000000
    0.00000000    0.00000000    0.00000000    1.00000000    0.00000000
    0.00000000    0.00000000    0.00000000    0.00000000    1.00000000

    0.838223    0.475035    0.269210    0.152566

    1.00000000    0.00000000    0.00000000    0.00000000
    0.00000000    1.00000000    0.00000000    0.00000000
    0.00000000    0.00000000    1.00000000    0.00000000
    0.00000000    0.00000000    0.00000000    1.00000000

    0.924495    0.503029    0.273704

    1.00000000    0.00000000    0.00000000
    0.00000000    1.00000000    0.00000000
    0.00000000    0.00000000    1.00000000

    0.848005    0.448090

    1.00000000    0.00000000
    0.00000000    1.00000000

    0.780603

    1.00000000

Ge:cc-pVDZ-ccECP
ccECP cc-pVDZ for Ge | source recipes/Ge/ccECP/Ge.cc-pVDZ.gamess | ccECP from Guangming Wang et al. Journal of Chemical Physics 151, 144110 (2019) https://doi.org/10.1063/1.5121006

  3
    0    1    2
    2    2    1
   10   10    1

   46.470485   20.357328    8.917936    3.906681    1.711400
    0.749713    0.328427    0.143874    0.063027    0.048637

   -0.00022900    0.00000000
    0.00157400    0.00000000
   -0.01134500    0.00000000
    0.09897200    0.00000000
   -0.33154500    0.00000000
   -0.09480900    0.00000000
    0.43893300    0.00000000
    0.59677700    0.00000000
    0.18625100    0.00000000
    0.00000000    1.00000000

   22.641155   10.174686    4.572392    2.054783    0.923397
    0.414964    0.186480    0.083802    0.075745    0.037660

    0.00005200    0.00000000
   -0.00067500    0.00000000
    0.01127600    0.00000000
   -0.07462800    0.00000000
   -0.01207000    0.00000000
    0.21691900    0.00000000
    0.43873500    0.00000000
    0.38512600    0.00000000
    0.00000000    1.00000000
    0.10807400    0.00000000

    0.249989

    1.00000000

Ge:cc-pVQZ-ccECP
ccECP cc-pVQZ for Ge | source recipes/Ge/ccECP/Ge.cc-pVQZ.gamess | ccECP from Guangming Wang et al. Journal of Chemical Physics 151, 144110 (2019) https://doi.org/10.1063/1.5121006

  5
    0    1    2    3    4
    4    4    3    2    1
   12   12    3    2    1

   46.470485   20.357328    8.917936    3.906681    1.711400
    0.749713    0.472336    0.328427    0.198545    0.143874
    0.083458    0.063027

   -0.00022900    0.00000000    0.00000000    0.00000000
    0.00157400    0.00000000    0.00000000    0.00000000
   -0.01134500    0.00000000    0.00000000    0.00000000
    0.09897200    0.00000000    0.00000000    0.00000000
   -0.33154500    0.00000000    0.00000000    0.00000000
   -0.09480900    0.00000000    0.00000000    0.00000000
    0.00000000    1.00000000    0.00000000    0.00000000
    0.43893300    0.00000000    0.00000000    0.00000000
    0.00000000    0.00000000    1.00000000    0.00000000
    0.59677700    0.00000000    0.00000000    0.00000000
    0.00000000    0.00000000    0.00000000    1.00000000
    0.18625100    0.00000000    0.00000000    0.00000000

   22.641155   10.174686    4.572392    2.054783    0.923397
    0.435049    0.414964    0.186480    0.164783    0.083802
    0.062415    0.037660

    0.00005200    0.00000000    0.00000000    0.00000000
   -0.00067500    0.00000000    0.00000000    0.00000000
    0.01127600    0.00000000    0.00000000    0.00000000
   -0.07462800    0.00000000    0.00000000    0.00000000
   -0.01207000    0.00000000    0.00000000    0.00000000
    0.00000000    1.00000000    0.00000000    0.00000000
    0.21691900    0.00000000    0.00000000    0.00000000
    0.43873500    0.00000000    0.00000000    0.00000000
    0.00000000    0.00000000    1.00000000    0.00000000
    0.38512600    0.00000000    0.00000000    0.00000000
    0.00000000    0.00000000    0.00000000    1.00000000
    0.10807400    0.00000000    0.00000000    0.00000000

    0.505266    0.230692    0.105328

    1.00000000    0.00000000    0.00000000
    0.00000000    1.00000000    0.00000000
    0.00000000    0.00000000    1.00000000

    0.554284    0.221254

    1.00000000    0.00000000
    0.00000000    1.00000000

    0.480349

    1.00000000

Ge:cc-pVTZ-ccECP
ccECP cc-pVTZ for Ge | source recipes/Ge/ccECP/Ge.cc-pVTZ.gamess | ccECP from Guangming Wang et al. Journal of Chemical Physics 151, 144110 (2019) https://doi.org/10.1063/1.5121006

  4
    0    1    2    3
    3    3    2    1
   11   11    2    1

   46.470485   20.357328    8.917936    3.906681    1.711400
    0.749713    0.487752    0.328427    0.143874    0.093287
    0.063027

   -0.00022900    0.00000000    0.00000000
    0.00157400    0.00000000    0.00000000
   -0.01134500    0.00000000    0.00000000
    0.09897200    0.00000000    0.00000000
   -0.33154500    0.00000000    0.00000000
   -0.09480900    0.00000000    0.00000000
    0.00000000    1.00000000    0.00000000
    0.43893300    0.00000000    0.00000000
    0.59677700    0.00000000    0.00000000
    0.00000000    0.00000000    1.00000000
    0.18625100    0.00000000    0.00000000

   22.641155   10.174686    4.572392    2.054783    0.923397
    0.414964    0.186480    0.106229    0.083802    0.045719
    0.037660

    0.00005200    0.00000000    0.00000000
   -0.00067500    0.00000000    0.00000000
    0.01127600    0.00000000    0.00000000
   -0.07462800    0.00000000    0.00000000
   -0.01207000    0.00000000    0.00000000
    0.21691900    0.00000000    0.00000000
    0.43873500    0.00000000    0.00000000
    0.00000000    1.00000000    0.00000000
    0.38512600    0.00000000    0.00000000
    0.00000000    0.00000000    1.00000000
    0.10807400    0.00000000    0.00000000

    0.398162    0.145611

    1.00000000    0.00000000
    0.00000000    1.00000000

    0.357699

    1.00000000

