
Li:aug-cc-pV5Z-ccECP
ccECP aug-cc-pV5Z for Li | source recipes/Li/ccECP/Li.aug-cc-pV5Z.gamess | ccECP from Guangming Wang et al. Journal of Chemical Physics 151, 144110 (2019) https://doi.org/10.1063/1.5121006

  5
    0    1    2    3    4
    6    6    5    4    3
   15   15    5    4    3

   16.001258    7.583113    3.593693    1.703077    1.004881
    0.807101    0.670681    0.382491    0.181265    0.104917
    0.085903    0.040710    0.025010    0.019293    0.010004

    0.00004340    0.00000000    0.00000000    0.00000000    0.00000000
    0.00000000
   -0.00075310    0.00000000    0.00000000    0.00000000    0.00000000
    0.00000000
   -0.00025190    0.00000000    0.00000000    0.00000000    0.00000000
    0.00000000
    0.01696740    0.00000000    0.00000000    0.00000000    0.00000000
    0.00000000
    0.00000000    1.00000000    0.00000000    0.00000000    0.00000000
    0.00000000
   -0.09099210    0.00000000    0.00000000    0.00000000    0.00000000
    0.00000000
    0.00000000    0.00000000    1.00000000    0.00000000    0.00000000
    0.00000000
   -0.08931550    0.00000000    0.00000000    0.00000000    0.00000000
    0.00000000
    0.02941550    0.00000000    0.00000000    0.00000000    0.00000000
    0.00000000
    0.00000000    0.00000000    0.00000000    1.00000000    0.00000000
    0.00000000
    0.36440200    0.00000000    0.00000000    0.00000000    0.00000000
    0.00000000
    0.55049730    0.00000000    0.00000000    0.00000000    0.00000000
    0.00000000
    0.00000000    0.00000000    0.00000000    0.00000000    1.00000000
    0.00000000
    0.17444120    0.00000000    0.00000000    0.00000000    0.00000000
    0.00000000
    0.00000000    0.00000000    0.00000000    0.00000000    0.00000000
    1.00000000

    7.004881    3.451199    1.700353    0.837738    0.806184
    0.412741    0.404355    0.203351    0.138470    0.100188
    0.081041    0.049361    0.032416    0.024320    0.011982

   -0.00053060    0.00000000    0.00000000    0.00000000    0.00000000
    0.00000000
    0.00129490    0.00000000    0.00000000    0.00000000    0.00000000
    0.00000000
    0.00701150    0.00000000    0.00000000    0.00000000    0.00000000
    0.00000000
    0.01716040    0.00000000    0.00000000    0.00000000    0.00000000
    0.00000000
    0.00000000    1.00000000    0.00000000    0.00000000    0.00000000
    0.00000000
    0.03672400    0.00000000    0.00000000    0.00000000    0.00000000
    0.00000000
    0.00000000    0.00000000    1.00000000    0.00000000    0.00000000
    0.00000000
    0.09650420    0.00000000    0.00000000    0.00000000    0.00000000
    0.00000000
    0.00000000    0.00000000    0.00000000    1.00000000    0.00000000
    0.00000000
    0.22110130    0.00000000    0.00000000    0.00000000    0.00000000
    0.00000000
    0.00000000    0.00000000    0.00000000    0.00000000    1.00000000
    0.00000000
    0.38353580    0.00000000    0.00000000    0.00000000    0.00000000
    0.00000000
    0.00000000    0.00000000    0.00000000    0.00000000    0.00000000
    1.00000000
    0.33505640    0.00000000    0.00000000    0.00000000    0.00000000
    0.00000000
    0.07814530    0.00000000    0.00000000    0.00000000    0.00000000
    0.00000000

    0.986350    0.835758    0.161784    0.065574    0.026229

    1.00000000    0.00000000    0.00000000    0.00000000    0.00000000
    0.00000000    1.00000000    0.00000000    0.00000000    0.00000000
    0.00000000    0.00000000    1.00000000    0.00000000    0.00000000
    0.00000000    0.00000000    0.00000000    1.00000000    0.00000000
    0.00000000    0.00000000    0.00000000    0.00000000    1.00000000

    0.856748    0.420698    0.152988    0.061195

    1.00000000    0.00000000    0.00000000    0.00000000
    0.00000000    1.00000000    0.00000000    0.00000000
    0.00000000    0.00000000    1.00000000    0.00000000
    0.00000000    0.00000000    0.00000000    1.00000000

    0.457496    0.254479    0.101791

    1.00000000    0.00000000    0.00000000
    0.00000000    1.00000000    0.00000000
    0.00000000    0.00000000    1.00000000

Li:aug-cc-pVDZ-ccECP
ccECP aug-cc-pVDZ for Li | source recipes/Li/ccECP/Li.aug-cc-pVDZ.gamess | ccECP from Guangming Wang et al. Journal of Chemical Physics 151, 144110 (2019) https://doi.org/10.1063/1.5121006

  3
    0    1    2
    3    3    2
   12   12    2

   16.001258    7.583113    3.593693    1.703077    0.807101
    0.382491    0.181265    0.103721    0.085903    0.041488
    0.040710    0.019293

    0.00004340    0.00000000    0.00000000
   -0.00075310    0.00000000    0.00000000
   -0.00025190    0.00000000    0.00000000
    0.01696740    0.00000000    0.00000000
   -0.09099210    0.00000000    0.00000000
   -0.08931550    0.00000000    0.00000000
    0.02941550    0.00000000    0.00000000
    0.00000000    1.00000000    0.00000000
    0.36440200    0.00000000    0.00000000
    0.00000000    0.00000000    1.00000000
    0.55049730    0.00000000    0.00000000
    0.17444120    0.00000000    0.00000000

    7.004881    3.451199    1.700353    0.837738    0.412741
    0.203351    0.100188    0.070391    0.049361    0.028156
    0.024320    0.011982

   -0.00053060    0.00000000    0.00000000
    0.00129490    0.00000000    0.00000000
    0.00701150    0.00000000    0.00000000
    0.01716040    0.00000000    0.00000000
    0.03672400    0.00000000    0.00000000
    0.09650420    0.00000000    0.00000000
    0.22110130    0.00000000    0.00000000
    0.00000000    1.00000000    0.00000000
    0.38353580    0.00000000    0.00000000
    0.00000000    0.00000000    1.00000000
    0.33505640    0.00000000    0.00000000
    0.07814530    0.00000000    0.00000000

    0.110720    0.044288

    1.00000000    0.00000000
    0.00000000    1.00000000

Li:aug-cc-pVQZ-ccECP
ccECP aug-cc-pVQZ for Li | source recipes/Li/ccECP/Li.aug-cc-pVQZ.gamess | ccECP from Guangming Wang et al. Journal of Chemical Physics 151, 144110 (2019) https://doi.org/10.1063/1.5121006

  5
    0    1    2    3    4
    5    5    4    3    2
   14   14    4    3    2

   16.001258    7.583113    3.593693    1.703077    0.807101
    0.519693    0.382491    0.181265    0.109770    0.085903
    0.040710    0.024834    0.019293    0.009933

    0.00004340    0.00000000    0.00000000    0.00000000    0.00000000
   -0.00075310    0.00000000    0.00000000    0.00000000    0.00000000
   -0.00025190    0.00000000    0.00000000    0.00000000    0.00000000
    0.01696740    0.00000000    0.00000000    0.00000000    0.00000000
   -0.09099210    0.00000000    0.00000000    0.00000000    0.00000000
    0.00000000    1.00000000    0.00000000    0.00000000    0.00000000
   -0.08931550    0.00000000    0.00000000    0.00000000    0.00000000
    0.02941550    0.00000000    0.00000000    0.00000000    0.00000000
    0.00000000    0.00000000    1.00000000    0.00000000    0.00000000
    0.36440200    0.00000000    0.00000000    0.00000000    0.00000000
    0.55049730    0.00000000    0.00000000    0.00000000    0.00000000
    0.00000000    0.00000000    0.00000000    1.00000000    0.00000000
    0.17444120    0.00000000    0.00000000    0.00000000    0.00000000
    0.00000000    0.00000000    0.00000000    0.00000000    1.00000000

    7.004881    3.451199    1.700353    0.837738    0.412741
    0.207505    0.203351    0.115823    0.100188    0.070662
    0.049361    0.028264    0.024320    0.011982

   -0.00053060    0.00000000    0.00000000    0.00000000    0.00000000
    0.00129490    0.00000000    0.00000000    0.00000000    0.00000000
    0.00701150    0.00000000    0.00000000    0.00000000    0.00000000
    0.01716040    0.00000000    0.00000000    0.00000000    0.00000000
    0.03672400    0.00000000    0.00000000    0.00000000    0.00000000
    0.00000000    1.00000000    0.00000000    0.00000000    0.00000000
    0.09650420    0.00000000    0.00000000    0.00000000    0.00000000
    0.00000000    0.00000000    1.00000000    0.00000000    0.00000000
    0.22110130    0.00000000    0.00000000    0.00000000    0.00000000
    0.00000000    0.00000000    0.00000000    1.00000000    0.00000000
    0.38353580    0.00000000    0.00000000    0.00000000    0.00000000
    0.00000000    0.00000000    0.00000000    0.00000000    1.00000000
    0.33505640    0.00000000    0.00000000    0.00000000    0.00000000
    0.07814530    0.00000000    0.00000000    0.00000000    0.00000000

    0.214990    0.089353    0.029817    0.011926

    1.00000000    0.00000000    0.00000000    0.00000000
    0.00000000    1.00000000    0.00000000    0.00000000
    0.00000000    0.00000000    1.00000000    0.00000000
    0.00000000    0.00000000    0.00000000    1.00000000

    0.240323    0.099930    0.039972

    1.00000000    0.00000000    0.00000000
    0.00000000    1.00000000    0.00000000
    0.00000000    0.00000000    1.00000000

    0.199570    0.079828

    1.00000000    0.00000000
    0.00000000    1.00000000

Li:aug-cc-pVTZ-ccECP
ccECP aug-cc-pVTZ for Li | source recipes/Li/ccECP/Li.aug-cc-pVTZ.gamess | ccECP from Guangming Wang et al. Journal of Chemical Physics 151, 144110 (2019) https://doi.org/10.1063/1.5121006

  4
    0    1    2    3
    4    4    3    2
   13   13    3    2

   16.001258    7.583113    3.593693    1.703077    0.807101
    0.382491    0.181265    0.132259    0.085903    0.040710
    0.026170    0.019293    0.010468

    0.00004340    0.00000000    0.00000000    0.00000000
   -0.00075310    0.00000000    0.00000000    0.00000000
   -0.00025190    0.00000000    0.00000000    0.00000000
    0.01696740    0.00000000    0.00000000    0.00000000
   -0.09099210    0.00000000    0.00000000    0.00000000
   -0.08931550    0.00000000    0.00000000    0.00000000
    0.02941550    0.00000000    0.00000000    0.00000000
    0.00000000    1.00000000    0.00000000    0.00000000
    0.36440200    0.00000000    0.00000000    0.00000000
    0.55049730    0.00000000    0.00000000    0.00000000
    0.00000000    0.00000000    1.00000000    0.00000000
    0.17444120    0.00000000    0.00000000    0.00000000
    0.00000000    0.00000000    0.00000000    1.00000000

    7.004881    3.451199    1.700353    0.837738    0.412741
    0.203351    0.110075    0.100188    0.052959    0.049361
    0.024320    0.021183    0.011982

   -0.00053060    0.00000000    0.00000000    0.00000000
    0.00129490    0.00000000    0.00000000    0.00000000
    0.00701150    0.00000000    0.00000000    0.00000000
    0.01716040    0.00000000    0.00000000    0.00000000
    0.03672400    0.00000000    0.00000000    0.00000000
    0.09650420    0.00000000    0.00000000    0.00000000
    0.00000000    1.00000000    0.00000000    0.00000000
    0.22110130    0.00000000    0.00000000    0.00000000
    0.00000000    0.00000000    1.00000000    0.00000000
    0.38353580    0.00000000    0.00000000    0.00000000
    0.33505640    0.00000000    0.00000000    0.00000000
    0.00000000    0.00000000    0.00000000    1.00000000
    0.07814530    0.00000000    0.00000000    0.00000000

    0.177140    0.067795    0.027118

    1.00000000    0.00000000    0.00000000
    0.00000000    1.00000000    0.00000000
    0.00000000    0.00000000    1.00000000

    0.180758    0.072303

    1.00000000    0.00000000
    0.00000000    1.00000000

Li:cc-pV5Z-ccECP
ccECP cc-pV5Z for Li | source recipes/Li/ccECP/Li.cc-pV5Z.gamess | ccECP from Guangming Wang et al. Journal of Chemical Physics 151, 144110 (2019) https://doi.org/10.1063/1.5121006

  5
    0    1    2    3    4
    5    5    4    3    2
   14   14    4    3    2

   16.001258    7.583113    3.593693    1.703077    1.004881
    0.807101    0.670681    0.382491    0.181265    0.104917
    0.085903    0.040710    0.025010    0.019293

    0.00004340    0.00000000    0.00000000    0.00000000    0.00000000
   -0.00075310    0.00000000    0.00000000    0.00000000    0.00000000
   -0.00025190    0.00000000    0.00000000    0.00000000    0.00000000
    0.01696740    0.00000000    0.00000000    0.00000000    0.00000000
    0.00000000    1.00000000    0.00000000    0.00000000    0.00000000
   -0.09099210    0.00000000    0.00000000    0.00000000    0.00000000
    0.00000000    0.00000000    1.00000000    0.00000000    0.00000000
   -0.08931550    0.00000000    0.00000000    0.00000000    0.00000000
    0.02941550    0.00000000    0.00000000    0.00000000    0.00000000
    0.00000000    0.00000000    0.00000000    1.00000000    0.00000000
    0.36440200    0.00000000    0.00000000    0.00000000    0.00000000
    0.55049730    0.00000000    0.00000000    0.00000000    0.00000000
    0.00000000    0.00000000    0.00000000    0.00000000    1.00000000
    0.17444120    0.00000000    0.00000000    0.00000000    0.00000000

    7.004881    3.451199    1.700353    0.837738    0.806184
    0.412741    0.404355    0.203351    0.138470    0.100188
    0.081041    0.049361    0.024320    0.011982

   -0.00053060    0.00000000    0.00000000    0.00000000    0.00000000
    0.00129490    0.00000000    0.00000000    0.00000000    0.00000000
    0.00701150    0.00000000    0.00000000    0.00000000    0.00000000
    0.01716040    0.00000000    0.00000000    0.00000000    0.00000000
    0.00000000    1.00000000    0.00000000    0.00000000    0.00000000
    0.03672400    0.00000000    0.00000000    0.00000000    0.00000000
    0.00000000    0.00000000    1.00000000    0.00000000    0.00000000
    0.09650420    0.00000000    0.00000000    0.00000000    0.00000000
    0.00000000    0.00000000    0.00000000    1.00000000    0.00000000
    0.22110130    0.00000000    0.00000000    0.00000000    0.00000000
    0.00000000    0.00000000    0.00000000    0.00000000    1.00000000
    0.38353580    0.00000000    0.00000000    0.00000000    0.00000000
    0.33505640    0.00000000    0.00000000    0.00000000    0.00000000
    0.07814530    0.00000000    0.00000000    0.00000000    0.00000000

    0.986350    0.835758    0.161784    0.065574

    1.00000000    0.00000000    0.00000000    0.00000000
    0.00000000    1.00000000    0.00000000    0.00000000
    0.00000000    0.00000000    1.00000000    0.00000000
    0.00000000    0.00000000    0.00000000    1.00000000

    0.856748    0.420698    0.152988

    1.00000000    0.00000000    0.00000000
    0.00000000    1.00000000    0.00000000
    0.00000000    0.00000000    1.00000000

    0.457496    0.254479

    1.00000000    0.00000000
    0.00000000    1.00000000

Li:cc-pVDZ-ccECP
ccECP cc-pVDZ for Li | source recipes/Li/ccECP/Li.cc-pVDZ.gamess | ccECP from Guangming Wang et al. Journal of Chemical Physics 151, 144110 (2019) https://doi.org/10.1063/1.5121006

  3
    0    1    2
    2    2    1
   11   11    1

   16.001258    7.583113    3.593693    1.703077    0.807101
    0.382491    0.181265    0.103721    0.085903    0.040710
    0.019293

    0.00004340    0.00000000
   -0.00075310    0.00000000
   -0.00025190    0.00000000
    0.01696740    0.00000000
   -0.09099210    0.00000000
   -0.08931550    0.00000000
    0.02941550    0.00000000
    0.00000000    1.00000000
    0.36440200    0.00000000
    0.55049730    0.00000000
    0.17444120    0.00000000

    7.004881    3.451199    1.700353    0.837738    0.412741
    0.203351    0.100188    0.070391    0.049361    0.024320
    0.011982

   -0.00053060    0.00000000
    0.00129490    0.00000000
    0.00701150    0.00000000
    0.01716040    0.00000000
    0.03672400    0.00000000
    0.09650420    0.00000000
    0.22110130    0.00000000
    0.00000000    1.00000000
    0.38353580    0.00000000
    0.33505640    0.00000000
    0.07814530    0.00000000

    0.110720

    1.00000000

Li:cc-pVQZ-ccECP
ccECP cc-pVQZ for Li | source recipes/Li/ccECP/Li.cc-pVQZ.gamess | ccECP from Guangming Wang et al. Journal of Chemical Physics 151, 144110 (2019) https://doi.org/10.1063/1.5121006

  5
    0    1    2    3    4
    4    4    3    2    1
   13   13    3    2    1

   16.001258    7.583113    3.593693    1.703077    0.807101
    0.519693    0.382491    0.181265    0.109770    0.085903
    0.040710    0.024834    0.019293

    0.00004340    0.00000000    0.00000000    0.00000000
   -0.00075310    0.00000000    0.00000000    0.00000000
   -0.00025190    0.00000000    0.00000000    0.00000000
    0.01696740    0.00000000    0.00000000    0.00000000
   -0.09099210    0.00000000    0.00000000    0.00000000
    0.00000000    1.00000000    0.00000000    0.00000000
   -0.08931550    0.00000000    0.00000000    0.00000000
    0.02941550    0.00000000    0.00000000    0.00000000
    0.00000000    0.00000000    1.00000000    0.00000000
    0.36440200    0.00000000    0.00000000    0.00000000
    0.55049730    0.00000000    0.00000000    0.00000000
    0.00000000    0.00000000    0.00000000    1.00000000
    0.17444120    0.00000000    0.00000000    0.00000000

    7.004881    3.451199    1.700353    0.837738    0.412741
    0.207505    0.203351    0.115823    0.100188    0.070662
    0.049361    0.024320    0.011982

   -0.00053060    0.00000000    0.00000000    0.00000000
    0.00129490    0.00000000    0.00000000    0.00000000
    0.00701150    0.00000000    0.00000000    0.00000000
    0.01716040    0.00000000    0.00000000    0.00000000
    0.03672400    0.00000000    0.00000000    0.00000000
    0.00000000    1.00000000    0.00000000    0.00000000
    0.09650420    0.00000000    0.00000000    0.00000000
    0.00000000    0.00000000    1.00000000    0.00000000
    0.22110130    0.00000000    0.00000000    0.00000000
    0.00000000    0.00000000    0.00000000    1.00000000
    0.38353580    0.00000000    0.00000000    0.00000000
    0.33505640    0.00000000    0.00000000    0.00000000
    0.07814530    0.00000000    0.00000000    0.00000000

    0.214990    0.089353    0.029817

    1.00000000    0.00000000    0.00000000
    0.00000000    1.00000000    0.00000000
    0.00000000    0.00000000    1.00000000

    0.240323    0.099930

    1.00000000    0.00000000
    0.00000000    1.00000000

    0.199570

    1.00000000

Li:cc-pVTZ-ccECP
ccECP cc-pVTZ for Li | source recipes/Li/ccECP/Li.cc-pVTZ.gamess | ccECP from Guangming Wang et al. Journal of Chemical Physics 151, 144110 (2019) https://doi.org/10.1063/1.5121006

  4
    0    1    2    3
    3    3    2    1
   12   12    2    1

   16.001258    7.583113    3.593693    1.703077    0.807101
    0.382491    0.181265    0.132259    0.085903    0.040710
    0.026170    0.019293

    0.00004340    0.00000000    0.00000000
   -0.00075310    0.00000000    0.00000000
   -0.00025190    0.00000000    0.00000000
    0.01696740    0.00000000    0.00000000
   -0.09099210    0.00000000    0.00000000
   -0.08931550    0.00000000    0.00000000
    0.02941550    0.00000000    0.00000000
    0.00000000    1.00000000    0.00000000
    0.36440200    0.00000000    0.00000000
    0.55049730    0.00000000    0.00000000
    0.00000000    0.00000000    1.00000000
    0.17444120    0.00000000    0.00000000

    7.004881    3.451199    1.700353    0.837738    0.412741
    0.203351    0.110075    0.100188    0.052959    0.049361
    0.024320    0.011982

   -0.00053060    0.00000000    0.00000000
    0.00129490    0.00000000    0.00000000
    0.00701150    0.00000000    0.00000000
    0.01716040    0.00000000    0.00000000
    0.03672400    0.00000000    0.00000000
    0.09650420    0.00000000    0.00000000
    0.00000000    1.00000000    0.00000000
    0.22110130    0.00000000    0.00000000
    0.00000000    0.00000000    1.00000000
    0.38353580    0.00000000    0.00000000
    0.33505640    0.00000000    0.00000000
    0.07814530    0.00000000    0.00000000

    0.177140    0.067795

    1.00000000    0.00000000
    0.00000000    1.00000000

    0.180758

    1.00000000

