
Al:aug-cc-pV5Z-ccECP
ccECP aug-cc-pV5Z for Al | source recipes/Al/ccECP/Al.aug-cc-pV5Z.gamess | ccECP from Chandler Bennett et al. Journal of Chemical Physics 149, 104108 (2018) https://doi.org/10.1063/1.5038135

  6
    0    1    2    3    4    5
    6    6    5    4    3    2
   15   15    5    4    3    2

   8.257944   4.514245   2.467734   1.348998   0.967736
   0.737436   0.403123   0.379373   0.220369   0.148722
   0.120466   0.065853   0.058302   0.035999   0.024250

     0.003287   0.00000000   0.00000000   0.00000000   0.00000000   0.00000000
    -0.017168   0.00000000   0.00000000   0.00000000   0.00000000   0.00000000
     0.069766   0.00000000   0.00000000   0.00000000   0.00000000   0.00000000
    -0.183475   0.00000000   0.00000000   0.00000000   0.00000000   0.00000000
   0.00000000     1.000000   0.00000000   0.00000000   0.00000000   0.00000000
    -0.147133   0.00000000   0.00000000   0.00000000   0.00000000   0.00000000
     0.046882   0.00000000   0.00000000   0.00000000   0.00000000   0.00000000
   0.00000000   0.00000000     1.000000   0.00000000   0.00000000   0.00000000
     0.308423   0.00000000   0.00000000   0.00000000   0.00000000   0.00000000
   0.00000000   0.00000000   0.00000000     1.000000   0.00000000   0.00000000
     0.451564   0.00000000   0.00000000   0.00000000   0.00000000   0.00000000
     0.302904   0.00000000   0.00000000   0.00000000   0.00000000   0.00000000
   0.00000000   0.00000000   0.00000000   0.00000000     1.000000   0.00000000
     0.079545   0.00000000   0.00000000   0.00000000   0.00000000   0.00000000
   0.00000000   0.00000000   0.00000000   0.00000000   0.00000000     1.000000

   1.570603   0.977752   0.951381   0.608683   0.456240
   0.378925   0.235893   0.218792   0.146851   0.104923
   0.091420   0.056912   0.046262   0.035429   0.022056

    -0.002645   0.00000000   0.00000000   0.00000000   0.00000000   0.00000000
    -0.037850   0.00000000   0.00000000   0.00000000   0.00000000   0.00000000
   0.00000000     1.000000   0.00000000   0.00000000   0.00000000   0.00000000
     0.006636   0.00000000   0.00000000   0.00000000   0.00000000   0.00000000
   0.00000000   0.00000000     1.000000   0.00000000   0.00000000   0.00000000
     0.089291   0.00000000   0.00000000   0.00000000   0.00000000   0.00000000
     0.134421   0.00000000   0.00000000   0.00000000   0.00000000   0.00000000
   0.00000000   0.00000000   0.00000000     1.000000   0.00000000   0.00000000
     0.256105   0.00000000   0.00000000   0.00000000   0.00000000   0.00000000
   0.00000000   0.00000000   0.00000000   0.00000000     1.000000   0.00000000
     0.238970   0.00000000   0.00000000   0.00000000   0.00000000   0.00000000
     0.260677   0.00000000   0.00000000   0.00000000   0.00000000   0.00000000
   0.00000000   0.00000000   0.00000000   0.00000000   0.00000000     1.000000
     0.112350   0.00000000   0.00000000   0.00000000   0.00000000   0.00000000
     0.052665   0.00000000   0.00000000   0.00000000   0.00000000   0.00000000

   1.586180   0.603516   0.229628   0.087370   0.031509

     1.000000   0.00000000   0.00000000   0.00000000   0.00000000
   0.00000000     1.000000   0.00000000   0.00000000   0.00000000
   0.00000000   0.00000000     1.000000   0.00000000   0.00000000
   0.00000000   0.00000000   0.00000000     1.000000   0.00000000
   0.00000000   0.00000000   0.00000000   0.00000000     1.000000

   0.546132   0.262335   0.126013   0.050636

     1.000000   0.00000000   0.00000000   0.00000000
   0.00000000     1.000000   0.00000000   0.00000000
   0.00000000   0.00000000     1.000000   0.00000000
   0.00000000   0.00000000   0.00000000     1.000000

   0.535941   0.243699   0.104421

     1.000000   0.00000000   0.00000000
   0.00000000     1.000000   0.00000000
   0.00000000   0.00000000     1.000000

   0.443982   0.216180

     1.000000   0.00000000
   0.00000000     1.000000

Al:aug-cc-pV6Z-ccECP
ccECP aug-cc-pV6Z for Al | source recipes/Al/ccECP/Al.aug-cc-pV6Z.gamess | ccECP from Chandler Bennett et al. Journal of Chemical Physics 149, 104108 (2018) https://doi.org/10.1063/1.5038135

  7
    0    1    2    3    4    5    6
    7    7    6    5    4    3    2
   16   16    6    5    4    3    2

   8.257944   4.514245   2.467734   1.348998   1.136574
   0.737436   0.516655   0.403123   0.234857   0.220369
   0.120466   0.106760   0.065853   0.048530   0.035999
   0.022060

    0.00328700    0.00000000    0.00000000    0.00000000    0.00000000
    0.00000000    0.00000000
   -0.01716800    0.00000000    0.00000000    0.00000000    0.00000000
    0.00000000    0.00000000
    0.06976600    0.00000000    0.00000000    0.00000000    0.00000000
    0.00000000    0.00000000
   -0.18347500    0.00000000    0.00000000    0.00000000    0.00000000
    0.00000000    0.00000000
    0.00000000    0.00000000    0.00000000    0.00000000    0.00000000
    0.00000000    1.00000000
   -0.14713300    0.00000000    0.00000000    0.00000000    0.00000000
    0.00000000    0.00000000
    0.00000000    0.00000000    0.00000000    0.00000000    0.00000000
    1.00000000    0.00000000
    0.04688200    0.00000000    0.00000000    0.00000000    0.00000000
    0.00000000    0.00000000
    0.00000000    0.00000000    0.00000000    0.00000000    1.00000000
    0.00000000    0.00000000
    0.30842300    0.00000000    0.00000000    0.00000000    0.00000000
    0.00000000    0.00000000
    0.45156400    0.00000000    0.00000000    0.00000000    0.00000000
    0.00000000    0.00000000
    0.00000000    0.00000000    0.00000000    1.00000000    0.00000000
    0.00000000    0.00000000
    0.30290400    0.00000000    0.00000000    0.00000000    0.00000000
    0.00000000    0.00000000
    0.00000000    0.00000000    1.00000000    0.00000000    0.00000000
    0.00000000    0.00000000
    0.07954500    0.00000000    0.00000000    0.00000000    0.00000000
    0.00000000    0.00000000
    0.00000000    1.00000000    0.00000000    0.00000000    0.00000000
    0.00000000    0.00000000

   1.570603   0.977752   0.669621   0.608683   0.378925
   0.304456   0.235893   0.146851   0.138426   0.091420
   0.062938   0.056912   0.035429   0.028616   0.022056
   0.013011

   -0.00264500    0.00000000    0.00000000    0.00000000    0.00000000
    0.00000000    0.00000000
   -0.03785000    0.00000000    0.00000000    0.00000000    0.00000000
    0.00000000    0.00000000
    0.00000000    0.00000000    0.00000000    0.00000000    0.00000000
    0.00000000    1.00000000
    0.00663600    0.00000000    0.00000000    0.00000000    0.00000000
    0.00000000    0.00000000
    0.08929100    0.00000000    0.00000000    0.00000000    0.00000000
    0.00000000    0.00000000
    0.00000000    0.00000000    0.00000000    0.00000000    0.00000000
    1.00000000    0.00000000
    0.13442100    0.00000000    0.00000000    0.00000000    0.00000000
    0.00000000    0.00000000
    0.25610500    0.00000000    0.00000000    0.00000000    0.00000000
    0.00000000    0.00000000
    0.00000000    0.00000000    0.00000000    0.00000000    1.00000000
    0.00000000    0.00000000
    0.23897000    0.00000000    0.00000000    0.00000000    0.00000000
    0.00000000    0.00000000
    0.00000000    0.00000000    0.00000000    1.00000000    0.00000000
    0.00000000    0.00000000
    0.26067700    0.00000000    0.00000000    0.00000000    0.00000000
    0.00000000    0.00000000
    0.11235000    0.00000000    0.00000000    0.00000000    0.00000000
    0.00000000    0.00000000
    0.00000000    0.00000000    1.00000000    0.00000000    0.00000000
    0.00000000    0.00000000
    0.05266500    0.00000000    0.00000000    0.00000000    0.00000000
    0.00000000    0.00000000
    0.00000000    1.00000000    0.00000000    0.00000000    0.00000000
    0.00000000    0.00000000

   1.997172   0.864200   0.373949   0.161812   0.070018
   0.030298

    0.00000000    0.00000000    0.00000000    0.00000000    0.00000000
    1.00000000
    0.00000000    0.00000000    0.00000000    0.00000000    1.00000000
    0.00000000
    0.00000000    0.00000000    0.00000000    1.00000000    0.00000000
    0.00000000
    0.00000000    0.00000000    1.00000000    0.00000000    0.00000000
    0.00000000
    0.00000000    1.00000000    0.00000000    0.00000000    0.00000000
    0.00000000
    1.00000000    0.00000000    0.00000000    0.00000000    0.00000000
    0.00000000

   0.722712   0.390776   0.211295   0.114249   0.061775

    0.00000000    0.00000000    0.00000000    0.00000000    1.00000000
    0.00000000    0.00000000    0.00000000    1.00000000    0.00000000
    0.00000000    0.00000000    1.00000000    0.00000000    0.00000000
    0.00000000    1.00000000    0.00000000    0.00000000    0.00000000
    1.00000000    0.00000000    0.00000000    0.00000000    0.00000000

   0.699361   0.385477   0.212469   0.117110

    0.00000000    0.00000000    0.00000000    1.00000000
    0.00000000    0.00000000    1.00000000    0.00000000
    0.00000000    1.00000000    0.00000000    0.00000000
    1.00000000    0.00000000    0.00000000    0.00000000

   0.640844   0.338669   0.178977

    0.00000000    0.00000000    1.00000000
    0.00000000    1.00000000    0.00000000
    1.00000000    0.00000000    0.00000000

   0.511254   0.204502

    0.00000000    1.00000000
    1.00000000    0.00000000

Al:aug-cc-pVDZ-ccECP
ccECP aug-cc-pVDZ for Al | source recipes/Al/ccECP/Al.aug-cc-pVDZ.gamess | ccECP from Chandler Bennett et al. Journal of Chemical Physics 149, 104108 (2018) https://doi.org/10.1063/1.5038135

  3
    0    1    2
    3    3    2
   12   12    2

   8.257944   4.514245   2.467734   1.348998   0.737436
   0.403123   0.236926   0.220369   0.120466   0.065853
   0.043827   0.035999

     0.003287   0.00000000   0.00000000
    -0.017168   0.00000000   0.00000000
     0.069766   0.00000000   0.00000000
    -0.183475   0.00000000   0.00000000
    -0.147133   0.00000000   0.00000000
     0.046882   0.00000000   0.00000000
   0.00000000     1.000000   0.00000000
     0.308423   0.00000000   0.00000000
     0.451564   0.00000000   0.00000000
     0.302904   0.00000000   0.00000000
   0.00000000   0.00000000     1.000000
     0.079545   0.00000000   0.00000000

   1.570603   0.977752   0.608683   0.378925   0.235893
   0.202698   0.146851   0.091420   0.090017   0.056912
   0.035429   0.022056

    -0.002645   0.00000000   0.00000000
    -0.037850   0.00000000   0.00000000
     0.006636   0.00000000   0.00000000
     0.089291   0.00000000   0.00000000
     0.134421   0.00000000   0.00000000
   0.00000000     1.000000   0.00000000
     0.256105   0.00000000   0.00000000
     0.238970   0.00000000   0.00000000
   0.00000000   0.00000000     1.000000
     0.260677   0.00000000   0.00000000
     0.112350   0.00000000   0.00000000
     0.052665   0.00000000   0.00000000

   0.192882   0.059624

     1.000000   0.00000000
   0.00000000     1.000000

Al:aug-cc-pVQZ-ccECP
ccECP aug-cc-pVQZ for Al | source recipes/Al/ccECP/Al.aug-cc-pVQZ.gamess | ccECP from Chandler Bennett et al. Journal of Chemical Physics 149, 104108 (2018) https://doi.org/10.1063/1.5038135

  5
    0    1    2    3    4
    5    5    4    3    2
   14   14    4    3    2

   8.257944   4.514245   2.467734   1.348998   0.737436
   0.403123   0.347290   0.220369   0.142082   0.120466
   0.065853   0.058128   0.035999   0.025443

     0.003287   0.00000000   0.00000000   0.00000000   0.00000000
    -0.017168   0.00000000   0.00000000   0.00000000   0.00000000
     0.069766   0.00000000   0.00000000   0.00000000   0.00000000
    -0.183475   0.00000000   0.00000000   0.00000000   0.00000000
    -0.147133   0.00000000   0.00000000   0.00000000   0.00000000
     0.046882   0.00000000   0.00000000   0.00000000   0.00000000
   0.00000000     1.000000   0.00000000   0.00000000   0.00000000
     0.308423   0.00000000   0.00000000   0.00000000   0.00000000
   0.00000000   0.00000000     1.000000   0.00000000   0.00000000
     0.451564   0.00000000   0.00000000   0.00000000   0.00000000
     0.302904   0.00000000   0.00000000   0.00000000   0.00000000
   0.00000000   0.00000000   0.00000000     1.000000   0.00000000
     0.079545   0.00000000   0.00000000   0.00000000   0.00000000
   0.00000000   0.00000000   0.00000000   0.00000000     1.000000

   1.570603   0.977752   0.868497   0.608683   0.378925
   0.350263   0.235893   0.146851   0.141260   0.091420
   0.058377   0.056912   0.035429   0.022056

    -0.002645   0.00000000   0.00000000   0.00000000   0.00000000
    -0.037850   0.00000000   0.00000000   0.00000000   0.00000000
   0.00000000     1.000000   0.00000000   0.00000000   0.00000000
     0.006636   0.00000000   0.00000000   0.00000000   0.00000000
     0.089291   0.00000000   0.00000000   0.00000000   0.00000000
   0.00000000   0.00000000     1.000000   0.00000000   0.00000000
     0.134421   0.00000000   0.00000000   0.00000000   0.00000000
     0.256105   0.00000000   0.00000000   0.00000000   0.00000000
   0.00000000   0.00000000   0.00000000     1.000000   0.00000000
     0.238970   0.00000000   0.00000000   0.00000000   0.00000000
   0.00000000   0.00000000   0.00000000   0.00000000     1.000000
     0.260677   0.00000000   0.00000000   0.00000000   0.00000000
     0.112350   0.00000000   0.00000000   0.00000000   0.00000000
     0.052665   0.00000000   0.00000000   0.00000000   0.00000000

   0.641818   0.240140   0.089850   0.032712

     1.000000   0.00000000   0.00000000   0.00000000
   0.00000000     1.000000   0.00000000   0.00000000
   0.00000000   0.00000000     1.000000   0.00000000
   0.00000000   0.00000000   0.00000000     1.000000

   0.407281   0.159215   0.061594

     1.000000   0.00000000   0.00000000
   0.00000000     1.000000   0.00000000
   0.00000000   0.00000000     1.000000

   0.351808   0.147657

     1.000000   0.00000000
   0.00000000     1.000000

Al:aug-cc-pVTZ-ccECP
ccECP aug-cc-pVTZ for Al | source recipes/Al/ccECP/Al.aug-cc-pVTZ.gamess | ccECP from Chandler Bennett et al. Journal of Chemical Physics 149, 104108 (2018) https://doi.org/10.1063/1.5038135

  4
    0    1    2    3
    4    4    3    2
   13   13    3    2

   8.257944   4.514245   2.467734   1.348998   0.737436
   0.403123   0.384847   0.220369   0.120466   0.065853
   0.064802   0.035999   0.031410

     0.003287   0.00000000   0.00000000   0.00000000
    -0.017168   0.00000000   0.00000000   0.00000000
     0.069766   0.00000000   0.00000000   0.00000000
    -0.183475   0.00000000   0.00000000   0.00000000
    -0.147133   0.00000000   0.00000000   0.00000000
     0.046882   0.00000000   0.00000000   0.00000000
   0.00000000     1.000000   0.00000000   0.00000000
     0.308423   0.00000000   0.00000000   0.00000000
     0.451564   0.00000000   0.00000000   0.00000000
     0.302904   0.00000000   0.00000000   0.00000000
   0.00000000   0.00000000     1.000000   0.00000000
     0.079545   0.00000000   0.00000000   0.00000000
   0.00000000   0.00000000   0.00000000     1.000000

   1.570603   0.977752   0.608683   0.378925   0.276146
   0.235893   0.146851   0.091420   0.056912   0.045973
   0.035429   0.022056   0.013480

    -0.002645   0.00000000   0.00000000   0.00000000
    -0.037850   0.00000000   0.00000000   0.00000000
     0.006636   0.00000000   0.00000000   0.00000000
     0.089291   0.00000000   0.00000000   0.00000000
   0.00000000     1.000000   0.00000000   0.00000000
     0.134421   0.00000000   0.00000000   0.00000000
     0.256105   0.00000000   0.00000000   0.00000000
     0.238970   0.00000000   0.00000000   0.00000000
     0.260677   0.00000000   0.00000000   0.00000000
   0.00000000   0.00000000     1.000000   0.00000000
     0.112350   0.00000000   0.00000000   0.00000000
     0.052665   0.00000000   0.00000000   0.00000000
   0.00000000   0.00000000   0.00000000     1.000000

   0.354021   0.114469   0.037038

     1.000000   0.00000000   0.00000000
   0.00000000     1.000000   0.00000000
   0.00000000   0.00000000     1.000000

   0.256594   0.089824

     1.000000   0.00000000
   0.00000000     1.000000

Al:cc-pV5Z-ccECP
ccECP cc-pV5Z for Al | source recipes/Al/ccECP/Al.cc-pV5Z.gamess | ccECP from Chandler Bennett et al. Journal of Chemical Physics 149, 104108 (2018) https://doi.org/10.1063/1.5038135

  6
    0    1    2    3    4    5
    5    5    4    3    2    1
   14   14    4    3    2    1

   8.257944   4.514245   2.467734   1.348998   0.967736
   0.737436   0.403123   0.379373   0.220369   0.148722
   0.120466   0.065853   0.058302   0.035999

     0.003287   0.00000000   0.00000000   0.00000000   0.00000000
    -0.017168   0.00000000   0.00000000   0.00000000   0.00000000
     0.069766   0.00000000   0.00000000   0.00000000   0.00000000
    -0.183475   0.00000000   0.00000000   0.00000000   0.00000000
   0.00000000     1.000000   0.00000000   0.00000000   0.00000000
    -0.147133   0.00000000   0.00000000   0.00000000   0.00000000
     0.046882   0.00000000   0.00000000   0.00000000   0.00000000
   0.00000000   0.00000000     1.000000   0.00000000   0.00000000
     0.308423   0.00000000   0.00000000   0.00000000   0.00000000
   0.00000000   0.00000000   0.00000000     1.000000   0.00000000
     0.451564   0.00000000   0.00000000   0.00000000   0.00000000
     0.302904   0.00000000   0.00000000   0.00000000   0.00000000
   0.00000000   0.00000000   0.00000000   0.00000000     1.000000
     0.079545   0.00000000   0.00000000   0.00000000   0.00000000

   1.570603   0.977752   0.951381   0.608683   0.456240
   0.378925   0.235893   0.218792   0.146851   0.104923
   0.091420   0.056912   0.035429   0.022056

    -0.002645   0.00000000   0.00000000   0.00000000   0.00000000
    -0.037850   0.00000000   0.00000000   0.00000000   0.00000000
   0.00000000     1.000000   0.00000000   0.00000000   0.00000000
     0.006636   0.00000000   0.00000000   0.00000000   0.00000000
   0.00000000   0.00000000     1.000000   0.00000000   0.00000000
     0.089291   0.00000000   0.00000000   0.00000000   0.00000000
     0.134421   0.00000000   0.00000000   0.00000000   0.00000000
   0.00000000   0.00000000   0.00000000     1.000000   0.00000000
     0.256105   0.00000000   0.00000000   0.00000000   0.00000000
   0.00000000   0.00000000   0.00000000   0.00000000     1.000000
     0.238970   0.00000000   0.00000000   0.00000000   0.00000000
     0.260677   0.00000000   0.00000000   0.00000000   0.00000000
     0.112350   0.00000000   0.00000000   0.00000000   0.00000000
     0.052665   0.00000000   0.00000000   0.00000000   0.00000000

   1.586180   0.603516   0.229628   0.087370

     1.000000   0.00000000   0.00000000   0.00000000
   0.00000000     1.000000   0.00000000   0.00000000
   0.00000000   0.00000000     1.000000   0.00000000
   0.00000000   0.00000000   0.00000000     1.000000

   0.546132   0.262335   0.126013

     1.000000   0.00000000   0.00000000
   0.00000000     1.000000   0.00000000
   0.00000000   0.00000000     1.000000

   0.535941   0.243699

     1.000000   0.00000000
   0.00000000     1.000000

   0.443982

     1.000000

Al:cc-pV6Z-ccECP
ccECP cc-pV6Z for Al | source recipes/Al/ccECP/Al.cc-pV6Z.gamess | ccECP from Chandler Bennett et al. Journal of Chemical Physics 149, 104108 (2018) https://doi.org/10.1063/1.5038135

  7
    0    1    2    3    4    5    6
    6    6    5    4    3    2    1
   15   15    5    4    3    2    1

   8.257944   4.514245   2.467734   1.348998   1.136574
   0.737436   0.516655   0.403123   0.234857   0.220369
   0.120466   0.106760   0.065853   0.048530   0.035999

    0.00328700    0.00000000    0.00000000    0.00000000    0.00000000
    0.00000000
   -0.01716800    0.00000000    0.00000000    0.00000000    0.00000000
    0.00000000
    0.06976600    0.00000000    0.00000000    0.00000000    0.00000000
    0.00000000
   -0.18347500    0.00000000    0.00000000    0.00000000    0.00000000
    0.00000000
    0.00000000    0.00000000    0.00000000    0.00000000    0.00000000
    1.00000000
   -0.14713300    0.00000000    0.00000000    0.00000000    0.00000000
    0.00000000
    0.00000000    0.00000000    0.00000000    0.00000000    1.00000000
    0.00000000
    0.04688200    0.00000000    0.00000000    0.00000000    0.00000000
    0.00000000
    0.00000000    0.00000000    0.00000000    1.00000000    0.00000000
    0.00000000
    0.30842300    0.00000000    0.00000000    0.00000000    0.00000000
    0.00000000
    0.45156400    0.00000000    0.00000000    0.00000000    0.00000000
    0.00000000
    0.00000000    0.00000000    1.00000000    0.00000000    0.00000000
    0.00000000
    0.30290400    0.00000000    0.00000000    0.00000000    0.00000000
    0.00000000
    0.00000000    1.00000000    0.00000000    0.00000000    0.00000000
    0.00000000
    0.07954500    0.00000000    0.00000000    0.00000000    0.00000000
    0.00000000

   1.570603   0.977752   0.669621   0.608683   0.378925
   0.304456   0.235893   0.146851   0.138426   0.091420
   0.062938   0.056912   0.035429   0.028616   0.022056

   -0.00264500    0.00000000    0.00000000    0.00000000    0.00000000
    0.00000000
   -0.03785000    0.00000000    0.00000000    0.00000000    0.00000000
    0.00000000
    0.00000000    0.00000000    0.00000000    0.00000000    0.00000000
    1.00000000
    0.00663600    0.00000000    0.00000000    0.00000000    0.00000000
    0.00000000
    0.08929100    0.00000000    0.00000000    0.00000000    0.00000000
    0.00000000
    0.00000000    0.00000000    0.00000000    0.00000000    1.00000000
    0.00000000
    0.13442100    0.00000000    0.00000000    0.00000000    0.00000000
    0.00000000
    0.25610500    0.00000000    0.00000000    0.00000000    0.00000000
    0.00000000
    0.00000000    0.00000000    0.00000000    1.00000000    0.00000000
    0.00000000
    0.23897000    0.00000000    0.00000000    0.00000000    0.00000000
    0.00000000
    0.00000000    0.00000000    1.00000000    0.00000000    0.00000000
    0.00000000
    0.26067700    0.00000000    0.00000000    0.00000000    0.00000000
    0.00000000
    0.11235000    0.00000000    0.00000000    0.00000000    0.00000000
    0.00000000
    0.00000000    1.00000000    0.00000000    0.00000000    0.00000000
    0.00000000
    0.05266500    0.00000000    0.00000000    0.00000000    0.00000000
    0.00000000

   1.997172   0.864200   0.373949   0.161812   0.070018

    0.00000000    0.00000000    0.00000000    0.00000000    1.00000000
    0.00000000    0.00000000    0.00000000    1.00000000    0.00000000
    0.00000000    0.00000000    1.00000000    0.00000000    0.00000000
    0.00000000    1.00000000    0.00000000    0.00000000    0.00000000
    1.00000000    0.00000000    0.00000000    0.00000000    0.00000000

   0.722712   0.390776   0.211295   0.114249

    0.00000000    0.00000000    0.00000000    1.00000000
    0.00000000    0.00000000    1.00000000    0.00000000
    0.00000000    1.00000000    0.00000000    0.00000000
    1.00000000    0.00000000    0.00000000    0.00000000

   0.699361   0.385477   0.212469

    0.00000000    0.00000000    1.00000000
    0.00000000    1.00000000    0.00000000
    1.00000000    0.00000000    0.00000000

   0.640844   0.338669

    0.00000000    1.00000000
    1.00000000    0.00000000

   0.511254

    1.00000000

Al:cc-pVDZ-ccECP
ccECP cc-pVDZ for Al | source recipes/Al/ccECP/Al.cc-pVDZ.gamess | ccECP from Chandler Bennett et al. Journal of Chemical Physics 149, 104108 (2018) https://doi.org/10.1063/1.5038135

  3
    0    1    2
    2    2    1
   11   11    1

   8.257944   4.514245   2.467734   1.348998   0.737436
   0.403123   0.236926   0.220369   0.120466   0.065853
   0.035999

     0.003287   0.00000000
    -0.017168   0.00000000
     0.069766   0.00000000
    -0.183475   0.00000000
    -0.147133   0.00000000
     0.046882   0.00000000
   0.00000000     1.000000
     0.308423   0.00000000
     0.451564   0.00000000
     0.302904   0.00000000
     0.079545   0.00000000

   1.570603   0.977752   0.608683   0.378925   0.235893
   0.202698   0.146851   0.091420   0.056912   0.035429
   0.022056

    -0.002645   0.00000000
    -0.037850   0.00000000
     0.006636   0.00000000
     0.089291   0.00000000
     0.134421   0.00000000
   0.00000000     1.000000
     0.256105   0.00000000
     0.238970   0.00000000
     0.260677   0.00000000
     0.112350   0.00000000
     0.052665   0.00000000

   0.192882

     1.000000

Al:cc-pVQZ-ccECP
ccECP cc-pVQZ for Al | source recipes/Al/ccECP/Al.cc-pVQZ.gamess | ccECP from Chandler Bennett et al. Journal of Chemical Physics 149, 104108 (2018) https://doi.org/10.1063/1.5038135

  5
    0    1    2    3    4
    4    4    3    2    1
   13   13    3    2    1

   8.257944   4.514245   2.467734   1.348998   0.737436
   0.403123   0.347290   0.220369   0.142082   0.120466
   0.065853   0.058128   0.035999

     0.003287   0.00000000   0.00000000   0.00000000
    -0.017168   0.00000000   0.00000000   0.00000000
     0.069766   0.00000000   0.00000000   0.00000000
    -0.183475   0.00000000   0.00000000   0.00000000
    -0.147133   0.00000000   0.00000000   0.00000000
     0.046882   0.00000000   0.00000000   0.00000000
   0.00000000     1.000000   0.00000000   0.00000000
     0.308423   0.00000000   0.00000000   0.00000000
   0.00000000   0.00000000     1.000000   0.00000000
     0.451564   0.00000000   0.00000000   0.00000000
     0.302904   0.00000000   0.00000000   0.00000000
   0.00000000   0.00000000   0.00000000     1.000000
     0.079545   0.00000000   0.00000000   0.00000000

   1.570603   0.977752   0.868497   0.608683   0.378925
   0.350263   0.235893   0.146851   0.141260   0.091420
   0.056912   0.035429   0.022056

    -0.002645   0.00000000   0.00000000   0.00000000
    -0.037850   0.00000000   0.00000000   0.00000000
   0.00000000     1.000000   0.00000000   0.00000000
     0.006636   0.00000000   0.00000000   0.00000000
     0.089291   0.00000000   0.00000000   0.00000000
   0.00000000   0.00000000     1.000000   0.00000000
     0.134421   0.00000000   0.00000000   0.00000000
     0.256105   0.00000000   0.00000000   0.00000000
   0.00000000   0.00000000   0.00000000     1.000000
     0.238970   0.00000000   0.00000000   0.00000000
     0.260677   0.00000000   0.00000000   0.00000000
     0.112350   0.00000000   0.00000000   0.00000000
     0.052665   0.00000000   0.00000000   0.00000000

   0.641818   0.240140   0.089850

     1.000000   0.00000000   0.00000000
   0.00000000     1.000000   0.00000000
   0.00000000   0.00000000     1.000000

   0.407281   0.159215

     1.000000   0.00000000
   0.00000000     1.000000

   0.351808

     1.000000

Al:cc-pVTZ-ccECP
ccECP cc-pVTZ for Al | source recipes/Al/ccECP/Al.cc-pVTZ.gamess | ccECP from Chandler Bennett et al. Journal of Chemical Physics 149, 104108 (2018) https://doi.org/10.1063/1.5038135

  4
    0    1    2    3
    3    3    2    1
   12   12    2    1

   8.257944   4.514245   2.467734   1.348998   0.737436
   0.403123   0.384847   0.220369   0.120466   0.065853
   0.064802   0.035999

     0.003287   0.00000000   0.00000000
    -0.017168   0.00000000   0.00000000
     0.069766   0.00000000   0.00000000
    -0.183475   0.00000000   0.00000000
    -0.147133   0.00000000   0.00000000
     0.046882   0.00000000   0.00000000
   0.00000000     1.000000   0.00000000
     0.308423   0.00000000   0.00000000
     0.451564   0.00000000   0.00000000
     0.302904   0.00000000   0.00000000
   0.00000000   0.00000000     1.000000
     0.079545   0.00000000   0.00000000

   1.570603   0.977752   0.608683   0.378925   0.276146
   0.235893   0.146851   0.091420   0.056912   0.045973
   0.035429   0.022056

    -0.002645   0.00000000   0.00000000
    -0.037850   0.00000000   0.00000000
     0.006636   0.00000000   0.00000000
     0.089291   0.00000000   0.00000000
   0.00000000     1.000000   0.00000000
     0.134421   0.00000000   0.00000000
     0.256105   0.00000000   0.00000000
     0.238970   0.00000000   0.00000000
     0.260677   0.00000000   0.00000000
   0.00000000   0.00000000     1.000000
     0.112350   0.00000000   0.00000000
     0.052665   0.00000000   0.00000000

   0.354021   0.114469

     1.000000   0.00000000
   0.00000000     1.000000

   0.256594

     1.000000

