
Ar:aug-cc-pV5Z-ccECP
ccECP aug-cc-pV5Z for Ar | source recipes/Ar/ccECP/Ar.aug-cc-pV5Z.gamess | ccECP from Chandler Bennett et al. Journal of Chemical Physics 149, 104108 (2018) https://doi.org/10.1063/1.5038135

  6
    0    1    2    3    4    5
    6    6    5    4    3    2
   15   15    5    4    3    2

   17.798602   10.185798    5.829136    3.335903    1.909073
    1.529505    1.092526    0.723273    0.625231    0.357808
    0.342021    0.204767    0.161735    0.117184    0.064694

     0.000155   0.00000000   0.00000000   0.00000000   0.00000000   0.00000000
     0.002011   0.00000000   0.00000000   0.00000000   0.00000000   0.00000000
     0.072819   0.00000000   0.00000000   0.00000000   0.00000000   0.00000000
    -0.297567   0.00000000   0.00000000   0.00000000   0.00000000   0.00000000
    -0.143663   0.00000000   0.00000000   0.00000000   0.00000000   0.00000000
   0.00000000     1.000000   0.00000000   0.00000000   0.00000000   0.00000000
     0.157775   0.00000000   0.00000000   0.00000000   0.00000000   0.00000000
   0.00000000   0.00000000     1.000000   0.00000000   0.00000000   0.00000000
     0.391895   0.00000000   0.00000000   0.00000000   0.00000000   0.00000000
     0.424724   0.00000000   0.00000000   0.00000000   0.00000000   0.00000000
   0.00000000   0.00000000   0.00000000     1.000000   0.00000000   0.00000000
     0.223240   0.00000000   0.00000000   0.00000000   0.00000000   0.00000000
   0.00000000   0.00000000   0.00000000   0.00000000     1.000000   0.00000000
     0.063299   0.00000000   0.00000000   0.00000000   0.00000000   0.00000000
   0.00000000   0.00000000   0.00000000   0.00000000   0.00000000     1.000000

    7.610920    4.581784    3.848596    2.758240    1.837529
    1.660464    0.999601    0.877336    0.601761    0.418888
    0.362261    0.218082    0.167555    0.131285    0.079034

    -0.008071   0.00000000   0.00000000   0.00000000   0.00000000   0.00000000
    -0.012332   0.00000000   0.00000000   0.00000000   0.00000000   0.00000000
   0.00000000     1.000000   0.00000000   0.00000000   0.00000000   0.00000000
    -0.061298   0.00000000   0.00000000   0.00000000   0.00000000   0.00000000
   0.00000000   0.00000000     1.000000   0.00000000   0.00000000   0.00000000
     0.101944   0.00000000   0.00000000   0.00000000   0.00000000   0.00000000
     0.172497   0.00000000   0.00000000   0.00000000   0.00000000   0.00000000
   0.00000000   0.00000000   0.00000000     1.000000   0.00000000   0.00000000
     0.288747   0.00000000   0.00000000   0.00000000   0.00000000   0.00000000
   0.00000000   0.00000000   0.00000000   0.00000000     1.000000   0.00000000
     0.247918   0.00000000   0.00000000   0.00000000   0.00000000   0.00000000
     0.231893   0.00000000   0.00000000   0.00000000   0.00000000   0.00000000
   0.00000000   0.00000000   0.00000000   0.00000000   0.00000000     1.000000
     0.095994   0.00000000   0.00000000   0.00000000   0.00000000   0.00000000
     0.046211   0.00000000   0.00000000   0.00000000   0.00000000   0.00000000

    3.766125    1.581658    0.664248    0.278964    0.111586

     1.000000   0.00000000   0.00000000   0.00000000   0.00000000
   0.00000000     1.000000   0.00000000   0.00000000   0.00000000
   0.00000000   0.00000000     1.000000   0.00000000   0.00000000
   0.00000000   0.00000000   0.00000000     1.000000   0.00000000
   0.00000000   0.00000000   0.00000000   0.00000000     1.000000

    1.962257    0.915696    0.427314    0.170926

     1.000000   0.00000000   0.00000000   0.00000000
   0.00000000     1.000000   0.00000000   0.00000000
   0.00000000   0.00000000     1.000000   0.00000000
   0.00000000   0.00000000   0.00000000     1.000000

    1.608765    0.673020    0.269208

     1.000000   0.00000000   0.00000000
   0.00000000     1.000000   0.00000000
   0.00000000   0.00000000     1.000000

    1.266388    0.506555

     1.000000   0.00000000
   0.00000000     1.000000

Ar:aug-cc-pV6Z-ccECP
ccECP aug-cc-pV6Z for Ar | source recipes/Ar/ccECP/Ar.aug-cc-pV6Z.gamess | ccECP from Chandler Bennett et al. Journal of Chemical Physics 149, 104108 (2018) https://doi.org/10.1063/1.5038135

  7
    0    1    2    3    4    5    6
    7    7    6    5    4    3    2
   16   16    6    5    4    3    2

   17.798602   10.185798    5.829136    3.744451    3.335903
    1.909073    1.710813    1.092526    0.781658    0.625231
    0.357808    0.357134    0.204767    0.163172    0.117184
    0.065269

     0.000155   0.00000000   0.00000000   0.00000000   0.00000000   0.00000000
   0.00000000
     0.002011   0.00000000   0.00000000   0.00000000   0.00000000   0.00000000
   0.00000000
     0.072819   0.00000000   0.00000000   0.00000000   0.00000000   0.00000000
   0.00000000
   0.00000000   0.00000000   0.00000000   0.00000000   0.00000000     1.000000
   0.00000000
    -0.297567   0.00000000   0.00000000   0.00000000   0.00000000   0.00000000
   0.00000000
    -0.143663   0.00000000   0.00000000   0.00000000   0.00000000   0.00000000
   0.00000000
   0.00000000   0.00000000   0.00000000   0.00000000     1.000000   0.00000000
   0.00000000
     0.157775   0.00000000   0.00000000   0.00000000   0.00000000   0.00000000
   0.00000000
   0.00000000   0.00000000   0.00000000     1.000000   0.00000000   0.00000000
   0.00000000
     0.391895   0.00000000   0.00000000   0.00000000   0.00000000   0.00000000
   0.00000000
     0.424724   0.00000000   0.00000000   0.00000000   0.00000000   0.00000000
   0.00000000
   0.00000000   0.00000000     1.000000   0.00000000   0.00000000   0.00000000
   0.00000000
     0.223240   0.00000000   0.00000000   0.00000000   0.00000000   0.00000000
   0.00000000
   0.00000000     1.000000   0.00000000   0.00000000   0.00000000   0.00000000
   0.00000000
     0.063299   0.00000000   0.00000000   0.00000000   0.00000000   0.00000000
   0.00000000
   0.00000000   0.00000000   0.00000000   0.00000000   0.00000000   0.00000000
     1.000000

    7.610920    4.581784    2.758240    2.058619    1.660464
    0.999601    0.982050    0.601761    0.468480    0.362261
    0.223485    0.218082    0.131285    0.106612    0.079034
    0.042645

    -0.008071   0.00000000   0.00000000   0.00000000   0.00000000   0.00000000
   0.00000000
    -0.012332   0.00000000   0.00000000   0.00000000   0.00000000   0.00000000
   0.00000000
    -0.061298   0.00000000   0.00000000   0.00000000   0.00000000   0.00000000
   0.00000000
   0.00000000   0.00000000   0.00000000   0.00000000   0.00000000     1.000000
   0.00000000
     0.101944   0.00000000   0.00000000   0.00000000   0.00000000   0.00000000
   0.00000000
     0.172497   0.00000000   0.00000000   0.00000000   0.00000000   0.00000000
   0.00000000
   0.00000000   0.00000000   0.00000000   0.00000000     1.000000   0.00000000
   0.00000000
     0.288747   0.00000000   0.00000000   0.00000000   0.00000000   0.00000000
   0.00000000
   0.00000000   0.00000000   0.00000000     1.000000   0.00000000   0.00000000
   0.00000000
     0.247918   0.00000000   0.00000000   0.00000000   0.00000000   0.00000000
   0.00000000
   0.00000000   0.00000000     1.000000   0.00000000   0.00000000   0.00000000
   0.00000000
     0.231893   0.00000000   0.00000000   0.00000000   0.00000000   0.00000000
   0.00000000
     0.095994   0.00000000   0.00000000   0.00000000   0.00000000   0.00000000
   0.00000000
   0.00000000     1.000000   0.00000000   0.00000000   0.00000000   0.00000000
   0.00000000
     0.046211   0.00000000   0.00000000   0.00000000   0.00000000   0.00000000
   0.00000000
   0.00000000   0.00000000   0.00000000   0.00000000   0.00000000   0.00000000
     1.000000

    4.359505    2.095219    1.006982    0.483965    0.232598
    0.093039

   0.00000000   0.00000000   0.00000000   0.00000000     1.000000   0.00000000
   0.00000000   0.00000000   0.00000000     1.000000   0.00000000   0.00000000
   0.00000000   0.00000000     1.000000   0.00000000   0.00000000   0.00000000
   0.00000000     1.000000   0.00000000   0.00000000   0.00000000   0.00000000
     1.000000   0.00000000   0.00000000   0.00000000   0.00000000   0.00000000
   0.00000000   0.00000000   0.00000000   0.00000000   0.00000000     1.000000

    2.477172    1.297930    0.680059    0.356321    0.142528

   0.00000000   0.00000000   0.00000000     1.000000   0.00000000
   0.00000000   0.00000000     1.000000   0.00000000   0.00000000
   0.00000000     1.000000   0.00000000   0.00000000   0.00000000
     1.000000   0.00000000   0.00000000   0.00000000   0.00000000
   0.00000000   0.00000000   0.00000000   0.00000000     1.000000

    2.216297    1.098105    0.544076    0.217630

   0.00000000   0.00000000     1.000000   0.00000000
   0.00000000     1.000000   0.00000000   0.00000000
     1.000000   0.00000000   0.00000000   0.00000000
   0.00000000   0.00000000   0.00000000     1.000000

    1.890170    0.891198    0.356479

   0.00000000     1.000000   0.00000000
     1.000000   0.00000000   0.00000000
   0.00000000   0.00000000     1.000000

    1.507129    0.602852

     1.000000   0.00000000
   0.00000000     1.000000

Ar:aug-cc-pVDZ-ccECP
ccECP aug-cc-pVDZ for Ar | source recipes/Ar/ccECP/Ar.aug-cc-pVDZ.gamess | ccECP from Chandler Bennett et al. Journal of Chemical Physics 149, 104108 (2018) https://doi.org/10.1063/1.5038135

  3
    0    1    2
    3    3    2
   12   12    2

   17.798602   10.185798    5.829136    3.335903    1.909073
    1.092526    0.777098    0.625231    0.357808    0.310839
    0.204767    0.117184

     0.000155   0.00000000   0.00000000
     0.002011   0.00000000   0.00000000
     0.072819   0.00000000   0.00000000
    -0.297567   0.00000000   0.00000000
    -0.143663   0.00000000   0.00000000
     0.157775   0.00000000   0.00000000
   0.00000000     1.000000   0.00000000
     0.391895   0.00000000   0.00000000
     0.424724   0.00000000   0.00000000
   0.00000000   0.00000000     1.000000
     0.223240   0.00000000   0.00000000
     0.063299   0.00000000   0.00000000

    7.610920    4.581784    2.758240    1.660464    0.999601
    0.784009    0.601761    0.362261    0.313604    0.218082
    0.131285    0.079034

    -0.008071   0.00000000   0.00000000
    -0.012332   0.00000000   0.00000000
    -0.061298   0.00000000   0.00000000
     0.101944   0.00000000   0.00000000
     0.172497   0.00000000   0.00000000
   0.00000000     1.000000   0.00000000
     0.288747   0.00000000   0.00000000
     0.247918   0.00000000   0.00000000
   0.00000000   0.00000000     1.000000
     0.231893   0.00000000   0.00000000
     0.095994   0.00000000   0.00000000
     0.046211   0.00000000   0.00000000

    0.785910    0.314364

     1.000000   0.00000000
   0.00000000     1.000000

Ar:aug-cc-pVQZ-ccECP
ccECP aug-cc-pVQZ for Ar | source recipes/Ar/ccECP/Ar.aug-cc-pVQZ.gamess | ccECP from Chandler Bennett et al. Journal of Chemical Physics 149, 104108 (2018) https://doi.org/10.1063/1.5038135

  5
    0    1    2    3    4
    5    5    4    3    2
   14   14    4    3    2

   17.798602   10.185798    5.829136    3.335903    1.909073
    1.261554    1.092526    0.625231    0.507496    0.357808
    0.204767    0.204155    0.117184    0.081662

     0.000155   0.00000000   0.00000000   0.00000000   0.00000000
     0.002011   0.00000000   0.00000000   0.00000000   0.00000000
     0.072819   0.00000000   0.00000000   0.00000000   0.00000000
    -0.297567   0.00000000   0.00000000   0.00000000   0.00000000
    -0.143663   0.00000000   0.00000000   0.00000000   0.00000000
   0.00000000     1.000000   0.00000000   0.00000000   0.00000000
     0.157775   0.00000000   0.00000000   0.00000000   0.00000000
     0.391895   0.00000000   0.00000000   0.00000000   0.00000000
   0.00000000   0.00000000     1.000000   0.00000000   0.00000000
     0.424724   0.00000000   0.00000000   0.00000000   0.00000000
     0.223240   0.00000000   0.00000000   0.00000000   0.00000000
   0.00000000   0.00000000   0.00000000     1.000000   0.00000000
     0.063299   0.00000000   0.00000000   0.00000000   0.00000000
   0.00000000   0.00000000   0.00000000   0.00000000     1.000000

    7.610920    4.581784    3.256840    2.758240    1.660464
    1.339778    0.999601    0.601761    0.551149    0.362261
    0.220460    0.218082    0.131285    0.079034

    -0.008071   0.00000000   0.00000000   0.00000000   0.00000000
    -0.012332   0.00000000   0.00000000   0.00000000   0.00000000
   0.00000000     1.000000   0.00000000   0.00000000   0.00000000
    -0.061298   0.00000000   0.00000000   0.00000000   0.00000000
     0.101944   0.00000000   0.00000000   0.00000000   0.00000000
   0.00000000   0.00000000     1.000000   0.00000000   0.00000000
     0.172497   0.00000000   0.00000000   0.00000000   0.00000000
     0.288747   0.00000000   0.00000000   0.00000000   0.00000000
   0.00000000   0.00000000   0.00000000     1.000000   0.00000000
     0.247918   0.00000000   0.00000000   0.00000000   0.00000000
   0.00000000   0.00000000   0.00000000   0.00000000     1.000000
     0.231893   0.00000000   0.00000000   0.00000000   0.00000000
     0.095994   0.00000000   0.00000000   0.00000000   0.00000000
     0.046211   0.00000000   0.00000000   0.00000000   0.00000000

    2.467298    0.904123    0.331309    0.132524

     1.000000   0.00000000   0.00000000   0.00000000
   0.00000000     1.000000   0.00000000   0.00000000
   0.00000000   0.00000000     1.000000   0.00000000
   0.00000000   0.00000000   0.00000000     1.000000

    1.430464    0.561192    0.224477

     1.000000   0.00000000   0.00000000
   0.00000000     1.000000   0.00000000
   0.00000000   0.00000000     1.000000

    1.018010    0.407204

     1.000000   0.00000000
   0.00000000     1.000000

Ar:aug-cc-pVTZ-ccECP
ccECP aug-cc-pVTZ for Ar | source recipes/Ar/ccECP/Ar.aug-cc-pVTZ.gamess | ccECP from Chandler Bennett et al. Journal of Chemical Physics 149, 104108 (2018) https://doi.org/10.1063/1.5038135

  4
    0    1    2    3
    4    4    3    2
   13   13    3    2

   17.798602   10.185798    5.829136    3.335903    1.909073
    1.218276    1.092526    0.625231    0.357808    0.225444
    0.204767    0.117184    0.090178

     0.000155   0.00000000   0.00000000   0.00000000
     0.002011   0.00000000   0.00000000   0.00000000
     0.072819   0.00000000   0.00000000   0.00000000
    -0.297567   0.00000000   0.00000000   0.00000000
    -0.143663   0.00000000   0.00000000   0.00000000
   0.00000000     1.000000   0.00000000   0.00000000
     0.157775   0.00000000   0.00000000   0.00000000
     0.391895   0.00000000   0.00000000   0.00000000
     0.424724   0.00000000   0.00000000   0.00000000
   0.00000000   0.00000000     1.000000   0.00000000
     0.223240   0.00000000   0.00000000   0.00000000
     0.063299   0.00000000   0.00000000   0.00000000
   0.00000000   0.00000000   0.00000000     1.000000

    7.610920    4.581784    2.758240    1.660464    1.112833
    0.999601    0.601761    0.362261    0.218082    0.178044
    0.131285    0.079034    0.071218

    -0.008071   0.00000000   0.00000000   0.00000000
    -0.012332   0.00000000   0.00000000   0.00000000
    -0.061298   0.00000000   0.00000000   0.00000000
     0.101944   0.00000000   0.00000000   0.00000000
   0.00000000     1.000000   0.00000000   0.00000000
     0.172497   0.00000000   0.00000000   0.00000000
     0.288747   0.00000000   0.00000000   0.00000000
     0.247918   0.00000000   0.00000000   0.00000000
     0.231893   0.00000000   0.00000000   0.00000000
   0.00000000   0.00000000     1.000000   0.00000000
     0.095994   0.00000000   0.00000000   0.00000000
     0.046211   0.00000000   0.00000000   0.00000000
   0.00000000   0.00000000   0.00000000     1.000000

    1.452494    0.444353    0.177741

     1.000000   0.00000000   0.00000000
   0.00000000     1.000000   0.00000000
   0.00000000   0.00000000     1.000000

    0.913483    0.365393

     1.000000   0.00000000
   0.00000000     1.000000

Ar:cc-pV5Z-ccECP
ccECP cc-pV5Z for Ar | source recipes/Ar/ccECP/Ar.cc-pV5Z.gamess | ccECP from Chandler Bennett et al. Journal of Chemical Physics 149, 104108 (2018) https://doi.org/10.1063/1.5038135

  6
    0    1    2    3    4    5
    5    5    4    3    2    1
   14   14    4    3    2    1

   17.798602   10.185798    5.829136    3.335903    1.909073
    1.529505    1.092526    0.723273    0.625231    0.357808
    0.342021    0.204767    0.161735    0.117184

     0.000155   0.00000000   0.00000000   0.00000000   0.00000000
     0.002011   0.00000000   0.00000000   0.00000000   0.00000000
     0.072819   0.00000000   0.00000000   0.00000000   0.00000000
    -0.297567   0.00000000   0.00000000   0.00000000   0.00000000
    -0.143663   0.00000000   0.00000000   0.00000000   0.00000000
   0.00000000     1.000000   0.00000000   0.00000000   0.00000000
     0.157775   0.00000000   0.00000000   0.00000000   0.00000000
   0.00000000   0.00000000     1.000000   0.00000000   0.00000000
     0.391895   0.00000000   0.00000000   0.00000000   0.00000000
     0.424724   0.00000000   0.00000000   0.00000000   0.00000000
   0.00000000   0.00000000   0.00000000     1.000000   0.00000000
     0.223240   0.00000000   0.00000000   0.00000000   0.00000000
   0.00000000   0.00000000   0.00000000   0.00000000     1.000000
     0.063299   0.00000000   0.00000000   0.00000000   0.00000000

    7.610920    4.581784    3.848596    2.758240    1.837529
    1.660464    0.999601    0.877336    0.601761    0.418888
    0.362261    0.218082    0.131285    0.079034

    -0.008071   0.00000000   0.00000000   0.00000000   0.00000000
    -0.012332   0.00000000   0.00000000   0.00000000   0.00000000
   0.00000000     1.000000   0.00000000   0.00000000   0.00000000
    -0.061298   0.00000000   0.00000000   0.00000000   0.00000000
   0.00000000   0.00000000     1.000000   0.00000000   0.00000000
     0.101944   0.00000000   0.00000000   0.00000000   0.00000000
     0.172497   0.00000000   0.00000000   0.00000000   0.00000000
   0.00000000   0.00000000   0.00000000     1.000000   0.00000000
     0.288747   0.00000000   0.00000000   0.00000000   0.00000000
   0.00000000   0.00000000   0.00000000   0.00000000     1.000000
     0.247918   0.00000000   0.00000000   0.00000000   0.00000000
     0.231893   0.00000000   0.00000000   0.00000000   0.00000000
     0.095994   0.00000000   0.00000000   0.00000000   0.00000000
     0.046211   0.00000000   0.00000000   0.00000000   0.00000000

    3.766125    1.581658    0.664248    0.278964

     1.000000   0.00000000   0.00000000   0.00000000
   0.00000000     1.000000   0.00000000   0.00000000
   0.00000000   0.00000000     1.000000   0.00000000
   0.00000000   0.00000000   0.00000000     1.000000

    1.962257    0.915696    0.427314

     1.000000   0.00000000   0.00000000
   0.00000000     1.000000   0.00000000
   0.00000000   0.00000000     1.000000

    1.608765    0.673020

     1.000000   0.00000000
   0.00000000     1.000000

    1.266388

     1.000000

Ar:cc-pV6Z-ccECP
ccECP cc-pV6Z for Ar | source recipes/Ar/ccECP/Ar.cc-pV6Z.gamess | ccECP from Chandler Bennett et al. Journal of Chemical Physics 149, 104108 (2018) https://doi.org/10.1063/1.5038135

  7
    0    1    2    3    4    5    6
    6    6    5    4    3    2    1
   15   15    5    4    3    2    1

   17.798602   10.185798    5.829136    3.744451    3.335903
    1.909073    1.710813    1.092526    0.781658    0.625231
    0.357808    0.357134    0.204767    0.163172    0.117184

    0.00015500    0.00000000    0.00000000    0.00000000    0.00000000
    0.00000000
    0.00201100    0.00000000    0.00000000    0.00000000    0.00000000
    0.00000000
    0.07281900    0.00000000    0.00000000    0.00000000    0.00000000
    0.00000000
    0.00000000    0.00000000    0.00000000    0.00000000    0.00000000
    1.00000000
   -0.29756700    0.00000000    0.00000000    0.00000000    0.00000000
    0.00000000
   -0.14366300    0.00000000    0.00000000    0.00000000    0.00000000
    0.00000000
    0.00000000    0.00000000    0.00000000    0.00000000    1.00000000
    0.00000000
    0.15777500    0.00000000    0.00000000    0.00000000    0.00000000
    0.00000000
    0.00000000    0.00000000    0.00000000    1.00000000    0.00000000
    0.00000000
    0.39189500    0.00000000    0.00000000    0.00000000    0.00000000
    0.00000000
    0.42472400    0.00000000    0.00000000    0.00000000    0.00000000
    0.00000000
    0.00000000    0.00000000    1.00000000    0.00000000    0.00000000
    0.00000000
    0.22324000    0.00000000    0.00000000    0.00000000    0.00000000
    0.00000000
    0.00000000    1.00000000    0.00000000    0.00000000    0.00000000
    0.00000000
    0.06329900    0.00000000    0.00000000    0.00000000    0.00000000
    0.00000000

    7.610920    4.581784    2.758240    2.058619    1.660464
    0.999601    0.982050    0.601761    0.468480    0.362261
    0.223485    0.218082    0.131285    0.106612    0.079034

   -0.00807100    0.00000000    0.00000000    0.00000000    0.00000000
    0.00000000
   -0.01233200    0.00000000    0.00000000    0.00000000    0.00000000
    0.00000000
   -0.06129800    0.00000000    0.00000000    0.00000000    0.00000000
    0.00000000
    0.00000000    0.00000000    0.00000000    0.00000000    0.00000000
    1.00000000
    0.10194400    0.00000000    0.00000000    0.00000000    0.00000000
    0.00000000
    0.17249700    0.00000000    0.00000000    0.00000000    0.00000000
    0.00000000
    0.00000000    0.00000000    0.00000000    0.00000000    1.00000000
    0.00000000
    0.28874700    0.00000000    0.00000000    0.00000000    0.00000000
    0.00000000
    0.00000000    0.00000000    0.00000000    1.00000000    0.00000000
    0.00000000
    0.24791800    0.00000000    0.00000000    0.00000000    0.00000000
    0.00000000
    0.00000000    0.00000000    1.00000000    0.00000000    0.00000000
    0.00000000
    0.23189300    0.00000000    0.00000000    0.00000000    0.00000000
    0.00000000
    0.09599400    0.00000000    0.00000000    0.00000000    0.00000000
    0.00000000
    0.00000000    1.00000000    0.00000000    0.00000000    0.00000000
    0.00000000
    0.04621100    0.00000000    0.00000000    0.00000000    0.00000000
    0.00000000

    4.359505    2.095219    1.006982    0.483965    0.232598

    0.00000000    0.00000000    0.00000000    0.00000000    1.00000000
    0.00000000    0.00000000    0.00000000    1.00000000    0.00000000
    0.00000000    0.00000000    1.00000000    0.00000000    0.00000000
    0.00000000    1.00000000    0.00000000    0.00000000    0.00000000
    1.00000000    0.00000000    0.00000000    0.00000000    0.00000000

    2.477172    1.297930    0.680059    0.356321

    0.00000000    0.00000000    0.00000000    1.00000000
    0.00000000    0.00000000    1.00000000    0.00000000
    0.00000000    1.00000000    0.00000000    0.00000000
    1.00000000    0.00000000    0.00000000    0.00000000

    2.216297    1.098105    0.544076

    0.00000000    0.00000000    1.00000000
    0.00000000    1.00000000    0.00000000
    1.00000000    0.00000000    0.00000000

    1.890170    0.891198

    0.00000000    1.00000000
    1.00000000    0.00000000

    1.507129

    1.00000000

Ar:cc-pVDZ-ccECP
ccECP cc-pVDZ for Ar | source recipes/Ar/ccECP/Ar.cc-pVDZ.gamess | ccECP from Chandler Bennett et al. Journal of Chemical Physics 149, 104108 (2018) https://doi.org/10.1063/1.5038135

  3
    0    1    2
    2    2    1
   11   11    1

   17.798602   10.185798    5.829136    3.335903    1.909073
    1.092526    0.777098    0.625231    0.357808    0.204767
    0.117184

     0.000155   0.00000000
     0.002011   0.00000000
     0.072819   0.00000000
    -0.297567   0.00000000
    -0.143663   0.00000000
     0.157775   0.00000000
   0.00000000     1.000000
     0.391895   0.00000000
     0.424724   0.00000000
     0.223240   0.00000000
     0.063299   0.00000000

    7.610920    4.581784    2.758240    1.660464    0.999601
    0.784009    0.601761    0.362261    0.218082    0.131285
    0.079034

    -0.008071   0.00000000
    -0.012332   0.00000000
    -0.061298   0.00000000
     0.101944   0.00000000
     0.172497   0.00000000
   0.00000000     1.000000
     0.288747   0.00000000
     0.247918   0.00000000
     0.231893   0.00000000
     0.095994   0.00000000
     0.046211   0.00000000

    0.785910

     1.000000

Ar:cc-pVQZ-ccECP
ccECP cc-pVQZ for Ar | source recipes/Ar/ccECP/Ar.cc-pVQZ.gamess | ccECP from Chandler Bennett et al. Journal of Chemical Physics 149, 104108 (2018) https://doi.org/10.1063/1.5038135

  5
    0    1    2    3    4
    4    4    3    2    1
   13   13    3    2    1

   17.798602   10.185798    5.829136    3.335903    1.909073
    1.261554    1.092526    0.625231    0.507496    0.357808
    0.204767    0.204155    0.117184

     0.000155   0.00000000   0.00000000   0.00000000
     0.002011   0.00000000   0.00000000   0.00000000
     0.072819   0.00000000   0.00000000   0.00000000
    -0.297567   0.00000000   0.00000000   0.00000000
    -0.143663   0.00000000   0.00000000   0.00000000
   0.00000000     1.000000   0.00000000   0.00000000
     0.157775   0.00000000   0.00000000   0.00000000
     0.391895   0.00000000   0.00000000   0.00000000
   0.00000000   0.00000000     1.000000   0.00000000
     0.424724   0.00000000   0.00000000   0.00000000
     0.223240   0.00000000   0.00000000   0.00000000
   0.00000000   0.00000000   0.00000000     1.000000
     0.063299   0.00000000   0.00000000   0.00000000

    7.610920    4.581784    3.256840    2.758240    1.660464
    1.339778    0.999601    0.601761    0.551149    0.362261
    0.218082    0.131285    0.079034

    -0.008071   0.00000000   0.00000000   0.00000000
    -0.012332   0.00000000   0.00000000   0.00000000
   0.00000000     1.000000   0.00000000   0.00000000
    -0.061298   0.00000000   0.00000000   0.00000000
     0.101944   0.00000000   0.00000000   0.00000000
   0.00000000   0.00000000     1.000000   0.00000000
     0.172497   0.00000000   0.00000000   0.00000000
     0.288747   0.00000000   0.00000000   0.00000000
   0.00000000   0.00000000   0.00000000     1.000000
     0.247918   0.00000000   0.00000000   0.00000000
     0.231893   0.00000000   0.00000000   0.00000000
     0.095994   0.00000000   0.00000000   0.00000000
     0.046211   0.00000000   0.00000000   0.00000000

    2.467298    0.904123    0.331309

     1.000000   0.00000000   0.00000000
   0.00000000     1.000000   0.00000000
   0.00000000   0.00000000     1.000000

    1.430464    0.561192

     1.000000   0.00000000
   0.00000000     1.000000

    1.018010

     1.000000

Ar:cc-pVTZ-ccECP
ccECP cc-pVTZ for Ar | source recipes/Ar/ccECP/Ar.cc-pVTZ.gamess | ccECP from Chandler Bennett et al. Journal of Chemical Physics 149, 104108 (2018) https://doi.org/10.1063/1.5038135

  4
    0    1    2    3
    3    3    2    1
   12   12    2    1

   17.798602   10.185798    5.829136    3.335903    1.909073
    1.218276    1.092526    0.625231    0.357808    0.225444
    0.204767    0.117184

     0.000155   0.00000000   0.00000000
     0.002011   0.00000000   0.00000000
     0.072819   0.00000000   0.00000000
    -0.297567   0.00000000   0.00000000
    -0.143663   0.00000000   0.00000000
   0.00000000     1.000000   0.00000000
     0.157775   0.00000000   0.00000000
     0.391895   0.00000000   0.00000000
     0.424724   0.00000000   0.00000000
   0.00000000   0.00000000     1.000000
     0.223240   0.00000000   0.00000000
     0.063299   0.00000000   0.00000000

    7.610920    4.581784    2.758240    1.660464    1.112833
    0.999601    0.601761    0.362261    0.218082    0.178044
    0.131285    0.079034

    -0.008071   0.00000000   0.00000000
    -0.012332   0.00000000   0.00000000
    -0.061298   0.00000000   0.00000000
     0.101944   0.00000000   0.00000000
   0.00000000     1.000000   0.00000000
     0.172497   0.00000000   0.00000000
     0.288747   0.00000000   0.00000000
     0.247918   0.00000000   0.00000000
     0.231893   0.00000000   0.00000000
   0.00000000   0.00000000     1.000000
     0.095994   0.00000000   0.00000000
     0.046211   0.00000000   0.00000000

    1.452494    0.444353

     1.000000   0.00000000
   0.00000000     1.000000

    0.913483

     1.000000

