
Cu:aug-cc-pCV5Z-ccECP
ccECP aug-cc-pCV5Z for Cu | source recipes/Cu/ccECP/Cu.aug-cc-pCV5Z.gamess | ccECP from A. Annaberdiyev et al. Journal of Chemical Physics 149, 134108 (2018) https://doi.org/10.1063/1.5040472

  7
    0    1    2    3    4    5    6
   10   10    9    6    5    4    3
   16   16   14    6    5    4    3

   104.471138    55.955221    30.553953    16.942394     9.452707
     5.174537     4.665175     4.316988     2.779171     1.441817
     0.710674     0.241540     0.129621     0.059229     0.027110
     0.013000

    0.00074100   -0.00013300    0.00021000    0.00036600    0.00267900
   -0.00002500    0.00000000    0.00000000    0.00000000    0.00000000
   -0.01395300    0.00299900    0.00380600    0.00672000   -0.02626700
   -0.01438300    0.00000000    0.00000000    0.00000000    0.00000000
    0.10526600   -0.02431000   -0.04731200   -0.09149300    0.19212900
    0.22413500    0.00000000    0.00000000    0.00000000    0.00000000
   -0.12939900    0.03198600    0.05995700    0.14226300   -0.40421800
   -0.55516400    0.00000000    0.00000000    0.00000000    0.00000000
   -0.36273800    0.08914900    0.25064200    0.47188100   -0.43460200
   -1.11162800    0.00000000    0.00000000    0.00000000    0.00000000
    0.01326600   -0.01075000   -0.11910200   -0.31970800    0.55567400
    3.39371200    0.00000000    0.00000000    0.00000000    0.00000000
    0.00000000    0.00000000    0.00000000    0.00000000    0.00000000
    0.00000000    0.00000000    0.00000000    0.00000000    1.00000000
    0.00000000    0.00000000    0.00000000    0.00000000    0.00000000
    0.00000000    0.00000000    0.00000000    1.00000000    0.00000000
    0.48928800   -0.12822400   -0.31406900   -1.06825500    2.61821100
    0.29284800    0.00000000    0.00000000    0.00000000    0.00000000
    0.56208800   -0.21572000   -0.68930000   -0.61504900   -3.20734300
   -6.10751500    0.00000000    0.00000000    0.00000000    0.00000000
    0.19004700   -0.14955900    0.40305000    2.26128200   -0.33054500
    6.27824000    0.00000000    0.00000000    0.00000000    0.00000000
    0.00563500    0.14291700    1.27044000   -0.02005900    4.04196600
   -3.38862200    0.00000000    0.00000000    0.00000000    0.00000000
   -0.00058200    0.44630700   -0.02902900   -1.81574600   -3.35549700
   -0.13982400    0.00000000    0.00000000    0.00000000    0.00000000
   -0.00002400    0.48464300   -0.62215700    0.47417400   -0.48399100
    2.89254600    0.00000000    0.00000000    0.00000000    0.00000000
    0.00003000    0.09306900   -0.44207400    0.71359700    1.21366400
   -1.75159900    1.00000000    0.00000000    0.00000000    0.00000000
    0.00000000    0.00000000    0.00000000    0.00000000    0.00000000
    0.00000000    0.00000000    1.00000000    0.00000000    0.00000000

   159.152840    83.322776    44.840311    25.020360    13.610016
    12.829139     7.761318     4.677219     4.303947     2.290080
     1.202173     0.607647     0.257656     0.090897     0.041925
     0.020000

    0.00002600    0.00003400   -0.00022800   -0.00041200    0.00032900
   -0.00066300    0.00000000    0.00000000    0.00000000    0.00000000
   -0.00040200   -0.00012900    0.00141400    0.00195700   -0.00156500
    0.00351400    0.00000000    0.00000000    0.00000000    0.00000000
    0.00740500   -0.00080200   -0.01029000    0.00064000   -0.00336900
   -0.00304100    0.00000000    0.00000000    0.00000000    0.00000000
   -0.03071400    0.00474700    0.04389600   -0.03675300    0.08790300
   -0.16209700    0.00000000    0.00000000    0.00000000    0.00000000
   -0.07434800    0.01859500    0.05286500   -0.14719300    0.22132700
   -0.29931000    0.00000000    0.00000000    0.00000000    0.00000000
    0.00000000    0.00000000    0.00000000    0.00000000    0.00000000
    0.00000000    0.00000000    0.00000000    0.00000000    1.00000000
    0.04343000   -0.01769200   -0.05656500    0.29778200   -0.92400600
    2.77138200    0.00000000    0.00000000    0.00000000    0.00000000
    0.00000000    0.00000000    0.00000000    0.00000000    0.00000000
    0.00000000    0.00000000    0.00000000    1.00000000    0.00000000
    0.28970300   -0.05261400   -0.48071500    0.70527100   -1.00731600
   -2.29610400    0.00000000    0.00000000    0.00000000    0.00000000
    0.41346700   -0.11034900   -0.31598400    0.19646600    2.32431200
   -2.15880200    0.00000000    0.00000000    0.00000000    0.00000000
    0.30376200   -0.05470100    0.07567900   -1.65940600    0.00119100
    5.40521000    0.00000000    0.00000000    0.00000000    0.00000000
    0.09349400   -0.02665500    1.06074700    0.39150000   -2.32974500
   -4.52127300    0.00000000    0.00000000    0.00000000    0.00000000
    0.00666300    0.33588000   -0.00806100    1.24328400    2.05959900
    1.93483100    0.00000000    0.00000000    0.00000000    0.00000000
    0.00056700    0.50947800   -0.70160100   -0.95752900   -0.70662000
   -0.16591400    0.00000000    0.00000000    0.00000000    0.00000000
    0.00017600    0.30255900    0.00694100   -0.05609100   -0.18479700
   -0.42278400    1.00000000    0.00000000    0.00000000    0.00000000
    0.00000000    0.00000000    0.00000000    0.00000000    0.00000000
    0.00000000    0.00000000    1.00000000    0.00000000    0.00000000

   226.693527    73.010278    38.536518    18.726700     9.155485
     7.457725     6.897553     4.540884     2.241175     1.085869
     0.510612     0.229608     0.095781     0.045000

    0.00001500   -0.00001300    0.00001600   -0.00007200    0.00004900
    0.00000000    0.00000000    0.00000000    0.00000000
    0.00410800   -0.00525200    0.00615700   -0.00870300    0.01189500
    0.00000000    0.00000000    0.00000000    0.00000000
    0.02822300   -0.03498200    0.04036100   -0.06059400    0.07542500
    0.00000000    0.00000000    0.00000000    0.00000000
    0.06932300   -0.08895000    0.10603800   -0.16022100    0.23802600
    0.00000000    0.00000000    0.00000000    0.00000000
    0.15604500   -0.20719400    0.26329900   -0.45749500    0.66103100
    0.00000000    0.00000000    0.00000000    0.00000000
    0.00000000    0.00000000    0.00000000    0.00000000    0.00000000
    0.00000000    0.00000000    0.00000000    1.00000000
    0.00000000    0.00000000    0.00000000    0.00000000    0.00000000
    0.00000000    0.00000000    1.00000000    0.00000000
    0.25123800   -0.30259700    0.28849600   -0.08760700   -0.97854000
    0.00000000    0.00000000    0.00000000    0.00000000
    0.29746300   -0.17932700   -0.18674500    0.95305600   -0.55996800
    0.00000000    0.00000000    0.00000000    0.00000000
    0.27498100    0.16906900   -0.59153900    0.02518500    1.69394200
    0.00000000    0.00000000    0.00000000    0.00000000
    0.19309800    0.40590400   -0.13868100   -0.98463700   -0.91595800
    0.00000000    0.00000000    0.00000000    0.00000000
    0.08639300    0.34187100    0.54774900    0.25844200   -0.49361100
    0.00000000    0.00000000    0.00000000    0.00000000
    0.01464500    0.11708000    0.36235300    0.52511300    0.76641700
    1.00000000    0.00000000    0.00000000    0.00000000
    0.00000000    0.00000000    0.00000000    0.00000000    0.00000000
    0.00000000    1.00000000    0.00000000    0.00000000

    11.856505     5.644965     4.190004     1.480718     0.523275
     0.184922

    0.00000000    0.00000000    0.00000000    0.00000000    1.00000000
    0.00000000
    0.00000000    0.00000000    0.00000000    0.00000000    0.00000000
    1.00000000
    0.00000000    0.00000000    0.00000000    1.00000000    0.00000000
    0.00000000
    0.00000000    0.00000000    1.00000000    0.00000000    0.00000000
    0.00000000
    0.00000000    1.00000000    0.00000000    0.00000000    0.00000000
    0.00000000
    1.00000000    0.00000000    0.00000000    0.00000000    0.00000000
    0.00000000

     9.021717     6.697349     3.158997     1.106138     0.387320

    0.00000000    0.00000000    0.00000000    1.00000000    0.00000000
    0.00000000    0.00000000    0.00000000    0.00000000    1.00000000
    0.00000000    0.00000000    1.00000000    0.00000000    0.00000000
    0.00000000    1.00000000    0.00000000    0.00000000    0.00000000
    1.00000000    0.00000000    0.00000000    0.00000000    0.00000000

     8.903307     6.632584     2.124621     0.680582

    0.00000000    0.00000000    0.00000000    1.00000000
    0.00000000    0.00000000    1.00000000    0.00000000
    0.00000000    1.00000000    0.00000000    0.00000000
    1.00000000    0.00000000    0.00000000    0.00000000

     9.924175     4.948534     2.085929

    0.00000000    0.00000000    1.00000000
    0.00000000    1.00000000    0.00000000
    1.00000000    0.00000000    0.00000000

Cu:aug-cc-pCVDZ-ccECP
ccECP aug-cc-pCVDZ for Cu | source recipes/Cu/ccECP/Cu.aug-cc-pCVDZ.gamess | ccECP from A. Annaberdiyev et al. Journal of Chemical Physics 149, 134108 (2018) https://doi.org/10.1063/1.5040472

  4
    0    1    2    3
    7    7    6    3
   16   16   14    3

   104.471138    55.955221    30.553953    16.942394     9.452707
     5.174537     4.750059     2.779171     1.441817     1.218913
     0.710674     0.241540     0.129621     0.059229     0.027110
     0.013000

    0.00074100   -0.00013300    0.00021000    0.00000000    0.00000000
    0.00000000    0.00000000
   -0.01395300    0.00299900    0.00380600    0.00000000    0.00000000
    0.00000000    0.00000000
    0.10526600   -0.02431000   -0.04731200    0.00000000    0.00000000
    0.00000000    0.00000000
   -0.12939900    0.03198600    0.05995700    0.00000000    0.00000000
    0.00000000    0.00000000
   -0.36273800    0.08914900    0.25064200    0.00000000    0.00000000
    0.00000000    0.00000000
    0.01326600   -0.01075000   -0.11910200    0.00000000    0.00000000
    0.00000000    0.00000000
    0.00000000    0.00000000    0.00000000    0.00000000    0.00000000
    0.00000000    1.00000000
    0.48928800   -0.12822400   -0.31406900    0.00000000    0.00000000
    0.00000000    0.00000000
    0.56208800   -0.21572000   -0.68930000    0.00000000    0.00000000
    0.00000000    0.00000000
    0.00000000    0.00000000    0.00000000    0.00000000    0.00000000
    1.00000000    0.00000000
    0.19004700   -0.14955900    0.40305000    0.00000000    0.00000000
    0.00000000    0.00000000
    0.00563500    0.14291700    1.27044000    0.00000000    0.00000000
    0.00000000    0.00000000
   -0.00058200    0.44630700   -0.02902900    0.00000000    0.00000000
    0.00000000    0.00000000
   -0.00002400    0.48464300   -0.62215700    0.00000000    0.00000000
    0.00000000    0.00000000
    0.00003000    0.09306900   -0.44207400    1.00000000    0.00000000
    0.00000000    0.00000000
    0.00000000    0.00000000    0.00000000    0.00000000    1.00000000
    0.00000000    0.00000000

   159.152840    83.322776    44.840311    25.020360    13.610016
     7.761318     6.973554     4.303947     2.290080     1.551117
     1.202173     0.607647     0.257656     0.090897     0.041925
     0.020000

    0.00002600    0.00003400   -0.00022800    0.00000000    0.00000000
    0.00000000    0.00000000
   -0.00040200   -0.00012900    0.00141400    0.00000000    0.00000000
    0.00000000    0.00000000
    0.00740500   -0.00080200   -0.01029000    0.00000000    0.00000000
    0.00000000    0.00000000
   -0.03071400    0.00474700    0.04389600    0.00000000    0.00000000
    0.00000000    0.00000000
   -0.07434800    0.01859500    0.05286500    0.00000000    0.00000000
    0.00000000    0.00000000
    0.04343000   -0.01769200   -0.05656500    0.00000000    0.00000000
    0.00000000    0.00000000
    0.00000000    0.00000000    0.00000000    0.00000000    0.00000000
    0.00000000    1.00000000
    0.28970300   -0.05261400   -0.48071500    0.00000000    0.00000000
    0.00000000    0.00000000
    0.41346700   -0.11034900   -0.31598400    0.00000000    0.00000000
    0.00000000    0.00000000
    0.00000000    0.00000000    0.00000000    0.00000000    0.00000000
    1.00000000    0.00000000
    0.30376200   -0.05470100    0.07567900    0.00000000    0.00000000
    0.00000000    0.00000000
    0.09349400   -0.02665500    1.06074700    0.00000000    0.00000000
    0.00000000    0.00000000
    0.00666300    0.33588000   -0.00806100    0.00000000    0.00000000
    0.00000000    0.00000000
    0.00056700    0.50947800   -0.70160100    0.00000000    0.00000000
    0.00000000    0.00000000
    0.00017600    0.30255900    0.00694100    1.00000000    0.00000000
    0.00000000    0.00000000
    0.00000000    0.00000000    0.00000000    0.00000000    1.00000000
    0.00000000    0.00000000

   226.693527    73.010278    38.536518    18.726700     9.155485
     4.540884     4.248371     2.241175     1.873424     1.085869
     0.510612     0.229608     0.095781     0.045000

    0.00001500   -0.00001300    0.00000000    0.00000000    0.00000000
    0.00000000
    0.00410800   -0.00525200    0.00000000    0.00000000    0.00000000
    0.00000000
    0.02822300   -0.03498200    0.00000000    0.00000000    0.00000000
    0.00000000
    0.06932300   -0.08895000    0.00000000    0.00000000    0.00000000
    0.00000000
    0.15604500   -0.20719400    0.00000000    0.00000000    0.00000000
    0.00000000
    0.25123800   -0.30259700    0.00000000    0.00000000    0.00000000
    0.00000000
    0.00000000    0.00000000    0.00000000    0.00000000    0.00000000
    1.00000000
    0.29746300   -0.17932700    0.00000000    0.00000000    0.00000000
    0.00000000
    0.00000000    0.00000000    0.00000000    0.00000000    1.00000000
    0.00000000
    0.27498100    0.16906900    0.00000000    0.00000000    0.00000000
    0.00000000
    0.19309800    0.40590400    0.00000000    0.00000000    0.00000000
    0.00000000
    0.08639300    0.34187100    0.00000000    0.00000000    0.00000000
    0.00000000
    0.01464500    0.11708000    1.00000000    0.00000000    0.00000000
    0.00000000
    0.00000000    0.00000000    0.00000000    1.00000000    0.00000000
    0.00000000

     6.750816     2.739578     0.771675

    0.00000000    0.00000000    1.00000000
    0.00000000    1.00000000    0.00000000
    1.00000000    0.00000000    0.00000000

Cu:aug-cc-pCVQZ-ccECP
ccECP aug-cc-pCVQZ for Cu | source recipes/Cu/ccECP/Cu.aug-cc-pCVQZ.gamess | ccECP from A. Annaberdiyev et al. Journal of Chemical Physics 149, 134108 (2018) https://doi.org/10.1063/1.5040472

  6
    0    1    2    3    4    5
    9    9    8    5    4    3
   16   16   14    5    4    3

   104.471138    55.955221    30.553953    16.942394     9.452707
     5.174537     3.688859     3.034502     2.779171     1.441817
     0.710674     0.241540     0.129621     0.059229     0.027110
     0.013000

    0.00074100   -0.00013300    0.00021000    0.00036600    0.00267900
    0.00000000    0.00000000    0.00000000    0.00000000
   -0.01395300    0.00299900    0.00380600    0.00672000   -0.02626700
    0.00000000    0.00000000    0.00000000    0.00000000
    0.10526600   -0.02431000   -0.04731200   -0.09149300    0.19212900
    0.00000000    0.00000000    0.00000000    0.00000000
   -0.12939900    0.03198600    0.05995700    0.14226300   -0.40421800
    0.00000000    0.00000000    0.00000000    0.00000000
   -0.36273800    0.08914900    0.25064200    0.47188100   -0.43460200
    0.00000000    0.00000000    0.00000000    0.00000000
    0.01326600   -0.01075000   -0.11910200   -0.31970800    0.55567400
    0.00000000    0.00000000    0.00000000    0.00000000
    0.00000000    0.00000000    0.00000000    0.00000000    0.00000000
    0.00000000    0.00000000    0.00000000    1.00000000
    0.00000000    0.00000000    0.00000000    0.00000000    0.00000000
    0.00000000    0.00000000    1.00000000    0.00000000
    0.48928800   -0.12822400   -0.31406900   -1.06825500    2.61821100
    0.00000000    0.00000000    0.00000000    0.00000000
    0.56208800   -0.21572000   -0.68930000   -0.61504900   -3.20734300
    0.00000000    0.00000000    0.00000000    0.00000000
    0.19004700   -0.14955900    0.40305000    2.26128200   -0.33054500
    0.00000000    0.00000000    0.00000000    0.00000000
    0.00563500    0.14291700    1.27044000   -0.02005900    4.04196600
    0.00000000    0.00000000    0.00000000    0.00000000
   -0.00058200    0.44630700   -0.02902900   -1.81574600   -3.35549700
    0.00000000    0.00000000    0.00000000    0.00000000
   -0.00002400    0.48464300   -0.62215700    0.47417400   -0.48399100
    0.00000000    0.00000000    0.00000000    0.00000000
    0.00003000    0.09306900   -0.44207400    0.71359700    1.21366400
    1.00000000    0.00000000    0.00000000    0.00000000
    0.00000000    0.00000000    0.00000000    0.00000000    0.00000000
    0.00000000    1.00000000    0.00000000    0.00000000

   159.152840    83.322776    44.840311    25.020360    13.610016
    10.527718     7.761318     4.303947     3.294315     2.290080
     1.202173     0.607647     0.257656     0.090897     0.041925
     0.020000

    0.00002600    0.00003400   -0.00022800   -0.00041200    0.00032900
    0.00000000    0.00000000    0.00000000    0.00000000
   -0.00040200   -0.00012900    0.00141400    0.00195700   -0.00156500
    0.00000000    0.00000000    0.00000000    0.00000000
    0.00740500   -0.00080200   -0.01029000    0.00064000   -0.00336900
    0.00000000    0.00000000    0.00000000    0.00000000
   -0.03071400    0.00474700    0.04389600   -0.03675300    0.08790300
    0.00000000    0.00000000    0.00000000    0.00000000
   -0.07434800    0.01859500    0.05286500   -0.14719300    0.22132700
    0.00000000    0.00000000    0.00000000    0.00000000
    0.00000000    0.00000000    0.00000000    0.00000000    0.00000000
    0.00000000    0.00000000    0.00000000    1.00000000
    0.04343000   -0.01769200   -0.05656500    0.29778200   -0.92400600
    0.00000000    0.00000000    0.00000000    0.00000000
    0.28970300   -0.05261400   -0.48071500    0.70527100   -1.00731600
    0.00000000    0.00000000    0.00000000    0.00000000
    0.00000000    0.00000000    0.00000000    0.00000000    0.00000000
    0.00000000    0.00000000    1.00000000    0.00000000
    0.41346700   -0.11034900   -0.31598400    0.19646600    2.32431200
    0.00000000    0.00000000    0.00000000    0.00000000
    0.30376200   -0.05470100    0.07567900   -1.65940600    0.00119100
    0.00000000    0.00000000    0.00000000    0.00000000
    0.09349400   -0.02665500    1.06074700    0.39150000   -2.32974500
    0.00000000    0.00000000    0.00000000    0.00000000
    0.00666300    0.33588000   -0.00806100    1.24328400    2.05959900
    0.00000000    0.00000000    0.00000000    0.00000000
    0.00056700    0.50947800   -0.70160100   -0.95752900   -0.70662000
    0.00000000    0.00000000    0.00000000    0.00000000
    0.00017600    0.30255900    0.00694100   -0.05609100   -0.18479700
    1.00000000    0.00000000    0.00000000    0.00000000
    0.00000000    0.00000000    0.00000000    0.00000000    0.00000000
    0.00000000    1.00000000    0.00000000    0.00000000

   226.693527    73.010278    38.536518    18.726700     9.155485
     6.028078     4.610790     4.540884     2.241175     1.085869
     0.510612     0.229608     0.095781     0.045000

    0.00001500   -0.00001300    0.00001600   -0.00007200    0.00000000
    0.00000000    0.00000000    0.00000000
    0.00410800   -0.00525200    0.00615700   -0.00870300    0.00000000
    0.00000000    0.00000000    0.00000000
    0.02822300   -0.03498200    0.04036100   -0.06059400    0.00000000
    0.00000000    0.00000000    0.00000000
    0.06932300   -0.08895000    0.10603800   -0.16022100    0.00000000
    0.00000000    0.00000000    0.00000000
    0.15604500   -0.20719400    0.26329900   -0.45749500    0.00000000
    0.00000000    0.00000000    0.00000000
    0.00000000    0.00000000    0.00000000    0.00000000    0.00000000
    0.00000000    0.00000000    1.00000000
    0.00000000    0.00000000    0.00000000    0.00000000    0.00000000
    0.00000000    1.00000000    0.00000000
    0.25123800   -0.30259700    0.28849600   -0.08760700    0.00000000
    0.00000000    0.00000000    0.00000000
    0.29746300   -0.17932700   -0.18674500    0.95305600    0.00000000
    0.00000000    0.00000000    0.00000000
    0.27498100    0.16906900   -0.59153900    0.02518500    0.00000000
    0.00000000    0.00000000    0.00000000
    0.19309800    0.40590400   -0.13868100   -0.98463700    0.00000000
    0.00000000    0.00000000    0.00000000
    0.08639300    0.34187100    0.54774900    0.25844200    0.00000000
    0.00000000    0.00000000    0.00000000
    0.01464500    0.11708000    0.36235300    0.52511300    1.00000000
    0.00000000    0.00000000    0.00000000
    0.00000000    0.00000000    0.00000000    0.00000000    0.00000000
    1.00000000    0.00000000    0.00000000

     8.204550     4.705392     2.515691     0.771365     0.236517

    0.00000000    0.00000000    0.00000000    1.00000000    0.00000000
    0.00000000    0.00000000    0.00000000    0.00000000    1.00000000
    0.00000000    0.00000000    1.00000000    0.00000000    0.00000000
    0.00000000    1.00000000    0.00000000    0.00000000    0.00000000
    1.00000000    0.00000000    0.00000000    0.00000000    0.00000000

     7.396044     6.136209     1.798933     0.527388

    0.00000000    0.00000000    0.00000000    1.00000000
    0.00000000    0.00000000    1.00000000    0.00000000
    0.00000000    1.00000000    0.00000000    0.00000000
    1.00000000    0.00000000    0.00000000    0.00000000

     8.650303     3.867803     1.443462

    0.00000000    0.00000000    1.00000000
    0.00000000    1.00000000    0.00000000
    1.00000000    0.00000000    0.00000000

Cu:aug-cc-pCVTZ-ccECP
ccECP aug-cc-pCVTZ for Cu | source recipes/Cu/ccECP/Cu.aug-cc-pCVTZ.gamess | ccECP from A. Annaberdiyev et al. Journal of Chemical Physics 149, 134108 (2018) https://doi.org/10.1063/1.5040472

  5
    0    1    2    3    4
    8    8    7    4    3
   16   16   14    4    3

   104.471138    55.955221    30.553953    16.942394     9.452707
     5.174537     4.527313     2.779171     1.753253     1.441817
     0.710674     0.241540     0.129621     0.059229     0.027110
     0.013000

    0.00074100   -0.00013300    0.00021000    0.00036600    0.00000000
    0.00000000    0.00000000    0.00000000
   -0.01395300    0.00299900    0.00380600    0.00672000    0.00000000
    0.00000000    0.00000000    0.00000000
    0.10526600   -0.02431000   -0.04731200   -0.09149300    0.00000000
    0.00000000    0.00000000    0.00000000
   -0.12939900    0.03198600    0.05995700    0.14226300    0.00000000
    0.00000000    0.00000000    0.00000000
   -0.36273800    0.08914900    0.25064200    0.47188100    0.00000000
    0.00000000    0.00000000    0.00000000
    0.01326600   -0.01075000   -0.11910200   -0.31970800    0.00000000
    0.00000000    0.00000000    0.00000000
    0.00000000    0.00000000    0.00000000    0.00000000    0.00000000
    0.00000000    0.00000000    1.00000000
    0.48928800   -0.12822400   -0.31406900   -1.06825500    0.00000000
    0.00000000    0.00000000    0.00000000
    0.00000000    0.00000000    0.00000000    0.00000000    0.00000000
    0.00000000    1.00000000    0.00000000
    0.56208800   -0.21572000   -0.68930000   -0.61504900    0.00000000
    0.00000000    0.00000000    0.00000000
    0.19004700   -0.14955900    0.40305000    2.26128200    0.00000000
    0.00000000    0.00000000    0.00000000
    0.00563500    0.14291700    1.27044000   -0.02005900    0.00000000
    0.00000000    0.00000000    0.00000000
   -0.00058200    0.44630700   -0.02902900   -1.81574600    0.00000000
    0.00000000    0.00000000    0.00000000
   -0.00002400    0.48464300   -0.62215700    0.47417400    0.00000000
    0.00000000    0.00000000    0.00000000
    0.00003000    0.09306900   -0.44207400    0.71359700    1.00000000
    0.00000000    0.00000000    0.00000000
    0.00000000    0.00000000    0.00000000    0.00000000    0.00000000
    1.00000000    0.00000000    0.00000000

   159.152840    83.322776    44.840311    25.020360    13.610016
     8.444453     7.761318     4.303947     2.290080     2.153325
     1.202173     0.607647     0.257656     0.090897     0.041925
     0.020000

    0.00002600    0.00003400   -0.00022800   -0.00041200    0.00000000
    0.00000000    0.00000000    0.00000000
   -0.00040200   -0.00012900    0.00141400    0.00195700    0.00000000
    0.00000000    0.00000000    0.00000000
    0.00740500   -0.00080200   -0.01029000    0.00064000    0.00000000
    0.00000000    0.00000000    0.00000000
   -0.03071400    0.00474700    0.04389600   -0.03675300    0.00000000
    0.00000000    0.00000000    0.00000000
   -0.07434800    0.01859500    0.05286500   -0.14719300    0.00000000
    0.00000000    0.00000000    0.00000000
    0.00000000    0.00000000    0.00000000    0.00000000    0.00000000
    0.00000000    0.00000000    1.00000000
    0.04343000   -0.01769200   -0.05656500    0.29778200    0.00000000
    0.00000000    0.00000000    0.00000000
    0.28970300   -0.05261400   -0.48071500    0.70527100    0.00000000
    0.00000000    0.00000000    0.00000000
    0.41346700   -0.11034900   -0.31598400    0.19646600    0.00000000
    0.00000000    0.00000000    0.00000000
    0.00000000    0.00000000    0.00000000    0.00000000    0.00000000
    0.00000000    1.00000000    0.00000000
    0.30376200   -0.05470100    0.07567900   -1.65940600    0.00000000
    0.00000000    0.00000000    0.00000000
    0.09349400   -0.02665500    1.06074700    0.39150000    0.00000000
    0.00000000    0.00000000    0.00000000
    0.00666300    0.33588000   -0.00806100    1.24328400    0.00000000
    0.00000000    0.00000000    0.00000000
    0.00056700    0.50947800   -0.70160100   -0.95752900    0.00000000
    0.00000000    0.00000000    0.00000000
    0.00017600    0.30255900    0.00694100   -0.05609100    1.00000000
    0.00000000    0.00000000    0.00000000
    0.00000000    0.00000000    0.00000000    0.00000000    0.00000000
    1.00000000    0.00000000    0.00000000

   226.693527    73.010278    38.536518    18.726700     9.155485
     5.133828     4.540884     2.849045     2.241175     1.085869
     0.510612     0.229608     0.095781     0.045000

    0.00001500   -0.00001300    0.00001600    0.00000000    0.00000000
    0.00000000    0.00000000
    0.00410800   -0.00525200    0.00615700    0.00000000    0.00000000
    0.00000000    0.00000000
    0.02822300   -0.03498200    0.04036100    0.00000000    0.00000000
    0.00000000    0.00000000
    0.06932300   -0.08895000    0.10603800    0.00000000    0.00000000
    0.00000000    0.00000000
    0.15604500   -0.20719400    0.26329900    0.00000000    0.00000000
    0.00000000    0.00000000
    0.00000000    0.00000000    0.00000000    0.00000000    0.00000000
    0.00000000    1.00000000
    0.25123800   -0.30259700    0.28849600    0.00000000    0.00000000
    0.00000000    0.00000000
    0.00000000    0.00000000    0.00000000    0.00000000    0.00000000
    1.00000000    0.00000000
    0.29746300   -0.17932700   -0.18674500    0.00000000    0.00000000
    0.00000000    0.00000000
    0.27498100    0.16906900   -0.59153900    0.00000000    0.00000000
    0.00000000    0.00000000
    0.19309800    0.40590400   -0.13868100    0.00000000    0.00000000
    0.00000000    0.00000000
    0.08639300    0.34187100    0.54774900    0.00000000    0.00000000
    0.00000000    0.00000000
    0.01464500    0.11708000    0.36235300    1.00000000    0.00000000
    0.00000000    0.00000000
    0.00000000    0.00000000    0.00000000    0.00000000    1.00000000
    0.00000000    0.00000000

    10.218472     5.230236     1.316717     0.331485

    0.00000000    0.00000000    0.00000000    1.00000000
    0.00000000    0.00000000    1.00000000    0.00000000
    0.00000000    1.00000000    0.00000000    0.00000000
    1.00000000    0.00000000    0.00000000    0.00000000

     8.017573     3.445758     1.168290

    0.00000000    0.00000000    1.00000000
    0.00000000    1.00000000    0.00000000
    1.00000000    0.00000000    0.00000000

Cu:aug-cc-pV5Z-ccECP
ccECP aug-cc-pV5Z for Cu | source recipes/Cu/ccECP/Cu.aug-cc-pV5Z.gamess | ccECP from A. Annaberdiyev et al. Journal of Chemical Physics 149, 134108 (2018) https://doi.org/10.1063/1.5040472

  7
    0    1    2    3    4    5    6
    8    8    7    5    4    3    2
   14   14   12    5    4    3    2

   104.471138    55.955221    30.553953    16.942394     9.452707
     5.174537     2.779171     1.441817     0.710674     0.241540
     0.129621     0.059229     0.027110     0.013000

    0.00074100   -0.00013300    0.00021000    0.00036600    0.00267900
   -0.00002500    0.00000000    0.00000000
   -0.01395300    0.00299900    0.00380600    0.00672000   -0.02626700
   -0.01438300    0.00000000    0.00000000
    0.10526600   -0.02431000   -0.04731200   -0.09149300    0.19212900
    0.22413500    0.00000000    0.00000000
   -0.12939900    0.03198600    0.05995700    0.14226300   -0.40421800
   -0.55516400    0.00000000    0.00000000
   -0.36273800    0.08914900    0.25064200    0.47188100   -0.43460200
   -1.11162800    0.00000000    0.00000000
    0.01326600   -0.01075000   -0.11910200   -0.31970800    0.55567400
    3.39371200    0.00000000    0.00000000
    0.48928800   -0.12822400   -0.31406900   -1.06825500    2.61821100
    0.29284800    0.00000000    0.00000000
    0.56208800   -0.21572000   -0.68930000   -0.61504900   -3.20734300
   -6.10751500    0.00000000    0.00000000
    0.19004700   -0.14955900    0.40305000    2.26128200   -0.33054500
    6.27824000    0.00000000    0.00000000
    0.00563500    0.14291700    1.27044000   -0.02005900    4.04196600
   -3.38862200    0.00000000    0.00000000
   -0.00058200    0.44630700   -0.02902900   -1.81574600   -3.35549700
   -0.13982400    0.00000000    0.00000000
   -0.00002400    0.48464300   -0.62215700    0.47417400   -0.48399100
    2.89254600    0.00000000    0.00000000
    0.00003000    0.09306900   -0.44207400    0.71359700    1.21366400
   -1.75159900    1.00000000    0.00000000
    0.00000000    0.00000000    0.00000000    0.00000000    0.00000000
    0.00000000    0.00000000    1.00000000

   159.152840    83.322776    44.840311    25.020360    13.610016
     7.761318     4.303947     2.290080     1.202173     0.607647
     0.257656     0.090897     0.041925     0.020000

    0.00002600    0.00003400   -0.00022800   -0.00041200    0.00032900
   -0.00066300    0.00000000    0.00000000
   -0.00040200   -0.00012900    0.00141400    0.00195700   -0.00156500
    0.00351400    0.00000000    0.00000000
    0.00740500   -0.00080200   -0.01029000    0.00064000   -0.00336900
   -0.00304100    0.00000000    0.00000000
   -0.03071400    0.00474700    0.04389600   -0.03675300    0.08790300
   -0.16209700    0.00000000    0.00000000
   -0.07434800    0.01859500    0.05286500   -0.14719300    0.22132700
   -0.29931000    0.00000000    0.00000000
    0.04343000   -0.01769200   -0.05656500    0.29778200   -0.92400600
    2.77138200    0.00000000    0.00000000
    0.28970300   -0.05261400   -0.48071500    0.70527100   -1.00731600
   -2.29610400    0.00000000    0.00000000
    0.41346700   -0.11034900   -0.31598400    0.19646600    2.32431200
   -2.15880200    0.00000000    0.00000000
    0.30376200   -0.05470100    0.07567900   -1.65940600    0.00119100
    5.40521000    0.00000000    0.00000000
    0.09349400   -0.02665500    1.06074700    0.39150000   -2.32974500
   -4.52127300    0.00000000    0.00000000
    0.00666300    0.33588000   -0.00806100    1.24328400    2.05959900
    1.93483100    0.00000000    0.00000000
    0.00056700    0.50947800   -0.70160100   -0.95752900   -0.70662000
   -0.16591400    0.00000000    0.00000000
    0.00017600    0.30255900    0.00694100   -0.05609100   -0.18479700
   -0.42278400    1.00000000    0.00000000
    0.00000000    0.00000000    0.00000000    0.00000000    0.00000000
    0.00000000    0.00000000    1.00000000

   226.693527    73.010278    38.536518    18.726700     9.155485
     4.540884     2.241175     1.085869     0.510612     0.229608
     0.095781     0.045000

    0.00001500   -0.00001300    0.00001600   -0.00007200    0.00004900
    0.00000000    0.00000000
    0.00410800   -0.00525200    0.00615700   -0.00870300    0.01189500
    0.00000000    0.00000000
    0.02822300   -0.03498200    0.04036100   -0.06059400    0.07542500
    0.00000000    0.00000000
    0.06932300   -0.08895000    0.10603800   -0.16022100    0.23802600
    0.00000000    0.00000000
    0.15604500   -0.20719400    0.26329900   -0.45749500    0.66103100
    0.00000000    0.00000000
    0.25123800   -0.30259700    0.28849600   -0.08760700   -0.97854000
    0.00000000    0.00000000
    0.29746300   -0.17932700   -0.18674500    0.95305600   -0.55996800
    0.00000000    0.00000000
    0.27498100    0.16906900   -0.59153900    0.02518500    1.69394200
    0.00000000    0.00000000
    0.19309800    0.40590400   -0.13868100   -0.98463700   -0.91595800
    0.00000000    0.00000000
    0.08639300    0.34187100    0.54774900    0.25844200   -0.49361100
    0.00000000    0.00000000
    0.01464500    0.11708000    0.36235300    0.52511300    0.76641700
    1.00000000    0.00000000
    0.00000000    0.00000000    0.00000000    0.00000000    0.00000000
    0.00000000    1.00000000

    11.856505     4.190004     1.480718     0.523275     0.184922

    0.00000000    0.00000000    0.00000000    0.00000000    1.00000000
    0.00000000    0.00000000    0.00000000    1.00000000    0.00000000
    0.00000000    0.00000000    1.00000000    0.00000000    0.00000000
    0.00000000    1.00000000    0.00000000    0.00000000    0.00000000
    1.00000000    0.00000000    0.00000000    0.00000000    0.00000000

     9.021717     3.158997     1.106138     0.387320

    0.00000000    0.00000000    0.00000000    1.00000000
    0.00000000    0.00000000    1.00000000    0.00000000
    0.00000000    1.00000000    0.00000000    0.00000000
    1.00000000    0.00000000    0.00000000    0.00000000

     6.632584     2.124621     0.680582

    0.00000000    0.00000000    1.00000000
    0.00000000    1.00000000    0.00000000
    1.00000000    0.00000000    0.00000000

     4.948534     2.085929

    0.00000000    1.00000000
    1.00000000    0.00000000

Cu:aug-cc-pVDZ-ccECP
ccECP aug-cc-pVDZ for Cu | source recipes/Cu/ccECP/Cu.aug-cc-pVDZ.gamess | ccECP from A. Annaberdiyev et al. Journal of Chemical Physics 149, 134108 (2018) https://doi.org/10.1063/1.5040472

  4
    0    1    2    3
    5    5    4    2
   14   14   12    2

   104.471138    55.955221    30.553953    16.942394     9.452707
     5.174537     2.779171     1.441817     0.710674     0.241540
     0.129621     0.059229     0.027110     0.013000

    0.00074100   -0.00013300    0.00021000    0.00000000    0.00000000
   -0.01395300    0.00299900    0.00380600    0.00000000    0.00000000
    0.10526600   -0.02431000   -0.04731200    0.00000000    0.00000000
   -0.12939900    0.03198600    0.05995700    0.00000000    0.00000000
   -0.36273800    0.08914900    0.25064200    0.00000000    0.00000000
    0.01326600   -0.01075000   -0.11910200    0.00000000    0.00000000
    0.48928800   -0.12822400   -0.31406900    0.00000000    0.00000000
    0.56208800   -0.21572000   -0.68930000    0.00000000    0.00000000
    0.19004700   -0.14955900    0.40305000    0.00000000    0.00000000
    0.00563500    0.14291700    1.27044000    0.00000000    0.00000000
   -0.00058200    0.44630700   -0.02902900    0.00000000    0.00000000
   -0.00002400    0.48464300   -0.62215700    0.00000000    0.00000000
    0.00003000    0.09306900   -0.44207400    1.00000000    0.00000000
    0.00000000    0.00000000    0.00000000    0.00000000    1.00000000

   159.152840    83.322776    44.840311    25.020360    13.610016
     7.761318     4.303947     2.290080     1.202173     0.607647
     0.257656     0.090897     0.041925     0.020000

    0.00002600    0.00003400   -0.00022800    0.00000000    0.00000000
   -0.00040200   -0.00012900    0.00141400    0.00000000    0.00000000
    0.00740500   -0.00080200   -0.01029000    0.00000000    0.00000000
   -0.03071400    0.00474700    0.04389600    0.00000000    0.00000000
   -0.07434800    0.01859500    0.05286500    0.00000000    0.00000000
    0.04343000   -0.01769200   -0.05656500    0.00000000    0.00000000
    0.28970300   -0.05261400   -0.48071500    0.00000000    0.00000000
    0.41346700   -0.11034900   -0.31598400    0.00000000    0.00000000
    0.30376200   -0.05470100    0.07567900    0.00000000    0.00000000
    0.09349400   -0.02665500    1.06074700    0.00000000    0.00000000
    0.00666300    0.33588000   -0.00806100    0.00000000    0.00000000
    0.00056700    0.50947800   -0.70160100    0.00000000    0.00000000
    0.00017600    0.30255900    0.00694100    1.00000000    0.00000000
    0.00000000    0.00000000    0.00000000    0.00000000    1.00000000

   226.693527    73.010278    38.536518    18.726700     9.155485
     4.540884     2.241175     1.085869     0.510612     0.229608
     0.095781     0.045000

    0.00001500   -0.00001300    0.00000000    0.00000000
    0.00410800   -0.00525200    0.00000000    0.00000000
    0.02822300   -0.03498200    0.00000000    0.00000000
    0.06932300   -0.08895000    0.00000000    0.00000000
    0.15604500   -0.20719400    0.00000000    0.00000000
    0.25123800   -0.30259700    0.00000000    0.00000000
    0.29746300   -0.17932700    0.00000000    0.00000000
    0.27498100    0.16906900    0.00000000    0.00000000
    0.19309800    0.40590400    0.00000000    0.00000000
    0.08639300    0.34187100    0.00000000    0.00000000
    0.01464500    0.11708000    1.00000000    0.00000000
    0.00000000    0.00000000    0.00000000    1.00000000

     2.739578     0.771675

    0.00000000    1.00000000
    1.00000000    0.00000000

Cu:aug-cc-pVQZ-ccECP
ccECP aug-cc-pVQZ for Cu | source recipes/Cu/ccECP/Cu.aug-cc-pVQZ.gamess | ccECP from A. Annaberdiyev et al. Journal of Chemical Physics 149, 134108 (2018) https://doi.org/10.1063/1.5040472

  6
    0    1    2    3    4    5
    7    7    6    4    3    2
   14   14   12    4    3    2

   104.471138    55.955221    30.553953    16.942394     9.452707
     5.174537     2.779171     1.441817     0.710674     0.241540
     0.129621     0.059229     0.027110     0.013000

    0.00074100   -0.00013300    0.00021000    0.00036600    0.00267900
    0.00000000    0.00000000
   -0.01395300    0.00299900    0.00380600    0.00672000   -0.02626700
    0.00000000    0.00000000
    0.10526600   -0.02431000   -0.04731200   -0.09149300    0.19212900
    0.00000000    0.00000000
   -0.12939900    0.03198600    0.05995700    0.14226300   -0.40421800
    0.00000000    0.00000000
   -0.36273800    0.08914900    0.25064200    0.47188100   -0.43460200
    0.00000000    0.00000000
    0.01326600   -0.01075000   -0.11910200   -0.31970800    0.55567400
    0.00000000    0.00000000
    0.48928800   -0.12822400   -0.31406900   -1.06825500    2.61821100
    0.00000000    0.00000000
    0.56208800   -0.21572000   -0.68930000   -0.61504900   -3.20734300
    0.00000000    0.00000000
    0.19004700   -0.14955900    0.40305000    2.26128200   -0.33054500
    0.00000000    0.00000000
    0.00563500    0.14291700    1.27044000   -0.02005900    4.04196600
    0.00000000    0.00000000
   -0.00058200    0.44630700   -0.02902900   -1.81574600   -3.35549700
    0.00000000    0.00000000
   -0.00002400    0.48464300   -0.62215700    0.47417400   -0.48399100
    0.00000000    0.00000000
    0.00003000    0.09306900   -0.44207400    0.71359700    1.21366400
    1.00000000    0.00000000
    0.00000000    0.00000000    0.00000000    0.00000000    0.00000000
    0.00000000    1.00000000

   159.152840    83.322776    44.840311    25.020360    13.610016
     7.761318     4.303947     2.290080     1.202173     0.607647
     0.257656     0.090897     0.041925     0.020000

    0.00002600    0.00003400   -0.00022800   -0.00041200    0.00032900
    0.00000000    0.00000000
   -0.00040200   -0.00012900    0.00141400    0.00195700   -0.00156500
    0.00000000    0.00000000
    0.00740500   -0.00080200   -0.01029000    0.00064000   -0.00336900
    0.00000000    0.00000000
   -0.03071400    0.00474700    0.04389600   -0.03675300    0.08790300
    0.00000000    0.00000000
   -0.07434800    0.01859500    0.05286500   -0.14719300    0.22132700
    0.00000000    0.00000000
    0.04343000   -0.01769200   -0.05656500    0.29778200   -0.92400600
    0.00000000    0.00000000
    0.28970300   -0.05261400   -0.48071500    0.70527100   -1.00731600
    0.00000000    0.00000000
    0.41346700   -0.11034900   -0.31598400    0.19646600    2.32431200
    0.00000000    0.00000000
    0.30376200   -0.05470100    0.07567900   -1.65940600    0.00119100
    0.00000000    0.00000000
    0.09349400   -0.02665500    1.06074700    0.39150000   -2.32974500
    0.00000000    0.00000000
    0.00666300    0.33588000   -0.00806100    1.24328400    2.05959900
    0.00000000    0.00000000
    0.00056700    0.50947800   -0.70160100   -0.95752900   -0.70662000
    0.00000000    0.00000000
    0.00017600    0.30255900    0.00694100   -0.05609100   -0.18479700
    1.00000000    0.00000000
    0.00000000    0.00000000    0.00000000    0.00000000    0.00000000
    0.00000000    1.00000000

   226.693527    73.010278    38.536518    18.726700     9.155485
     4.540884     2.241175     1.085869     0.510612     0.229608
     0.095781     0.045000

    0.00001500   -0.00001300    0.00001600   -0.00007200    0.00000000
    0.00000000
    0.00410800   -0.00525200    0.00615700   -0.00870300    0.00000000
    0.00000000
    0.02822300   -0.03498200    0.04036100   -0.06059400    0.00000000
    0.00000000
    0.06932300   -0.08895000    0.10603800   -0.16022100    0.00000000
    0.00000000
    0.15604500   -0.20719400    0.26329900   -0.45749500    0.00000000
    0.00000000
    0.25123800   -0.30259700    0.28849600   -0.08760700    0.00000000
    0.00000000
    0.29746300   -0.17932700   -0.18674500    0.95305600    0.00000000
    0.00000000
    0.27498100    0.16906900   -0.59153900    0.02518500    0.00000000
    0.00000000
    0.19309800    0.40590400   -0.13868100   -0.98463700    0.00000000
    0.00000000
    0.08639300    0.34187100    0.54774900    0.25844200    0.00000000
    0.00000000
    0.01464500    0.11708000    0.36235300    0.52511300    1.00000000
    0.00000000
    0.00000000    0.00000000    0.00000000    0.00000000    0.00000000
    1.00000000

     8.204550     2.515691     0.771365     0.236517

    0.00000000    0.00000000    0.00000000    1.00000000
    0.00000000    0.00000000    1.00000000    0.00000000
    0.00000000    1.00000000    0.00000000    0.00000000
    1.00000000    0.00000000    0.00000000    0.00000000

     6.136209     1.798933     0.527388

    0.00000000    0.00000000    1.00000000
    0.00000000    1.00000000    0.00000000
    1.00000000    0.00000000    0.00000000

     3.867803     1.443462

    0.00000000    1.00000000
    1.00000000    0.00000000

Cu:aug-cc-pVTZ-ccECP
ccECP aug-cc-pVTZ for Cu | source recipes/Cu/ccECP/Cu.aug-cc-pVTZ.gamess | ccECP from A. Annaberdiyev et al. Journal of Chemical Physics 149, 134108 (2018) https://doi.org/10.1063/1.5040472

  5
    0    1    2    3    4
    6    6    5    3    2
   14   14   12    3    2

   104.471138    55.955221    30.553953    16.942394     9.452707
     5.174537     2.779171     1.441817     0.710674     0.241540
     0.129621     0.059229     0.027110     0.013000

    0.00074100   -0.00013300    0.00021000    0.00036600    0.00000000
    0.00000000
   -0.01395300    0.00299900    0.00380600    0.00672000    0.00000000
    0.00000000
    0.10526600   -0.02431000   -0.04731200   -0.09149300    0.00000000
    0.00000000
   -0.12939900    0.03198600    0.05995700    0.14226300    0.00000000
    0.00000000
   -0.36273800    0.08914900    0.25064200    0.47188100    0.00000000
    0.00000000
    0.01326600   -0.01075000   -0.11910200   -0.31970800    0.00000000
    0.00000000
    0.48928800   -0.12822400   -0.31406900   -1.06825500    0.00000000
    0.00000000
    0.56208800   -0.21572000   -0.68930000   -0.61504900    0.00000000
    0.00000000
    0.19004700   -0.14955900    0.40305000    2.26128200    0.00000000
    0.00000000
    0.00563500    0.14291700    1.27044000   -0.02005900    0.00000000
    0.00000000
   -0.00058200    0.44630700   -0.02902900   -1.81574600    0.00000000
    0.00000000
   -0.00002400    0.48464300   -0.62215700    0.47417400    0.00000000
    0.00000000
    0.00003000    0.09306900   -0.44207400    0.71359700    1.00000000
    0.00000000
    0.00000000    0.00000000    0.00000000    0.00000000    0.00000000
    1.00000000

   159.152840    83.322776    44.840311    25.020360    13.610016
     7.761318     4.303947     2.290080     1.202173     0.607647
     0.257656     0.090897     0.041925     0.020000

    0.00002600    0.00003400   -0.00022800   -0.00041200    0.00000000
    0.00000000
   -0.00040200   -0.00012900    0.00141400    0.00195700    0.00000000
    0.00000000
    0.00740500   -0.00080200   -0.01029000    0.00064000    0.00000000
    0.00000000
   -0.03071400    0.00474700    0.04389600   -0.03675300    0.00000000
    0.00000000
   -0.07434800    0.01859500    0.05286500   -0.14719300    0.00000000
    0.00000000
    0.04343000   -0.01769200   -0.05656500    0.29778200    0.00000000
    0.00000000
    0.28970300   -0.05261400   -0.48071500    0.70527100    0.00000000
    0.00000000
    0.41346700   -0.11034900   -0.31598400    0.19646600    0.00000000
    0.00000000
    0.30376200   -0.05470100    0.07567900   -1.65940600    0.00000000
    0.00000000
    0.09349400   -0.02665500    1.06074700    0.39150000    0.00000000
    0.00000000
    0.00666300    0.33588000   -0.00806100    1.24328400    0.00000000
    0.00000000
    0.00056700    0.50947800   -0.70160100   -0.95752900    0.00000000
    0.00000000
    0.00017600    0.30255900    0.00694100   -0.05609100    1.00000000
    0.00000000
    0.00000000    0.00000000    0.00000000    0.00000000    0.00000000
    1.00000000

   226.693527    73.010278    38.536518    18.726700     9.155485
     4.540884     2.241175     1.085869     0.510612     0.229608
     0.095781     0.045000

    0.00001500   -0.00001300    0.00001600    0.00000000    0.00000000
    0.00410800   -0.00525200    0.00615700    0.00000000    0.00000000
    0.02822300   -0.03498200    0.04036100    0.00000000    0.00000000
    0.06932300   -0.08895000    0.10603800    0.00000000    0.00000000
    0.15604500   -0.20719400    0.26329900    0.00000000    0.00000000
    0.25123800   -0.30259700    0.28849600    0.00000000    0.00000000
    0.29746300   -0.17932700   -0.18674500    0.00000000    0.00000000
    0.27498100    0.16906900   -0.59153900    0.00000000    0.00000000
    0.19309800    0.40590400   -0.13868100    0.00000000    0.00000000
    0.08639300    0.34187100    0.54774900    0.00000000    0.00000000
    0.01464500    0.11708000    0.36235300    1.00000000    0.00000000
    0.00000000    0.00000000    0.00000000    0.00000000    1.00000000

     5.230236     1.316717     0.331485

    0.00000000    0.00000000    1.00000000
    0.00000000    1.00000000    0.00000000
    1.00000000    0.00000000    0.00000000

     3.445758     1.168290

    0.00000000    1.00000000
    1.00000000    0.00000000

Cu:cc-pCV5Z-ccECP
ccECP cc-pCV5Z for Cu | source recipes/Cu/ccECP/Cu.cc-pCV5Z.gamess | ccECP from A. Annaberdiyev et al. Journal of Chemical Physics 149, 134108 (2018) https://doi.org/10.1063/1.5040472

  7
    0    1    2    3    4    5    6
    9    9    8    5    4    3    2
   15   15   13    5    4    3    2

   104.471138    55.955221    30.553953    16.942394     9.452707
     5.174537     4.665175     4.316988     2.779171     1.441817
     0.710674     0.241540     0.129621     0.059229     0.027110

    0.00074100   -0.00013300    0.00021000    0.00036600    0.00267900
   -0.00002500    0.00000000    0.00000000    0.00000000
   -0.01395300    0.00299900    0.00380600    0.00672000   -0.02626700
   -0.01438300    0.00000000    0.00000000    0.00000000
    0.10526600   -0.02431000   -0.04731200   -0.09149300    0.19212900
    0.22413500    0.00000000    0.00000000    0.00000000
   -0.12939900    0.03198600    0.05995700    0.14226300   -0.40421800
   -0.55516400    0.00000000    0.00000000    0.00000000
   -0.36273800    0.08914900    0.25064200    0.47188100   -0.43460200
   -1.11162800    0.00000000    0.00000000    0.00000000
    0.01326600   -0.01075000   -0.11910200   -0.31970800    0.55567400
    3.39371200    0.00000000    0.00000000    0.00000000
    0.00000000    0.00000000    0.00000000    0.00000000    0.00000000
    0.00000000    0.00000000    0.00000000    1.00000000
    0.00000000    0.00000000    0.00000000    0.00000000    0.00000000
    0.00000000    0.00000000    1.00000000    0.00000000
    0.48928800   -0.12822400   -0.31406900   -1.06825500    2.61821100
    0.29284800    0.00000000    0.00000000    0.00000000
    0.56208800   -0.21572000   -0.68930000   -0.61504900   -3.20734300
   -6.10751500    0.00000000    0.00000000    0.00000000
    0.19004700   -0.14955900    0.40305000    2.26128200   -0.33054500
    6.27824000    0.00000000    0.00000000    0.00000000
    0.00563500    0.14291700    1.27044000   -0.02005900    4.04196600
   -3.38862200    0.00000000    0.00000000    0.00000000
   -0.00058200    0.44630700   -0.02902900   -1.81574600   -3.35549700
   -0.13982400    0.00000000    0.00000000    0.00000000
   -0.00002400    0.48464300   -0.62215700    0.47417400   -0.48399100
    2.89254600    0.00000000    0.00000000    0.00000000
    0.00003000    0.09306900   -0.44207400    0.71359700    1.21366400
   -1.75159900    1.00000000    0.00000000    0.00000000

   159.152840    83.322776    44.840311    25.020360    13.610016
    12.829139     7.761318     4.677219     4.303947     2.290080
     1.202173     0.607647     0.257656     0.090897     0.041925

    0.00002600    0.00003400   -0.00022800   -0.00041200    0.00032900
   -0.00066300    0.00000000    0.00000000    0.00000000
   -0.00040200   -0.00012900    0.00141400    0.00195700   -0.00156500
    0.00351400    0.00000000    0.00000000    0.00000000
    0.00740500   -0.00080200   -0.01029000    0.00064000   -0.00336900
   -0.00304100    0.00000000    0.00000000    0.00000000
   -0.03071400    0.00474700    0.04389600   -0.03675300    0.08790300
   -0.16209700    0.00000000    0.00000000    0.00000000
   -0.07434800    0.01859500    0.05286500   -0.14719300    0.22132700
   -0.29931000    0.00000000    0.00000000    0.00000000
    0.00000000    0.00000000    0.00000000    0.00000000    0.00000000
    0.00000000    0.00000000    0.00000000    1.00000000
    0.04343000   -0.01769200   -0.05656500    0.29778200   -0.92400600
    2.77138200    0.00000000    0.00000000    0.00000000
    0.00000000    0.00000000    0.00000000    0.00000000    0.00000000
    0.00000000    0.00000000    1.00000000    0.00000000
    0.28970300   -0.05261400   -0.48071500    0.70527100   -1.00731600
   -2.29610400    0.00000000    0.00000000    0.00000000
    0.41346700   -0.11034900   -0.31598400    0.19646600    2.32431200
   -2.15880200    0.00000000    0.00000000    0.00000000
    0.30376200   -0.05470100    0.07567900   -1.65940600    0.00119100
    5.40521000    0.00000000    0.00000000    0.00000000
    0.09349400   -0.02665500    1.06074700    0.39150000   -2.32974500
   -4.52127300    0.00000000    0.00000000    0.00000000
    0.00666300    0.33588000   -0.00806100    1.24328400    2.05959900
    1.93483100    0.00000000    0.00000000    0.00000000
    0.00056700    0.50947800   -0.70160100   -0.95752900   -0.70662000
   -0.16591400    0.00000000    0.00000000    0.00000000
    0.00017600    0.30255900    0.00694100   -0.05609100   -0.18479700
   -0.42278400    1.00000000    0.00000000    0.00000000

   226.693527    73.010278    38.536518    18.726700     9.155485
     7.457725     6.897553     4.540884     2.241175     1.085869
     0.510612     0.229608     0.095781

    0.00001500   -0.00001300    0.00001600   -0.00007200    0.00004900
    0.00000000    0.00000000    0.00000000
    0.00410800   -0.00525200    0.00615700   -0.00870300    0.01189500
    0.00000000    0.00000000    0.00000000
    0.02822300   -0.03498200    0.04036100   -0.06059400    0.07542500
    0.00000000    0.00000000    0.00000000
    0.06932300   -0.08895000    0.10603800   -0.16022100    0.23802600
    0.00000000    0.00000000    0.00000000
    0.15604500   -0.20719400    0.26329900   -0.45749500    0.66103100
    0.00000000    0.00000000    0.00000000
    0.00000000    0.00000000    0.00000000    0.00000000    0.00000000
    0.00000000    0.00000000    1.00000000
    0.00000000    0.00000000    0.00000000    0.00000000    0.00000000
    0.00000000    1.00000000    0.00000000
    0.25123800   -0.30259700    0.28849600   -0.08760700   -0.97854000
    0.00000000    0.00000000    0.00000000
    0.29746300   -0.17932700   -0.18674500    0.95305600   -0.55996800
    0.00000000    0.00000000    0.00000000
    0.27498100    0.16906900   -0.59153900    0.02518500    1.69394200
    0.00000000    0.00000000    0.00000000
    0.19309800    0.40590400   -0.13868100   -0.98463700   -0.91595800
    0.00000000    0.00000000    0.00000000
    0.08639300    0.34187100    0.54774900    0.25844200   -0.49361100
    0.00000000    0.00000000    0.00000000
    0.01464500    0.11708000    0.36235300    0.52511300    0.76641700
    1.00000000    0.00000000    0.00000000

    11.856505     5.644965     4.190004     1.480718     0.523275

    0.00000000    0.00000000    0.00000000    1.00000000    0.00000000
    0.00000000    0.00000000    0.00000000    0.00000000    1.00000000
    0.00000000    0.00000000    1.00000000    0.00000000    0.00000000
    0.00000000    1.00000000    0.00000000    0.00000000    0.00000000
    1.00000000    0.00000000    0.00000000    0.00000000    0.00000000

     9.021717     6.697349     3.158997     1.106138

    0.00000000    0.00000000    1.00000000    0.00000000
    0.00000000    0.00000000    0.00000000    1.00000000
    0.00000000    1.00000000    0.00000000    0.00000000
    1.00000000    0.00000000    0.00000000    0.00000000

     8.903307     6.632584     2.124621

    0.00000000    0.00000000    1.00000000
    0.00000000    1.00000000    0.00000000
    1.00000000    0.00000000    0.00000000

     9.924175     4.948534

    0.00000000    1.00000000
    1.00000000    0.00000000

Cu:cc-pCVDZ-ccECP
ccECP cc-pCVDZ for Cu | source recipes/Cu/ccECP/Cu.cc-pCVDZ.gamess | ccECP from A. Annaberdiyev et al. Journal of Chemical Physics 149, 134108 (2018) https://doi.org/10.1063/1.5040472

  4
    0    1    2    3
    6    6    5    2
   15   15   13    2

   104.471138    55.955221    30.553953    16.942394     9.452707
     5.174537     4.750059     2.779171     1.441817     1.218913
     0.710674     0.241540     0.129621     0.059229     0.027110

    0.00074100   -0.00013300    0.00021000    0.00000000    0.00000000
    0.00000000
   -0.01395300    0.00299900    0.00380600    0.00000000    0.00000000
    0.00000000
    0.10526600   -0.02431000   -0.04731200    0.00000000    0.00000000
    0.00000000
   -0.12939900    0.03198600    0.05995700    0.00000000    0.00000000
    0.00000000
   -0.36273800    0.08914900    0.25064200    0.00000000    0.00000000
    0.00000000
    0.01326600   -0.01075000   -0.11910200    0.00000000    0.00000000
    0.00000000
    0.00000000    0.00000000    0.00000000    0.00000000    0.00000000
    1.00000000
    0.48928800   -0.12822400   -0.31406900    0.00000000    0.00000000
    0.00000000
    0.56208800   -0.21572000   -0.68930000    0.00000000    0.00000000
    0.00000000
    0.00000000    0.00000000    0.00000000    0.00000000    1.00000000
    0.00000000
    0.19004700   -0.14955900    0.40305000    0.00000000    0.00000000
    0.00000000
    0.00563500    0.14291700    1.27044000    0.00000000    0.00000000
    0.00000000
   -0.00058200    0.44630700   -0.02902900    0.00000000    0.00000000
    0.00000000
   -0.00002400    0.48464300   -0.62215700    0.00000000    0.00000000
    0.00000000
    0.00003000    0.09306900   -0.44207400    1.00000000    0.00000000
    0.00000000

   159.152840    83.322776    44.840311    25.020360    13.610016
     7.761318     6.973554     4.303947     2.290080     1.551117
     1.202173     0.607647     0.257656     0.090897     0.041925

    0.00002600    0.00003400   -0.00022800    0.00000000    0.00000000
    0.00000000
   -0.00040200   -0.00012900    0.00141400    0.00000000    0.00000000
    0.00000000
    0.00740500   -0.00080200   -0.01029000    0.00000000    0.00000000
    0.00000000
   -0.03071400    0.00474700    0.04389600    0.00000000    0.00000000
    0.00000000
   -0.07434800    0.01859500    0.05286500    0.00000000    0.00000000
    0.00000000
    0.04343000   -0.01769200   -0.05656500    0.00000000    0.00000000
    0.00000000
    0.00000000    0.00000000    0.00000000    0.00000000    0.00000000
    1.00000000
    0.28970300   -0.05261400   -0.48071500    0.00000000    0.00000000
    0.00000000
    0.41346700   -0.11034900   -0.31598400    0.00000000    0.00000000
    0.00000000
    0.00000000    0.00000000    0.00000000    0.00000000    1.00000000
    0.00000000
    0.30376200   -0.05470100    0.07567900    0.00000000    0.00000000
    0.00000000
    0.09349400   -0.02665500    1.06074700    0.00000000    0.00000000
    0.00000000
    0.00666300    0.33588000   -0.00806100    0.00000000    0.00000000
    0.00000000
    0.00056700    0.50947800   -0.70160100    0.00000000    0.00000000
    0.00000000
    0.00017600    0.30255900    0.00694100    1.00000000    0.00000000
    0.00000000

   226.693527    73.010278    38.536518    18.726700     9.155485
     4.540884     4.248371     2.241175     1.873424     1.085869
     0.510612     0.229608     0.095781

    0.00001500   -0.00001300    0.00000000    0.00000000    0.00000000
    0.00410800   -0.00525200    0.00000000    0.00000000    0.00000000
    0.02822300   -0.03498200    0.00000000    0.00000000    0.00000000
    0.06932300   -0.08895000    0.00000000    0.00000000    0.00000000
    0.15604500   -0.20719400    0.00000000    0.00000000    0.00000000
    0.25123800   -0.30259700    0.00000000    0.00000000    0.00000000
    0.00000000    0.00000000    0.00000000    0.00000000    1.00000000
    0.29746300   -0.17932700    0.00000000    0.00000000    0.00000000
    0.00000000    0.00000000    0.00000000    1.00000000    0.00000000
    0.27498100    0.16906900    0.00000000    0.00000000    0.00000000
    0.19309800    0.40590400    0.00000000    0.00000000    0.00000000
    0.08639300    0.34187100    0.00000000    0.00000000    0.00000000
    0.01464500    0.11708000    1.00000000    0.00000000    0.00000000

     6.750816     2.739578

    0.00000000    1.00000000
    1.00000000    0.00000000

Cu:cc-pCVQZ-ccECP
ccECP cc-pCVQZ for Cu | source recipes/Cu/ccECP/Cu.cc-pCVQZ.gamess | ccECP from A. Annaberdiyev et al. Journal of Chemical Physics 149, 134108 (2018) https://doi.org/10.1063/1.5040472

  6
    0    1    2    3    4    5
    8    8    7    4    3    2
   15   15   13    4    3    2

   104.471138    55.955221    30.553953    16.942394     9.452707
     5.174537     3.688859     3.034502     2.779171     1.441817
     0.710674     0.241540     0.129621     0.059229     0.027110

    0.00074100   -0.00013300    0.00021000    0.00036600    0.00267900
    0.00000000    0.00000000    0.00000000
   -0.01395300    0.00299900    0.00380600    0.00672000   -0.02626700
    0.00000000    0.00000000    0.00000000
    0.10526600   -0.02431000   -0.04731200   -0.09149300    0.19212900
    0.00000000    0.00000000    0.00000000
   -0.12939900    0.03198600    0.05995700    0.14226300   -0.40421800
    0.00000000    0.00000000    0.00000000
   -0.36273800    0.08914900    0.25064200    0.47188100   -0.43460200
    0.00000000    0.00000000    0.00000000
    0.01326600   -0.01075000   -0.11910200   -0.31970800    0.55567400
    0.00000000    0.00000000    0.00000000
    0.00000000    0.00000000    0.00000000    0.00000000    0.00000000
    0.00000000    0.00000000    1.00000000
    0.00000000    0.00000000    0.00000000    0.00000000    0.00000000
    0.00000000    1.00000000    0.00000000
    0.48928800   -0.12822400   -0.31406900   -1.06825500    2.61821100
    0.00000000    0.00000000    0.00000000
    0.56208800   -0.21572000   -0.68930000   -0.61504900   -3.20734300
    0.00000000    0.00000000    0.00000000
    0.19004700   -0.14955900    0.40305000    2.26128200   -0.33054500
    0.00000000    0.00000000    0.00000000
    0.00563500    0.14291700    1.27044000   -0.02005900    4.04196600
    0.00000000    0.00000000    0.00000000
   -0.00058200    0.44630700   -0.02902900   -1.81574600   -3.35549700
    0.00000000    0.00000000    0.00000000
   -0.00002400    0.48464300   -0.62215700    0.47417400   -0.48399100
    0.00000000    0.00000000    0.00000000
    0.00003000    0.09306900   -0.44207400    0.71359700    1.21366400
    1.00000000    0.00000000    0.00000000

   159.152840    83.322776    44.840311    25.020360    13.610016
    10.527718     7.761318     4.303947     3.294315     2.290080
     1.202173     0.607647     0.257656     0.090897     0.041925

    0.00002600    0.00003400   -0.00022800   -0.00041200    0.00032900
    0.00000000    0.00000000    0.00000000
   -0.00040200   -0.00012900    0.00141400    0.00195700   -0.00156500
    0.00000000    0.00000000    0.00000000
    0.00740500   -0.00080200   -0.01029000    0.00064000   -0.00336900
    0.00000000    0.00000000    0.00000000
   -0.03071400    0.00474700    0.04389600   -0.03675300    0.08790300
    0.00000000    0.00000000    0.00000000
   -0.07434800    0.01859500    0.05286500   -0.14719300    0.22132700
    0.00000000    0.00000000    0.00000000
    0.00000000    0.00000000    0.00000000    0.00000000    0.00000000
    0.00000000    0.00000000    1.00000000
    0.04343000   -0.01769200   -0.05656500    0.29778200   -0.92400600
    0.00000000    0.00000000    0.00000000
    0.28970300   -0.05261400   -0.48071500    0.70527100   -1.00731600
    0.00000000    0.00000000    0.00000000
    0.00000000    0.00000000    0.00000000    0.00000000    0.00000000
    0.00000000    1.00000000    0.00000000
    0.41346700   -0.11034900   -0.31598400    0.19646600    2.32431200
    0.00000000    0.00000000    0.00000000
    0.30376200   -0.05470100    0.07567900   -1.65940600    0.00119100
    0.00000000    0.00000000    0.00000000
    0.09349400   -0.02665500    1.06074700    0.39150000   -2.32974500
    0.00000000    0.00000000    0.00000000
    0.00666300    0.33588000   -0.00806100    1.24328400    2.05959900
    0.00000000    0.00000000    0.00000000
    0.00056700    0.50947800   -0.70160100   -0.95752900   -0.70662000
    0.00000000    0.00000000    0.00000000
    0.00017600    0.30255900    0.00694100   -0.05609100   -0.18479700
    1.00000000    0.00000000    0.00000000

   226.693527    73.010278    38.536518    18.726700     9.155485
     6.028078     4.610790     4.540884     2.241175     1.085869
     0.510612     0.229608     0.095781

    0.00001500   -0.00001300    0.00001600   -0.00007200    0.00000000
    0.00000000    0.00000000
    0.00410800   -0.00525200    0.00615700   -0.00870300    0.00000000
    0.00000000    0.00000000
    0.02822300   -0.03498200    0.04036100   -0.06059400    0.00000000
    0.00000000    0.00000000
    0.06932300   -0.08895000    0.10603800   -0.16022100    0.00000000
    0.00000000    0.00000000
    0.15604500   -0.20719400    0.26329900   -0.45749500    0.00000000
    0.00000000    0.00000000
    0.00000000    0.00000000    0.00000000    0.00000000    0.00000000
    0.00000000    1.00000000
    0.00000000    0.00000000    0.00000000    0.00000000    0.00000000
    1.00000000    0.00000000
    0.25123800   -0.30259700    0.28849600   -0.08760700    0.00000000
    0.00000000    0.00000000
    0.29746300   -0.17932700   -0.18674500    0.95305600    0.00000000
    0.00000000    0.00000000
    0.27498100    0.16906900   -0.59153900    0.02518500    0.00000000
    0.00000000    0.00000000
    0.19309800    0.40590400   -0.13868100   -0.98463700    0.00000000
    0.00000000    0.00000000
    0.08639300    0.34187100    0.54774900    0.25844200    0.00000000
    0.00000000    0.00000000
    0.01464500    0.11708000    0.36235300    0.52511300    1.00000000
    0.00000000    0.00000000

     8.204550     4.705392     2.515691     0.771365

    0.00000000    0.00000000    1.00000000    0.00000000
    0.00000000    0.00000000    0.00000000    1.00000000
    0.00000000    1.00000000    0.00000000    0.00000000
    1.00000000    0.00000000    0.00000000    0.00000000

     7.396044     6.136209     1.798933

    0.00000000    0.00000000    1.00000000
    0.00000000    1.00000000    0.00000000
    1.00000000    0.00000000    0.00000000

     8.650303     3.867803

    0.00000000    1.00000000
    1.00000000    0.00000000

Cu:cc-pCVTZ-ccECP
ccECP cc-pCVTZ for Cu | source recipes/Cu/ccECP/Cu.cc-pCVTZ.gamess | ccECP from A. Annaberdiyev et al. Journal of Chemical Physics 149, 134108 (2018) https://doi.org/10.1063/1.5040472

  5
    0    1    2    3    4
    7    7    6    3    2
   15   15   13    3    2

   104.471138    55.955221    30.553953    16.942394     9.452707
     5.174537     4.527313     2.779171     1.753253     1.441817
     0.710674     0.241540     0.129621     0.059229     0.027110

    0.00074100   -0.00013300    0.00021000    0.00036600    0.00000000
    0.00000000    0.00000000
   -0.01395300    0.00299900    0.00380600    0.00672000    0.00000000
    0.00000000    0.00000000
    0.10526600   -0.02431000   -0.04731200   -0.09149300    0.00000000
    0.00000000    0.00000000
   -0.12939900    0.03198600    0.05995700    0.14226300    0.00000000
    0.00000000    0.00000000
   -0.36273800    0.08914900    0.25064200    0.47188100    0.00000000
    0.00000000    0.00000000
    0.01326600   -0.01075000   -0.11910200   -0.31970800    0.00000000
    0.00000000    0.00000000
    0.00000000    0.00000000    0.00000000    0.00000000    0.00000000
    0.00000000    1.00000000
    0.48928800   -0.12822400   -0.31406900   -1.06825500    0.00000000
    0.00000000    0.00000000
    0.00000000    0.00000000    0.00000000    0.00000000    0.00000000
    1.00000000    0.00000000
    0.56208800   -0.21572000   -0.68930000   -0.61504900    0.00000000
    0.00000000    0.00000000
    0.19004700   -0.14955900    0.40305000    2.26128200    0.00000000
    0.00000000    0.00000000
    0.00563500    0.14291700    1.27044000   -0.02005900    0.00000000
    0.00000000    0.00000000
   -0.00058200    0.44630700   -0.02902900   -1.81574600    0.00000000
    0.00000000    0.00000000
   -0.00002400    0.48464300   -0.62215700    0.47417400    0.00000000
    0.00000000    0.00000000
    0.00003000    0.09306900   -0.44207400    0.71359700    1.00000000
    0.00000000    0.00000000

   159.152840    83.322776    44.840311    25.020360    13.610016
     8.444453     7.761318     4.303947     2.290080     2.153325
     1.202173     0.607647     0.257656     0.090897     0.041925

    0.00002600    0.00003400   -0.00022800   -0.00041200    0.00000000
    0.00000000    0.00000000
   -0.00040200   -0.00012900    0.00141400    0.00195700    0.00000000
    0.00000000    0.00000000
    0.00740500   -0.00080200   -0.01029000    0.00064000    0.00000000
    0.00000000    0.00000000
   -0.03071400    0.00474700    0.04389600   -0.03675300    0.00000000
    0.00000000    0.00000000
   -0.07434800    0.01859500    0.05286500   -0.14719300    0.00000000
    0.00000000    0.00000000
    0.00000000    0.00000000    0.00000000    0.00000000    0.00000000
    0.00000000    1.00000000
    0.04343000   -0.01769200   -0.05656500    0.29778200    0.00000000
    0.00000000    0.00000000
    0.28970300   -0.05261400   -0.48071500    0.70527100    0.00000000
    0.00000000    0.00000000
    0.41346700   -0.11034900   -0.31598400    0.19646600    0.00000000
    0.00000000    0.00000000
    0.00000000    0.00000000    0.00000000    0.00000000    0.00000000
    1.00000000    0.00000000
    0.30376200   -0.05470100    0.07567900   -1.65940600    0.00000000
    0.00000000    0.00000000
    0.09349400   -0.02665500    1.06074700    0.39150000    0.00000000
    0.00000000    0.00000000
    0.00666300    0.33588000   -0.00806100    1.24328400    0.00000000
    0.00000000    0.00000000
    0.00056700    0.50947800   -0.70160100   -0.95752900    0.00000000
    0.00000000    0.00000000
    0.00017600    0.30255900    0.00694100   -0.05609100    1.00000000
    0.00000000    0.00000000

   226.693527    73.010278    38.536518    18.726700     9.155485
     5.133828     4.540884     2.849045     2.241175     1.085869
     0.510612     0.229608     0.095781

    0.00001500   -0.00001300    0.00001600    0.00000000    0.00000000
    0.00000000
    0.00410800   -0.00525200    0.00615700    0.00000000    0.00000000
    0.00000000
    0.02822300   -0.03498200    0.04036100    0.00000000    0.00000000
    0.00000000
    0.06932300   -0.08895000    0.10603800    0.00000000    0.00000000
    0.00000000
    0.15604500   -0.20719400    0.26329900    0.00000000    0.00000000
    0.00000000
    0.00000000    0.00000000    0.00000000    0.00000000    0.00000000
    1.00000000
    0.25123800   -0.30259700    0.28849600    0.00000000    0.00000000
    0.00000000
    0.00000000    0.00000000    0.00000000    0.00000000    1.00000000
    0.00000000
    0.29746300   -0.17932700   -0.18674500    0.00000000    0.00000000
    0.00000000
    0.27498100    0.16906900   -0.59153900    0.00000000    0.00000000
    0.00000000
    0.19309800    0.40590400   -0.13868100    0.00000000    0.00000000
    0.00000000
    0.08639300    0.34187100    0.54774900    0.00000000    0.00000000
    0.00000000
    0.01464500    0.11708000    0.36235300    1.00000000    0.00000000
    0.00000000

    10.218472     5.230236     1.316717

    0.00000000    0.00000000    1.00000000
    0.00000000    1.00000000    0.00000000
    1.00000000    0.00000000    0.00000000

     8.017573     3.445758

    0.00000000    1.00000000
    1.00000000    0.00000000

Cu:cc-pV5Z-ccECP
ccECP cc-pV5Z for Cu | source recipes/Cu/ccECP/Cu.cc-pV5Z.gamess | ccECP from A. Annaberdiyev et al. Journal of Chemical Physics 149, 134108 (2018) https://doi.org/10.1063/1.5040472

  7
    0    1    2    3    4    5    6
    7    7    6    4    3    2    1
   13   13   11    4    3    2    1

   104.471138    55.955221    30.553953    16.942394     9.452707
     5.174537     2.779171     1.441817     0.710674     0.241540
     0.129621     0.059229     0.027110

    0.00074100   -0.00013300    0.00021000    0.00036600    0.00267900
   -0.00002500    0.00000000
   -0.01395300    0.00299900    0.00380600    0.00672000   -0.02626700
   -0.01438300    0.00000000
    0.10526600   -0.02431000   -0.04731200   -0.09149300    0.19212900
    0.22413500    0.00000000
   -0.12939900    0.03198600    0.05995700    0.14226300   -0.40421800
   -0.55516400    0.00000000
   -0.36273800    0.08914900    0.25064200    0.47188100   -0.43460200
   -1.11162800    0.00000000
    0.01326600   -0.01075000   -0.11910200   -0.31970800    0.55567400
    3.39371200    0.00000000
    0.48928800   -0.12822400   -0.31406900   -1.06825500    2.61821100
    0.29284800    0.00000000
    0.56208800   -0.21572000   -0.68930000   -0.61504900   -3.20734300
   -6.10751500    0.00000000
    0.19004700   -0.14955900    0.40305000    2.26128200   -0.33054500
    6.27824000    0.00000000
    0.00563500    0.14291700    1.27044000   -0.02005900    4.04196600
   -3.38862200    0.00000000
   -0.00058200    0.44630700   -0.02902900   -1.81574600   -3.35549700
   -0.13982400    0.00000000
   -0.00002400    0.48464300   -0.62215700    0.47417400   -0.48399100
    2.89254600    0.00000000
    0.00003000    0.09306900   -0.44207400    0.71359700    1.21366400
   -1.75159900    1.00000000

   159.152840    83.322776    44.840311    25.020360    13.610016
     7.761318     4.303947     2.290080     1.202173     0.607647
     0.257656     0.090897     0.041925

    0.00002600    0.00003400   -0.00022800   -0.00041200    0.00032900
   -0.00066300    0.00000000
   -0.00040200   -0.00012900    0.00141400    0.00195700   -0.00156500
    0.00351400    0.00000000
    0.00740500   -0.00080200   -0.01029000    0.00064000   -0.00336900
   -0.00304100    0.00000000
   -0.03071400    0.00474700    0.04389600   -0.03675300    0.08790300
   -0.16209700    0.00000000
   -0.07434800    0.01859500    0.05286500   -0.14719300    0.22132700
   -0.29931000    0.00000000
    0.04343000   -0.01769200   -0.05656500    0.29778200   -0.92400600
    2.77138200    0.00000000
    0.28970300   -0.05261400   -0.48071500    0.70527100   -1.00731600
   -2.29610400    0.00000000
    0.41346700   -0.11034900   -0.31598400    0.19646600    2.32431200
   -2.15880200    0.00000000
    0.30376200   -0.05470100    0.07567900   -1.65940600    0.00119100
    5.40521000    0.00000000
    0.09349400   -0.02665500    1.06074700    0.39150000   -2.32974500
   -4.52127300    0.00000000
    0.00666300    0.33588000   -0.00806100    1.24328400    2.05959900
    1.93483100    0.00000000
    0.00056700    0.50947800   -0.70160100   -0.95752900   -0.70662000
   -0.16591400    0.00000000
    0.00017600    0.30255900    0.00694100   -0.05609100   -0.18479700
   -0.42278400    1.00000000

   226.693527    73.010278    38.536518    18.726700     9.155485
     4.540884     2.241175     1.085869     0.510612     0.229608
     0.095781

    0.00001500   -0.00001300    0.00001600   -0.00007200    0.00004900
    0.00000000
    0.00410800   -0.00525200    0.00615700   -0.00870300    0.01189500
    0.00000000
    0.02822300   -0.03498200    0.04036100   -0.06059400    0.07542500
    0.00000000
    0.06932300   -0.08895000    0.10603800   -0.16022100    0.23802600
    0.00000000
    0.15604500   -0.20719400    0.26329900   -0.45749500    0.66103100
    0.00000000
    0.25123800   -0.30259700    0.28849600   -0.08760700   -0.97854000
    0.00000000
    0.29746300   -0.17932700   -0.18674500    0.95305600   -0.55996800
    0.00000000
    0.27498100    0.16906900   -0.59153900    0.02518500    1.69394200
    0.00000000
    0.19309800    0.40590400   -0.13868100   -0.98463700   -0.91595800
    0.00000000
    0.08639300    0.34187100    0.54774900    0.25844200   -0.49361100
    0.00000000
    0.01464500    0.11708000    0.36235300    0.52511300    0.76641700
    1.00000000

    11.856505     4.190004     1.480718     0.523275

    0.00000000    0.00000000    0.00000000    1.00000000
    0.00000000    0.00000000    1.00000000    0.00000000
    0.00000000    1.00000000    0.00000000    0.00000000
    1.00000000    0.00000000    0.00000000    0.00000000

     9.021717     3.158997     1.106138

    0.00000000    0.00000000    1.00000000
    0.00000000    1.00000000    0.00000000
    1.00000000    0.00000000    0.00000000

     6.632584     2.124621

    0.00000000    1.00000000
    1.00000000    0.00000000

     4.948534

    1.00000000

Cu:cc-pVDZ-ccECP
ccECP cc-pVDZ for Cu | source recipes/Cu/ccECP/Cu.cc-pVDZ.gamess | ccECP from A. Annaberdiyev et al. Journal of Chemical Physics 149, 134108 (2018) https://doi.org/10.1063/1.5040472

  4
    0    1    2    3
    4    4    3    1
   13   13   11    1

   104.471138    55.955221    30.553953    16.942394     9.452707
     5.174537     2.779171     1.441817     0.710674     0.241540
     0.129621     0.059229     0.027110

    0.00074100   -0.00013300    0.00021000    0.00000000
   -0.01395300    0.00299900    0.00380600    0.00000000
    0.10526600   -0.02431000   -0.04731200    0.00000000
   -0.12939900    0.03198600    0.05995700    0.00000000
   -0.36273800    0.08914900    0.25064200    0.00000000
    0.01326600   -0.01075000   -0.11910200    0.00000000
    0.48928800   -0.12822400   -0.31406900    0.00000000
    0.56208800   -0.21572000   -0.68930000    0.00000000
    0.19004700   -0.14955900    0.40305000    0.00000000
    0.00563500    0.14291700    1.27044000    0.00000000
   -0.00058200    0.44630700   -0.02902900    0.00000000
   -0.00002400    0.48464300   -0.62215700    0.00000000
    0.00003000    0.09306900   -0.44207400    1.00000000

   159.152840    83.322776    44.840311    25.020360    13.610016
     7.761318     4.303947     2.290080     1.202173     0.607647
     0.257656     0.090897     0.041925

    0.00002600    0.00003400   -0.00022800    0.00000000
   -0.00040200   -0.00012900    0.00141400    0.00000000
    0.00740500   -0.00080200   -0.01029000    0.00000000
   -0.03071400    0.00474700    0.04389600    0.00000000
   -0.07434800    0.01859500    0.05286500    0.00000000
    0.04343000   -0.01769200   -0.05656500    0.00000000
    0.28970300   -0.05261400   -0.48071500    0.00000000
    0.41346700   -0.11034900   -0.31598400    0.00000000
    0.30376200   -0.05470100    0.07567900    0.00000000
    0.09349400   -0.02665500    1.06074700    0.00000000
    0.00666300    0.33588000   -0.00806100    0.00000000
    0.00056700    0.50947800   -0.70160100    0.00000000
    0.00017600    0.30255900    0.00694100    1.00000000

   226.693527    73.010278    38.536518    18.726700     9.155485
     4.540884     2.241175     1.085869     0.510612     0.229608
     0.095781

    0.00001500   -0.00001300    0.00000000
    0.00410800   -0.00525200    0.00000000
    0.02822300   -0.03498200    0.00000000
    0.06932300   -0.08895000    0.00000000
    0.15604500   -0.20719400    0.00000000
    0.25123800   -0.30259700    0.00000000
    0.29746300   -0.17932700    0.00000000
    0.27498100    0.16906900    0.00000000
    0.19309800    0.40590400    0.00000000
    0.08639300    0.34187100    0.00000000
    0.01464500    0.11708000    1.00000000

     2.739578

    1.00000000

Cu:cc-pVQZ-ccECP
ccECP cc-pVQZ for Cu | source recipes/Cu/ccECP/Cu.cc-pVQZ.gamess | ccECP from A. Annaberdiyev et al. Journal of Chemical Physics 149, 134108 (2018) https://doi.org/10.1063/1.5040472

  6
    0    1    2    3    4    5
    6    6    5    3    2    1
   13   13   11    3    2    1

   104.471138    55.955221    30.553953    16.942394     9.452707
     5.174537     2.779171     1.441817     0.710674     0.241540
     0.129621     0.059229     0.027110

    0.00074100   -0.00013300    0.00021000    0.00036600    0.00267900
    0.00000000
   -0.01395300    0.00299900    0.00380600    0.00672000   -0.02626700
    0.00000000
    0.10526600   -0.02431000   -0.04731200   -0.09149300    0.19212900
    0.00000000
   -0.12939900    0.03198600    0.05995700    0.14226300   -0.40421800
    0.00000000
   -0.36273800    0.08914900    0.25064200    0.47188100   -0.43460200
    0.00000000
    0.01326600   -0.01075000   -0.11910200   -0.31970800    0.55567400
    0.00000000
    0.48928800   -0.12822400   -0.31406900   -1.06825500    2.61821100
    0.00000000
    0.56208800   -0.21572000   -0.68930000   -0.61504900   -3.20734300
    0.00000000
    0.19004700   -0.14955900    0.40305000    2.26128200   -0.33054500
    0.00000000
    0.00563500    0.14291700    1.27044000   -0.02005900    4.04196600
    0.00000000
   -0.00058200    0.44630700   -0.02902900   -1.81574600   -3.35549700
    0.00000000
   -0.00002400    0.48464300   -0.62215700    0.47417400   -0.48399100
    0.00000000
    0.00003000    0.09306900   -0.44207400    0.71359700    1.21366400
    1.00000000

   159.152840    83.322776    44.840311    25.020360    13.610016
     7.761318     4.303947     2.290080     1.202173     0.607647
     0.257656     0.090897     0.041925

    0.00002600    0.00003400   -0.00022800   -0.00041200    0.00032900
    0.00000000
   -0.00040200   -0.00012900    0.00141400    0.00195700   -0.00156500
    0.00000000
    0.00740500   -0.00080200   -0.01029000    0.00064000   -0.00336900
    0.00000000
   -0.03071400    0.00474700    0.04389600   -0.03675300    0.08790300
    0.00000000
   -0.07434800    0.01859500    0.05286500   -0.14719300    0.22132700
    0.00000000
    0.04343000   -0.01769200   -0.05656500    0.29778200   -0.92400600
    0.00000000
    0.28970300   -0.05261400   -0.48071500    0.70527100   -1.00731600
    0.00000000
    0.41346700   -0.11034900   -0.31598400    0.19646600    2.32431200
    0.00000000
    0.30376200   -0.05470100    0.07567900   -1.65940600    0.00119100
    0.00000000
    0.09349400   -0.02665500    1.06074700    0.39150000   -2.32974500
    0.00000000
    0.00666300    0.33588000   -0.00806100    1.24328400    2.05959900
    0.00000000
    0.00056700    0.50947800   -0.70160100   -0.95752900   -0.70662000
    0.00000000
    0.00017600    0.30255900    0.00694100   -0.05609100   -0.18479700
    1.00000000

   226.693527    73.010278    38.536518    18.726700     9.155485
     4.540884     2.241175     1.085869     0.510612     0.229608
     0.095781

    0.00001500   -0.00001300    0.00001600   -0.00007200    0.00000000
    0.00410800   -0.00525200    0.00615700   -0.00870300    0.00000000
    0.02822300   -0.03498200    0.04036100   -0.06059400    0.00000000
    0.06932300   -0.08895000    0.10603800   -0.16022100    0.00000000
    0.15604500   -0.20719400    0.26329900   -0.45749500    0.00000000
    0.25123800   -0.30259700    0.28849600   -0.08760700    0.00000000
    0.29746300   -0.17932700   -0.18674500    0.95305600    0.00000000
    0.27498100    0.16906900   -0.59153900    0.02518500    0.00000000
    0.19309800    0.40590400   -0.13868100   -0.98463700    0.00000000
    0.08639300    0.34187100    0.54774900    0.25844200    0.00000000
    0.01464500    0.11708000    0.36235300    0.52511300    1.00000000

     8.204550     2.515691     0.771365

    0.00000000    0.00000000    1.00000000
    0.00000000    1.00000000    0.00000000
    1.00000000    0.00000000    0.00000000

     6.136209     1.798933

    0.00000000    1.00000000
    1.00000000    0.00000000

     3.867803

    1.00000000

Cu:cc-pVTZ-ccECP
ccECP cc-pVTZ for Cu | source recipes/Cu/ccECP/Cu.cc-pVTZ.gamess | ccECP from A. Annaberdiyev et al. Journal of Chemical Physics 149, 134108 (2018) https://doi.org/10.1063/1.5040472

  5
    0    1    2    3    4
    5    5    4    2    1
   13   13   11    2    1

   104.471138    55.955221    30.553953    16.942394     9.452707
     5.174537     2.779171     1.441817     0.710674     0.241540
     0.129621     0.059229     0.027110

    0.00074100   -0.00013300    0.00021000    0.00036600    0.00000000
   -0.01395300    0.00299900    0.00380600    0.00672000    0.00000000
    0.10526600   -0.02431000   -0.04731200   -0.09149300    0.00000000
   -0.12939900    0.03198600    0.05995700    0.14226300    0.00000000
   -0.36273800    0.08914900    0.25064200    0.47188100    0.00000000
    0.01326600   -0.01075000   -0.11910200   -0.31970800    0.00000000
    0.48928800   -0.12822400   -0.31406900   -1.06825500    0.00000000
    0.56208800   -0.21572000   -0.68930000   -0.61504900    0.00000000
    0.19004700   -0.14955900    0.40305000    2.26128200    0.00000000
    0.00563500    0.14291700    1.27044000   -0.02005900    0.00000000
   -0.00058200    0.44630700   -0.02902900   -1.81574600    0.00000000
   -0.00002400    0.48464300   -0.62215700    0.47417400    0.00000000
    0.00003000    0.09306900   -0.44207400    0.71359700    1.00000000

   159.152840    83.322776    44.840311    25.020360    13.610016
     7.761318     4.303947     2.290080     1.202173     0.607647
     0.257656     0.090897     0.041925

    0.00002600    0.00003400   -0.00022800   -0.00041200    0.00000000
   -0.00040200   -0.00012900    0.00141400    0.00195700    0.00000000
    0.00740500   -0.00080200   -0.01029000    0.00064000    0.00000000
   -0.03071400    0.00474700    0.04389600   -0.03675300    0.00000000
   -0.07434800    0.01859500    0.05286500   -0.14719300    0.00000000
    0.04343000   -0.01769200   -0.05656500    0.29778200    0.00000000
    0.28970300   -0.05261400   -0.48071500    0.70527100    0.00000000
    0.41346700   -0.11034900   -0.31598400    0.19646600    0.00000000
    0.30376200   -0.05470100    0.07567900   -1.65940600    0.00000000
    0.09349400   -0.02665500    1.06074700    0.39150000    0.00000000
    0.00666300    0.33588000   -0.00806100    1.24328400    0.00000000
    0.00056700    0.50947800   -0.70160100   -0.95752900    0.00000000
    0.00017600    0.30255900    0.00694100   -0.05609100    1.00000000

   226.693527    73.010278    38.536518    18.726700     9.155485
     4.540884     2.241175     1.085869     0.510612     0.229608
     0.095781

    0.00001500   -0.00001300    0.00001600    0.00000000
    0.00410800   -0.00525200    0.00615700    0.00000000
    0.02822300   -0.03498200    0.04036100    0.00000000
    0.06932300   -0.08895000    0.10603800    0.00000000
    0.15604500   -0.20719400    0.26329900    0.00000000
    0.25123800   -0.30259700    0.28849600    0.00000000
    0.29746300   -0.17932700   -0.18674500    0.00000000
    0.27498100    0.16906900   -0.59153900    0.00000000
    0.19309800    0.40590400   -0.13868100    0.00000000
    0.08639300    0.34187100    0.54774900    0.00000000
    0.01464500    0.11708000    0.36235300    1.00000000

     5.230236     1.316717

    0.00000000    1.00000000
    1.00000000    0.00000000

     3.445758

    1.00000000

