
Pd:aug-cc-pCV5Z-ccECP
ccECP aug-cc-pCV5Z for Pd | source recipes/Pd/ccECP/Pd.aug-cc-pCV5Z.gamess | ccECP from Guangming Wang et al. Journal of Chemical Physics (2022) https://doi.org/10.1063/5.0087300

  7
    0    1    2    3    4    5    6
   10   10    9    6    5    4    3
   16   16   16    6    5    4    3

   226.982057   107.971612    51.360311    24.431251    11.621542
     5.528176     2.629662     1.650400     1.250887     1.032300
     0.595026     0.283044     0.134639     0.064046     0.030465
     0.012186

    -0.000123     0.000117    -0.000063    -0.001908     0.008138    -0.006408
   0.00000000   0.00000000   0.00000000   0.00000000
     0.000586    -0.000580     0.000309     0.009521    -0.040699     0.030543
   0.00000000   0.00000000   0.00000000   0.00000000
    -0.001037     0.001695    -0.000590    -0.029954     0.127068    -0.083318
   0.00000000   0.00000000   0.00000000   0.00000000
    -0.013924    -0.002148    -0.007717     0.094695    -0.363306     0.128083
   0.00000000   0.00000000   0.00000000   0.00000000
     0.200098    -0.019262     0.119010    -0.416458     1.256213     0.431534
   0.00000000   0.00000000   0.00000000   0.00000000
    -0.676779     0.084919    -0.425622     1.261804    -4.003174    -3.890922
   0.00000000   0.00000000   0.00000000   0.00000000
     0.045446     0.022876    -0.051799    -0.579822     6.713429    10.775558
   0.00000000   0.00000000   0.00000000   0.00000000
   0.00000000   0.00000000   0.00000000   0.00000000   0.00000000   0.00000000
   0.00000000   0.00000000     1.000000   0.00000000
     0.857855    -0.244520     1.109581    -3.177434    -3.944306   -15.904368
   0.00000000   0.00000000   0.00000000   0.00000000
   0.00000000   0.00000000   0.00000000   0.00000000   0.00000000   0.00000000
   0.00000000   0.00000000   0.00000000     1.000000
     0.366386     0.091710     0.219221     4.036898    -2.327527    16.120226
   0.00000000   0.00000000   0.00000000   0.00000000
     0.052708    -0.417493    -0.869582    -0.556360     5.490862   -11.481036
   0.00000000   0.00000000   0.00000000   0.00000000
    -0.007355     0.856225    -0.507150    -0.841919    -3.312612     4.946792
   0.00000000   0.00000000   0.00000000   0.00000000
     0.004478    -1.233857    -0.060316    -0.212786     0.567986    -1.087426
   0.00000000   0.00000000   0.00000000   0.00000000
    -0.001187     1.683095     0.000652     0.021290    -0.216586     0.383398
     1.000000   0.00000000   0.00000000   0.00000000
   0.00000000   0.00000000   0.00000000   0.00000000   0.00000000   0.00000000
   0.00000000     1.000000   0.00000000   0.00000000

    49.528556    26.116743    13.771535     7.261824     3.829209
     2.029100     2.019168     1.267900     1.064721     0.561434
     0.296048     0.156108     0.082317     0.043406     0.022888
     0.009155

    -0.000125     0.000176    -0.000014    -0.012211     0.053745     0.013946
   0.00000000   0.00000000   0.00000000   0.00000000
    -0.001273     0.000339     0.002075     0.063332    -0.275923    -0.107103
   0.00000000   0.00000000   0.00000000   0.00000000
     0.038171    -0.025564    -0.041847    -0.251945     0.979303     0.674199
   0.00000000   0.00000000   0.00000000   0.00000000
    -0.174047     0.127568     0.173144     0.769673    -2.971680    -3.367958
   0.00000000   0.00000000   0.00000000   0.00000000
    -0.041692     0.040787     0.307947    -0.397351     5.445539     9.445907
   0.00000000   0.00000000   0.00000000   0.00000000
   0.00000000   0.00000000   0.00000000   0.00000000   0.00000000   0.00000000
   0.00000000   0.00000000     1.000000   0.00000000
     0.413749    -0.439452    -1.596670    -3.018892    -3.694725   -14.679703
   0.00000000   0.00000000   0.00000000   0.00000000
   0.00000000   0.00000000   0.00000000   0.00000000   0.00000000   0.00000000
   0.00000000   0.00000000   0.00000000     1.000000
     0.450821    -0.442802     0.190811     4.961124    -1.823365    16.045809
   0.00000000   0.00000000   0.00000000   0.00000000
     0.251837     0.193319     1.623239    -2.316344     6.249021   -13.311169
   0.00000000   0.00000000   0.00000000   0.00000000
     0.051165     0.566241    -0.253493    -0.828485    -6.109773     7.912246
   0.00000000   0.00000000   0.00000000   0.00000000
     0.011161     0.374898    -0.637836     0.593295     2.758959    -2.889133
   0.00000000   0.00000000   0.00000000   0.00000000
    -0.002018     0.092881    -0.260561     0.473889    -0.636491     0.886992
   0.00000000   0.00000000   0.00000000   0.00000000
     0.001463     0.007271    -0.000879    -0.016521     0.587537    -0.753228
   0.00000000   0.00000000   0.00000000   0.00000000
    -0.000389     0.000254    -0.005207     0.013812    -0.143796     0.180939
     1.000000   0.00000000   0.00000000   0.00000000
   0.00000000   0.00000000   0.00000000   0.00000000   0.00000000   0.00000000
   0.00000000     1.000000   0.00000000   0.00000000

    24.858557    13.807567     7.669347     4.259902     2.366142
     1.624200     1.314262     0.821200     0.730001     0.405475
     0.225219     0.125097     0.069485     0.038595     0.021437
     0.008575

     0.002857    -0.004007    -0.006065    -0.005701     0.017568   0.00000000
   0.00000000   0.00000000   0.00000000
     0.008324    -0.009816    -0.014128    -0.041076    -0.179203   0.00000000
   0.00000000   0.00000000   0.00000000
    -0.032165     0.040598     0.063530     0.177748     0.694796   0.00000000
   0.00000000   0.00000000   0.00000000
     0.041986    -0.059887    -0.089104    -0.401551    -1.928215   0.00000000
   0.00000000   0.00000000   0.00000000
     0.187147    -0.292809    -0.687019    -1.233635     0.470721   0.00000000
   0.00000000   0.00000000   0.00000000
   0.00000000   0.00000000   0.00000000   0.00000000   0.00000000   0.00000000
   0.00000000     1.000000   0.00000000
     0.274091    -0.381848    -0.222398     1.629425     2.871676   0.00000000
   0.00000000   0.00000000   0.00000000
   0.00000000   0.00000000   0.00000000   0.00000000   0.00000000   0.00000000
   0.00000000   0.00000000     1.000000
     0.274162    -0.112906     0.792038     0.479913    -3.760750   0.00000000
   0.00000000   0.00000000   0.00000000
     0.223394     0.234947     0.461827    -1.170492     1.413014   0.00000000
   0.00000000   0.00000000   0.00000000
     0.156376     0.363251    -0.210862    -0.247151     0.535876   0.00000000
   0.00000000   0.00000000   0.00000000
     0.088573     0.275550    -0.397527     0.369970     0.020298   0.00000000
   0.00000000   0.00000000   0.00000000
     0.033732     0.128792    -0.220040     0.335028    -0.574257   0.00000000
   0.00000000   0.00000000   0.00000000
     0.005858     0.028454    -0.055864     0.079693    -0.056655   0.00000000
   0.00000000   0.00000000   0.00000000
     0.000243     0.001243    -0.001842     0.005779    -0.026612     1.000000
   0.00000000   0.00000000   0.00000000
   0.00000000   0.00000000   0.00000000   0.00000000   0.00000000   0.00000000
     1.000000   0.00000000   0.00000000

     8.928300     4.103700     1.886100     0.866900     0.328400
     0.124400

     1.000000   0.00000000   0.00000000   0.00000000   0.00000000   0.00000000
   0.00000000     1.000000   0.00000000   0.00000000   0.00000000   0.00000000
   0.00000000   0.00000000     1.000000   0.00000000   0.00000000   0.00000000
   0.00000000   0.00000000   0.00000000     1.000000   0.00000000   0.00000000
   0.00000000   0.00000000   0.00000000   0.00000000     1.000000   0.00000000
   0.00000000   0.00000000   0.00000000   0.00000000   0.00000000     1.000000

     4.011400     2.292300     1.309900     0.540300     0.222900

     1.000000   0.00000000   0.00000000   0.00000000   0.00000000
   0.00000000     1.000000   0.00000000   0.00000000   0.00000000
   0.00000000   0.00000000     1.000000   0.00000000   0.00000000
   0.00000000   0.00000000   0.00000000     1.000000   0.00000000
   0.00000000   0.00000000   0.00000000   0.00000000     1.000000

     3.962700     2.199500     0.949800     0.410100

     1.000000   0.00000000   0.00000000   0.00000000
   0.00000000     1.000000   0.00000000   0.00000000
   0.00000000   0.00000000     1.000000   0.00000000
   0.00000000   0.00000000   0.00000000     1.000000

     3.899100     2.005100     1.031100

     1.000000   0.00000000   0.00000000
   0.00000000     1.000000   0.00000000
   0.00000000   0.00000000     1.000000

Pd:aug-cc-pCVDZ-ccECP
ccECP aug-cc-pCVDZ for Pd | source recipes/Pd/ccECP/Pd.aug-cc-pCVDZ.gamess | ccECP from Guangming Wang et al. Journal of Chemical Physics (2022) https://doi.org/10.1063/5.0087300

  4
    0    1    2    3
    6    6    5    3
   15   15   15    3

   226.982057   107.971612    51.360311    24.431251    11.621542
     5.528176     2.629662     2.295600     1.250887     0.595026
     0.283044     0.134639     0.064046     0.030465     0.012168

    -0.000123     0.000117    -0.000063   0.00000000   0.00000000   0.00000000
     0.000586    -0.000580     0.000309   0.00000000   0.00000000   0.00000000
    -0.001037     0.001695    -0.000590   0.00000000   0.00000000   0.00000000
    -0.013924    -0.002148    -0.007717   0.00000000   0.00000000   0.00000000
     0.200098    -0.019262     0.119010   0.00000000   0.00000000   0.00000000
    -0.676779     0.084919    -0.425622   0.00000000   0.00000000   0.00000000
     0.045446     0.022876    -0.051799   0.00000000   0.00000000   0.00000000
   0.00000000   0.00000000   0.00000000   0.00000000   0.00000000     1.000000
     0.857855    -0.244520     1.109581   0.00000000   0.00000000   0.00000000
     0.366386     0.091710     0.219221   0.00000000   0.00000000   0.00000000
     0.052708    -0.417493    -0.869582   0.00000000   0.00000000   0.00000000
    -0.007355     0.856225    -0.507150   0.00000000   0.00000000   0.00000000
     0.004478    -1.233857    -0.060316   0.00000000   0.00000000   0.00000000
    -0.001187     1.683095     0.000652     1.000000   0.00000000   0.00000000
   0.00000000   0.00000000   0.00000000   0.00000000     1.000000   0.00000000

    49.528556    26.116743    13.771535     7.261824     3.829209
     2.390000     2.019168     1.064721     0.561434     0.296048
     0.156108     0.082317     0.043406     0.022888     0.009155

    -0.000125     0.000176    -0.000014   0.00000000   0.00000000   0.00000000
    -0.001273     0.000339     0.002075   0.00000000   0.00000000   0.00000000
     0.038171    -0.025564    -0.041847   0.00000000   0.00000000   0.00000000
    -0.174047     0.127568     0.173144   0.00000000   0.00000000   0.00000000
    -0.041692     0.040787     0.307947   0.00000000   0.00000000   0.00000000
   0.00000000   0.00000000   0.00000000   0.00000000   0.00000000     1.000000
     0.413749    -0.439452    -1.596670   0.00000000   0.00000000   0.00000000
     0.450821    -0.442802     0.190811   0.00000000   0.00000000   0.00000000
     0.251837     0.193319     1.623239   0.00000000   0.00000000   0.00000000
     0.051165     0.566241    -0.253493   0.00000000   0.00000000   0.00000000
     0.011161     0.374898    -0.637836   0.00000000   0.00000000   0.00000000
    -0.002018     0.092881    -0.260561   0.00000000   0.00000000   0.00000000
     0.001463     0.007271    -0.000879   0.00000000   0.00000000   0.00000000
    -0.000389     0.000254    -0.005207     1.000000   0.00000000   0.00000000
   0.00000000   0.00000000   0.00000000   0.00000000     1.000000   0.00000000

    24.858557    13.807567     7.669347     4.259902     2.469900
     2.366142     1.314262     0.730001     0.405475     0.225219
     0.125097     0.069485     0.038595     0.021437     0.008575

     0.002857    -0.004007   0.00000000   0.00000000   0.00000000
     0.008324    -0.009816   0.00000000   0.00000000   0.00000000
    -0.032165     0.040598   0.00000000   0.00000000   0.00000000
     0.041986    -0.059887   0.00000000   0.00000000   0.00000000
   0.00000000   0.00000000   0.00000000   0.00000000     1.000000
     0.187147    -0.292809   0.00000000   0.00000000   0.00000000
     0.274091    -0.381848   0.00000000   0.00000000   0.00000000
     0.274162    -0.112906   0.00000000   0.00000000   0.00000000
     0.223394     0.234947   0.00000000   0.00000000   0.00000000
     0.156376     0.363251   0.00000000   0.00000000   0.00000000
     0.088573     0.275550   0.00000000   0.00000000   0.00000000
     0.033732     0.128792   0.00000000   0.00000000   0.00000000
     0.005858     0.028454   0.00000000   0.00000000   0.00000000
     0.000243     0.001243     1.000000   0.00000000   0.00000000
   0.00000000   0.00000000   0.00000000     1.000000   0.00000000

     3.482100     1.148400     0.378800

     1.000000   0.00000000   0.00000000
   0.00000000     1.000000   0.00000000
   0.00000000   0.00000000     1.000000

Pd:aug-cc-pCVQZ-ccECP
ccECP aug-cc-pCVQZ for Pd | source recipes/Pd/ccECP/Pd.aug-cc-pCVQZ.gamess | ccECP from Guangming Wang et al. Journal of Chemical Physics (2022) https://doi.org/10.1063/5.0087300

  6
    0    1    2    3    4    5
    9    9    8    5    4    3
   16   16   16    5    4    3

   226.982057   107.971612    51.360311    24.431251    11.621542
     5.528176     2.629662     2.583400     1.617700     1.250887
     0.595026     0.283044     0.134639     0.064046     0.030465
     0.012186

    -0.000123     0.000117    -0.000063    -0.001908     0.008138   0.00000000
   0.00000000   0.00000000   0.00000000
     0.000586    -0.000580     0.000309     0.009521    -0.040699   0.00000000
   0.00000000   0.00000000   0.00000000
    -0.001037     0.001695    -0.000590    -0.029954     0.127068   0.00000000
   0.00000000   0.00000000   0.00000000
    -0.013924    -0.002148    -0.007717     0.094695    -0.363306   0.00000000
   0.00000000   0.00000000   0.00000000
     0.200098    -0.019262     0.119010    -0.416458     1.256213   0.00000000
   0.00000000   0.00000000   0.00000000
    -0.676779     0.084919    -0.425622     1.261804    -4.003174   0.00000000
   0.00000000   0.00000000   0.00000000
     0.045446     0.022876    -0.051799    -0.579822     6.713429   0.00000000
   0.00000000   0.00000000   0.00000000
   0.00000000   0.00000000   0.00000000   0.00000000   0.00000000   0.00000000
   0.00000000     1.000000   0.00000000
   0.00000000   0.00000000   0.00000000   0.00000000   0.00000000   0.00000000
   0.00000000   0.00000000     1.000000
     0.857855    -0.244520     1.109581    -3.177434    -3.944306   0.00000000
   0.00000000   0.00000000   0.00000000
     0.366386     0.091710     0.219221     4.036898    -2.327527   0.00000000
   0.00000000   0.00000000   0.00000000
     0.052708    -0.417493    -0.869582    -0.556360     5.490862   0.00000000
   0.00000000   0.00000000   0.00000000
    -0.007355     0.856225    -0.507150    -0.841919    -3.312612   0.00000000
   0.00000000   0.00000000   0.00000000
     0.004478    -1.233857    -0.060316    -0.212786     0.567986   0.00000000
   0.00000000   0.00000000   0.00000000
    -0.001187     1.683095     0.000652     0.021290    -0.216586     1.000000
   0.00000000   0.00000000   0.00000000
   0.00000000   0.00000000   0.00000000   0.00000000   0.00000000   0.00000000
     1.000000   0.00000000   0.00000000

    49.528556    26.116743    13.771535     7.261824     3.829209
     3.246000     2.019168     1.811800     1.064721     0.561434
     0.296048     0.156108     0.082317     0.043406     0.022888
     0.009155

    -0.000125     0.000176    -0.000014    -0.012211     0.053745   0.00000000
   0.00000000   0.00000000   0.00000000
    -0.001273     0.000339     0.002075     0.063332    -0.275923   0.00000000
   0.00000000   0.00000000   0.00000000
     0.038171    -0.025564    -0.041847    -0.251945     0.979303   0.00000000
   0.00000000   0.00000000   0.00000000
    -0.174047     0.127568     0.173144     0.769673    -2.971680   0.00000000
   0.00000000   0.00000000   0.00000000
    -0.041692     0.040787     0.307947    -0.397351     5.445539   0.00000000
   0.00000000   0.00000000   0.00000000
   0.00000000   0.00000000   0.00000000   0.00000000   0.00000000   0.00000000
   0.00000000     1.000000   0.00000000
     0.413749    -0.439452    -1.596670    -3.018892    -3.694725   0.00000000
   0.00000000   0.00000000   0.00000000
   0.00000000   0.00000000   0.00000000   0.00000000   0.00000000   0.00000000
   0.00000000   0.00000000     1.000000
     0.450821    -0.442802     0.190811     4.961124    -1.823365   0.00000000
   0.00000000   0.00000000   0.00000000
     0.251837     0.193319     1.623239    -2.316344     6.249021   0.00000000
   0.00000000   0.00000000   0.00000000
     0.051165     0.566241    -0.253493    -0.828485    -6.109773   0.00000000
   0.00000000   0.00000000   0.00000000
     0.011161     0.374898    -0.637836     0.593295     2.758959   0.00000000
   0.00000000   0.00000000   0.00000000
    -0.002018     0.092881    -0.260561     0.473889    -0.636491   0.00000000
   0.00000000   0.00000000   0.00000000
     0.001463     0.007271    -0.000879    -0.016521     0.587537   0.00000000
   0.00000000   0.00000000   0.00000000
    -0.000389     0.000254    -0.005207     0.013812    -0.143796     1.000000
   0.00000000   0.00000000   0.00000000
   0.00000000   0.00000000   0.00000000   0.00000000   0.00000000   0.00000000
     1.000000   0.00000000   0.00000000

    24.858557    13.807567     7.669347     4.408100     4.259902
     2.366142     1.702600     1.314262     0.730001     0.405475
     0.225219     0.125097     0.069485     0.038595     0.021437
     0.008575

     0.002857    -0.004007    -0.006065    -0.005701   0.00000000   0.00000000
   0.00000000   0.00000000
     0.008324    -0.009816    -0.014128    -0.041076   0.00000000   0.00000000
   0.00000000   0.00000000
    -0.032165     0.040598     0.063530     0.177748   0.00000000   0.00000000
   0.00000000   0.00000000
   0.00000000   0.00000000   0.00000000   0.00000000   0.00000000   0.00000000
     1.000000   0.00000000
     0.041986    -0.059887    -0.089104    -0.401551   0.00000000   0.00000000
   0.00000000   0.00000000
     0.187147    -0.292809    -0.687019    -1.233635   0.00000000   0.00000000
   0.00000000   0.00000000
   0.00000000   0.00000000   0.00000000   0.00000000   0.00000000   0.00000000
   0.00000000     1.000000
     0.274091    -0.381848    -0.222398     1.629425   0.00000000   0.00000000
   0.00000000   0.00000000
     0.274162    -0.112906     0.792038     0.479913   0.00000000   0.00000000
   0.00000000   0.00000000
     0.223394     0.234947     0.461827    -1.170492   0.00000000   0.00000000
   0.00000000   0.00000000
     0.156376     0.363251    -0.210862    -0.247151   0.00000000   0.00000000
   0.00000000   0.00000000
     0.088573     0.275550    -0.397527     0.369970   0.00000000   0.00000000
   0.00000000   0.00000000
     0.033732     0.128792    -0.220040     0.335028   0.00000000   0.00000000
   0.00000000   0.00000000
     0.005858     0.028454    -0.055864     0.079693   0.00000000   0.00000000
   0.00000000   0.00000000
     0.000243     0.001243    -0.001842     0.005779     1.000000   0.00000000
   0.00000000   0.00000000
   0.00000000   0.00000000   0.00000000   0.00000000   0.00000000     1.000000
   0.00000000   0.00000000

     6.158300     2.672000     1.159300     0.422600     0.154000

     1.000000   0.00000000   0.00000000   0.00000000   0.00000000
   0.00000000     1.000000   0.00000000   0.00000000   0.00000000
   0.00000000   0.00000000     1.000000   0.00000000   0.00000000
   0.00000000   0.00000000   0.00000000     1.000000   0.00000000
   0.00000000   0.00000000   0.00000000   0.00000000     1.000000

     3.535400     1.809000     0.780100     0.336400

     1.000000   0.00000000   0.00000000   0.00000000
   0.00000000     1.000000   0.00000000   0.00000000
   0.00000000   0.00000000     1.000000   0.00000000
   0.00000000   0.00000000   0.00000000     1.000000

     3.360800     1.530700     0.697100

     1.000000   0.00000000   0.00000000
   0.00000000     1.000000   0.00000000
   0.00000000   0.00000000     1.000000

Pd:aug-cc-pCVTZ-ccECP
ccECP aug-cc-pCVTZ for Pd | source recipes/Pd/ccECP/Pd.aug-cc-pCVTZ.gamess | ccECP from Guangming Wang et al. Journal of Chemical Physics (2022) https://doi.org/10.1063/5.0087300

  5
    0    1    2    3    4
    8    8    7    4    3
   16   16   16    4    3

   226.982057   107.971612    51.360311    24.431251    11.621542
     5.528176     2.629662     2.082000     1.305400     1.250887
     0.595026     0.283044     0.134639     0.064046     0.030465
     0.012168

    -0.000123     0.000117    -0.000063    -0.001908   0.00000000   0.00000000
   0.00000000   0.00000000
     0.000586    -0.000580     0.000309     0.009521   0.00000000   0.00000000
   0.00000000   0.00000000
    -0.001037     0.001695    -0.000590    -0.029954   0.00000000   0.00000000
   0.00000000   0.00000000
    -0.013924    -0.002148    -0.007717     0.094695   0.00000000   0.00000000
   0.00000000   0.00000000
     0.200098    -0.019262     0.119010    -0.416458   0.00000000   0.00000000
   0.00000000   0.00000000
    -0.676779     0.084919    -0.425622     1.261804   0.00000000   0.00000000
   0.00000000   0.00000000
     0.045446     0.022876    -0.051799    -0.579822   0.00000000   0.00000000
   0.00000000   0.00000000
   0.00000000   0.00000000   0.00000000   0.00000000   0.00000000   0.00000000
     1.000000   0.00000000
   0.00000000   0.00000000   0.00000000   0.00000000   0.00000000   0.00000000
   0.00000000     1.000000
     0.857855    -0.244520     1.109581    -3.177434   0.00000000   0.00000000
   0.00000000   0.00000000
     0.366386     0.091710     0.219221     4.036898   0.00000000   0.00000000
   0.00000000   0.00000000
     0.052708    -0.417493    -0.869582    -0.556360   0.00000000   0.00000000
   0.00000000   0.00000000
    -0.007355     0.856225    -0.507150    -0.841919   0.00000000   0.00000000
   0.00000000   0.00000000
     0.004478    -1.233857    -0.060316    -0.212786   0.00000000   0.00000000
   0.00000000   0.00000000
    -0.001187     1.683095     0.000652     0.021290     1.000000   0.00000000
   0.00000000   0.00000000
   0.00000000   0.00000000   0.00000000   0.00000000   0.00000000     1.000000
   0.00000000   0.00000000

    49.528556    26.116743    13.771535     7.261824     3.829209
     3.451500     2.019168     1.118600     1.064721     0.561434
     0.296048     0.156108     0.082317     0.043406     0.022888
     0.009155

    -0.000125     0.000176    -0.000014    -0.012211   0.00000000   0.00000000
   0.00000000   0.00000000
    -0.001273     0.000339     0.002075     0.063332   0.00000000   0.00000000
   0.00000000   0.00000000
     0.038171    -0.025564    -0.041847    -0.251945   0.00000000   0.00000000
   0.00000000   0.00000000
    -0.174047     0.127568     0.173144     0.769673   0.00000000   0.00000000
   0.00000000   0.00000000
    -0.041692     0.040787     0.307947    -0.397351   0.00000000   0.00000000
   0.00000000   0.00000000
   0.00000000   0.00000000   0.00000000   0.00000000   0.00000000   0.00000000
     1.000000   0.00000000
     0.413749    -0.439452    -1.596670    -3.018892   0.00000000   0.00000000
   0.00000000   0.00000000
   0.00000000   0.00000000   0.00000000   0.00000000   0.00000000   0.00000000
   0.00000000     1.000000
     0.450821    -0.442802     0.190811     4.961124   0.00000000   0.00000000
   0.00000000   0.00000000
     0.251837     0.193319     1.623239    -2.316344   0.00000000   0.00000000
   0.00000000   0.00000000
     0.051165     0.566241    -0.253493    -0.828485   0.00000000   0.00000000
   0.00000000   0.00000000
     0.011161     0.374898    -0.637836     0.593295   0.00000000   0.00000000
   0.00000000   0.00000000
    -0.002018     0.092881    -0.260561     0.473889   0.00000000   0.00000000
   0.00000000   0.00000000
     0.001463     0.007271    -0.000879    -0.016521   0.00000000   0.00000000
   0.00000000   0.00000000
    -0.000389     0.000254    -0.005207     0.013812     1.000000   0.00000000
   0.00000000   0.00000000
   0.00000000   0.00000000   0.00000000   0.00000000   0.00000000     1.000000
   0.00000000   0.00000000

    24.858557    13.807567     7.669347     4.259902     3.762400
     2.366142     1.314262     1.246600     0.730001     0.405475
     0.225219     0.125097     0.069485     0.038595     0.021437
     0.008575

     0.002857    -0.004007    -0.006065   0.00000000   0.00000000   0.00000000
   0.00000000
     0.008324    -0.009816    -0.014128   0.00000000   0.00000000   0.00000000
   0.00000000
    -0.032165     0.040598     0.063530   0.00000000   0.00000000   0.00000000
   0.00000000
     0.041986    -0.059887    -0.089104   0.00000000   0.00000000   0.00000000
   0.00000000
   0.00000000   0.00000000   0.00000000   0.00000000   0.00000000     1.000000
   0.00000000
     0.187147    -0.292809    -0.687019   0.00000000   0.00000000   0.00000000
   0.00000000
     0.274091    -0.381848    -0.222398   0.00000000   0.00000000   0.00000000
   0.00000000
   0.00000000   0.00000000   0.00000000   0.00000000   0.00000000   0.00000000
     1.000000
     0.274162    -0.112906     0.792038   0.00000000   0.00000000   0.00000000
   0.00000000
     0.223394     0.234947     0.461827   0.00000000   0.00000000   0.00000000
   0.00000000
     0.156376     0.363251    -0.210862   0.00000000   0.00000000   0.00000000
   0.00000000
     0.088573     0.275550    -0.397527   0.00000000   0.00000000   0.00000000
   0.00000000
     0.033732     0.128792    -0.220040   0.00000000   0.00000000   0.00000000
   0.00000000
     0.005858     0.028454    -0.055864   0.00000000   0.00000000   0.00000000
   0.00000000
     0.000243     0.001243    -0.001842     1.000000   0.00000000   0.00000000
   0.00000000
   0.00000000   0.00000000   0.00000000   0.00000000     1.000000   0.00000000
   0.00000000

     4.335900     1.667800     0.638400     0.244400

     1.000000   0.00000000   0.00000000   0.00000000
   0.00000000     1.000000   0.00000000   0.00000000
   0.00000000   0.00000000     1.000000   0.00000000
   0.00000000   0.00000000   0.00000000     1.000000

     3.148900     1.372100     0.597900

     1.000000   0.00000000   0.00000000
   0.00000000     1.000000   0.00000000
   0.00000000   0.00000000     1.000000

Pd:aug-cc-pV5Z-ccECP
ccECP aug-cc-pV5Z for Pd | source recipes/Pd/ccECP/Pd.aug-cc-pV5Z.gamess | ccECP from Guangming Wang et al. Journal of Chemical Physics (2022) https://doi.org/10.1063/5.0087300

  7
    0    1    2    3    4    5    6
    8    8    7    5    4    3    2
   14   14   14    5    4    3    2

   226.982057   107.971612    51.360311    24.431251    11.621542
     5.528176     2.629662     1.250887     0.595026     0.283044
     0.134639     0.064046     0.030465     0.012186

    -0.000123     0.000117    -0.000063    -0.001908     0.008138    -0.006408
   0.00000000   0.00000000
     0.000586    -0.000580     0.000309     0.009521    -0.040699     0.030543
   0.00000000   0.00000000
    -0.001037     0.001695    -0.000590    -0.029954     0.127068    -0.083318
   0.00000000   0.00000000
    -0.013924    -0.002148    -0.007717     0.094695    -0.363306     0.128083
   0.00000000   0.00000000
     0.200098    -0.019262     0.119010    -0.416458     1.256213     0.431534
   0.00000000   0.00000000
    -0.676779     0.084919    -0.425622     1.261804    -4.003174    -3.890922
   0.00000000   0.00000000
     0.045446     0.022876    -0.051799    -0.579822     6.713429    10.775558
   0.00000000   0.00000000
     0.857855    -0.244520     1.109581    -3.177434    -3.944306   -15.904368
   0.00000000   0.00000000
     0.366386     0.091710     0.219221     4.036898    -2.327527    16.120226
   0.00000000   0.00000000
     0.052708    -0.417493    -0.869582    -0.556360     5.490862   -11.481036
   0.00000000   0.00000000
    -0.007355     0.856225    -0.507150    -0.841919    -3.312612     4.946792
   0.00000000   0.00000000
     0.004478    -1.233857    -0.060316    -0.212786     0.567986    -1.087426
   0.00000000   0.00000000
    -0.001187     1.683095     0.000652     0.021290    -0.216586     0.383398
     1.000000   0.00000000
   0.00000000   0.00000000   0.00000000   0.00000000   0.00000000   0.00000000
   0.00000000     1.000000

    49.528556    26.116743    13.771535     7.261824     3.829209
     2.019168     1.064721     0.561434     0.296048     0.156108
     0.082317     0.043406     0.022888     0.009155

    -0.000125     0.000176    -0.000014    -0.012211     0.053745     0.013946
   0.00000000   0.00000000
    -0.001273     0.000339     0.002075     0.063332    -0.275923    -0.107103
   0.00000000   0.00000000
     0.038171    -0.025564    -0.041847    -0.251945     0.979303     0.674199
   0.00000000   0.00000000
    -0.174047     0.127568     0.173144     0.769673    -2.971680    -3.367958
   0.00000000   0.00000000
    -0.041692     0.040787     0.307947    -0.397351     5.445539     9.445907
   0.00000000   0.00000000
     0.413749    -0.439452    -1.596670    -3.018892    -3.694725   -14.679703
   0.00000000   0.00000000
     0.450821    -0.442802     0.190811     4.961124    -1.823365    16.045809
   0.00000000   0.00000000
     0.251837     0.193319     1.623239    -2.316344     6.249021   -13.311169
   0.00000000   0.00000000
     0.051165     0.566241    -0.253493    -0.828485    -6.109773     7.912246
   0.00000000   0.00000000
     0.011161     0.374898    -0.637836     0.593295     2.758959    -2.889133
   0.00000000   0.00000000
    -0.002018     0.092881    -0.260561     0.473889    -0.636491     0.886992
   0.00000000   0.00000000
     0.001463     0.007271    -0.000879    -0.016521     0.587537    -0.753228
   0.00000000   0.00000000
    -0.000389     0.000254    -0.005207     0.013812    -0.143796     0.180939
     1.000000   0.00000000
   0.00000000   0.00000000   0.00000000   0.00000000   0.00000000   0.00000000
   0.00000000     1.000000

    24.858557    13.807567     7.669347     4.259902     2.366142
     1.314262     0.730001     0.405475     0.225219     0.125097
     0.069485     0.038595     0.021437     0.008575

     0.002857    -0.004007    -0.006065    -0.005701     0.017568   0.00000000
   0.00000000
     0.008324    -0.009816    -0.014128    -0.041076    -0.179203   0.00000000
   0.00000000
    -0.032165     0.040598     0.063530     0.177748     0.694796   0.00000000
   0.00000000
     0.041986    -0.059887    -0.089104    -0.401551    -1.928215   0.00000000
   0.00000000
     0.187147    -0.292809    -0.687019    -1.233635     0.470721   0.00000000
   0.00000000
     0.274091    -0.381848    -0.222398     1.629425     2.871676   0.00000000
   0.00000000
     0.274162    -0.112906     0.792038     0.479913    -3.760750   0.00000000
   0.00000000
     0.223394     0.234947     0.461827    -1.170492     1.413014   0.00000000
   0.00000000
     0.156376     0.363251    -0.210862    -0.247151     0.535876   0.00000000
   0.00000000
     0.088573     0.275550    -0.397527     0.369970     0.020298   0.00000000
   0.00000000
     0.033732     0.128792    -0.220040     0.335028    -0.574257   0.00000000
   0.00000000
     0.005858     0.028454    -0.055864     0.079693    -0.056655   0.00000000
   0.00000000
     0.000243     0.001243    -0.001842     0.005779    -0.026612     1.000000
   0.00000000
   0.00000000   0.00000000   0.00000000   0.00000000   0.00000000   0.00000000
     1.000000

     6.058200     2.292900     0.867800     0.328400     0.124400

     1.000000   0.00000000   0.00000000   0.00000000   0.00000000
   0.00000000     1.000000   0.00000000   0.00000000   0.00000000
   0.00000000   0.00000000     1.000000   0.00000000   0.00000000
   0.00000000   0.00000000   0.00000000     1.000000   0.00000000
   0.00000000   0.00000000   0.00000000   0.00000000     1.000000

     3.053600     1.284500     0.540300     0.222900

     1.000000   0.00000000   0.00000000   0.00000000
   0.00000000     1.000000   0.00000000   0.00000000
   0.00000000   0.00000000     1.000000   0.00000000
   0.00000000   0.00000000   0.00000000     1.000000

     2.520200     0.949800     0.410100

     1.000000   0.00000000   0.00000000
   0.00000000     1.000000   0.00000000
   0.00000000   0.00000000     1.000000

     2.005100     1.031100

     1.000000   0.00000000
   0.00000000     1.000000

Pd:aug-cc-pVDZ-ccECP
ccECP aug-cc-pVDZ for Pd | source recipes/Pd/ccECP/Pd.aug-cc-pVDZ.gamess | ccECP from Guangming Wang et al. Journal of Chemical Physics (2022) https://doi.org/10.1063/5.0087300

  4
    0    1    2    3
    5    5    4    2
   14   14   14    2

   226.982057   107.971612    51.360311    24.431251    11.621542
     5.528176     2.629662     1.250887     0.595026     0.283044
     0.134639     0.064046     0.030465     0.012186

    -0.000123     0.000117    -0.000063   0.00000000   0.00000000
     0.000586    -0.000580     0.000309   0.00000000   0.00000000
    -0.001037     0.001695    -0.000590   0.00000000   0.00000000
    -0.013924    -0.002148    -0.007717   0.00000000   0.00000000
     0.200098    -0.019262     0.119010   0.00000000   0.00000000
    -0.676779     0.084919    -0.425622   0.00000000   0.00000000
     0.045446     0.022876    -0.051799   0.00000000   0.00000000
     0.857855    -0.244520     1.109581   0.00000000   0.00000000
     0.366386     0.091710     0.219221   0.00000000   0.00000000
     0.052708    -0.417493    -0.869582   0.00000000   0.00000000
    -0.007355     0.856225    -0.507150   0.00000000   0.00000000
     0.004478    -1.233857    -0.060316   0.00000000   0.00000000
    -0.001187     1.683095     0.000652     1.000000   0.00000000
   0.00000000   0.00000000   0.00000000   0.00000000     1.000000

    49.528556    26.116743    13.771535     7.261824     3.829209
     2.019168     1.064721     0.561434     0.296048     0.156108
     0.082317     0.043406     0.022888     0.009155

    -0.000125     0.000176    -0.000014   0.00000000   0.00000000
    -0.001273     0.000339     0.002075   0.00000000   0.00000000
     0.038171    -0.025564    -0.041847   0.00000000   0.00000000
    -0.174047     0.127568     0.173144   0.00000000   0.00000000
    -0.041692     0.040787     0.307947   0.00000000   0.00000000
     0.413749    -0.439452    -1.596670   0.00000000   0.00000000
     0.450821    -0.442802     0.190811   0.00000000   0.00000000
     0.251837     0.193319     1.623239   0.00000000   0.00000000
     0.051165     0.566241    -0.253493   0.00000000   0.00000000
     0.011161     0.374898    -0.637836   0.00000000   0.00000000
    -0.002018     0.092881    -0.260561   0.00000000   0.00000000
     0.001463     0.007271    -0.000879   0.00000000   0.00000000
    -0.000389     0.000254    -0.005207     1.000000   0.00000000
   0.00000000   0.00000000   0.00000000   0.00000000     1.000000

    24.858557    13.807567     7.669347     4.259902     2.366142
     1.314262     0.730001     0.405475     0.225219     0.125097
     0.069485     0.038595     0.021437     0.008575

     0.002857    -0.004007   0.00000000   0.00000000
     0.008324    -0.009816   0.00000000   0.00000000
    -0.032165     0.040598   0.00000000   0.00000000
     0.041986    -0.059887   0.00000000   0.00000000
     0.187147    -0.292809   0.00000000   0.00000000
     0.274091    -0.381848   0.00000000   0.00000000
     0.274162    -0.112906   0.00000000   0.00000000
     0.223394     0.234947   0.00000000   0.00000000
     0.156376     0.363251   0.00000000   0.00000000
     0.088573     0.275550   0.00000000   0.00000000
     0.033732     0.128792   0.00000000   0.00000000
     0.005858     0.028454   0.00000000   0.00000000
     0.000243     0.001243     1.000000   0.00000000
   0.00000000   0.00000000   0.00000000     1.000000

     1.148400     0.378800

     1.000000   0.00000000
   0.00000000     1.000000

Pd:aug-cc-pVQZ-ccECP
ccECP aug-cc-pVQZ for Pd | source recipes/Pd/ccECP/Pd.aug-cc-pVQZ.gamess | ccECP from Guangming Wang et al. Journal of Chemical Physics (2022) https://doi.org/10.1063/5.0087300

  6
    0    1    2    3    4    5
    7    7    6    8    6    4
   14   14   14    8    6    4

   226.982057   107.971612    51.360311    24.431251    11.621542
     5.528176     2.629662     1.250887     0.595026     0.283044
     0.134639     0.064046     0.030465     0.012186

    -0.000123     0.000117    -0.000063    -0.001908     0.008138   0.00000000
   0.00000000
     0.000586    -0.000580     0.000309     0.009521    -0.040699   0.00000000
   0.00000000
    -0.001037     0.001695    -0.000590    -0.029954     0.127068   0.00000000
   0.00000000
    -0.013924    -0.002148    -0.007717     0.094695    -0.363306   0.00000000
   0.00000000
     0.200098    -0.019262     0.119010    -0.416458     1.256213   0.00000000
   0.00000000
    -0.676779     0.084919    -0.425622     1.261804    -4.003174   0.00000000
   0.00000000
     0.045446     0.022876    -0.051799    -0.579822     6.713429   0.00000000
   0.00000000
     0.857855    -0.244520     1.109581    -3.177434    -3.944306   0.00000000
   0.00000000
     0.366386     0.091710     0.219221     4.036898    -2.327527   0.00000000
   0.00000000
     0.052708    -0.417493    -0.869582    -0.556360     5.490862   0.00000000
   0.00000000
    -0.007355     0.856225    -0.507150    -0.841919    -3.312612   0.00000000
   0.00000000
     0.004478    -1.233857    -0.060316    -0.212786     0.567986   0.00000000
   0.00000000
    -0.001187     1.683095     0.000652     0.021290    -0.216586     1.000000
   0.00000000
   0.00000000   0.00000000   0.00000000   0.00000000   0.00000000   0.00000000
     1.000000

    49.528556    26.116743    13.771535     7.261824     3.829209
     2.019168     1.064721     0.561434     0.296048     0.156108
     0.082317     0.043406     0.022888     0.009155

    -0.000125     0.000176    -0.000014    -0.012211     0.053745   0.00000000
   0.00000000
    -0.001273     0.000339     0.002075     0.063332    -0.275923   0.00000000
   0.00000000
     0.038171    -0.025564    -0.041847    -0.251945     0.979303   0.00000000
   0.00000000
    -0.174047     0.127568     0.173144     0.769673    -2.971680   0.00000000
   0.00000000
    -0.041692     0.040787     0.307947    -0.397351     5.445539   0.00000000
   0.00000000
     0.413749    -0.439452    -1.596670    -3.018892    -3.694725   0.00000000
   0.00000000
     0.450821    -0.442802     0.190811     4.961124    -1.823365   0.00000000
   0.00000000
     0.251837     0.193319     1.623239    -2.316344     6.249021   0.00000000
   0.00000000
     0.051165     0.566241    -0.253493    -0.828485    -6.109773   0.00000000
   0.00000000
     0.011161     0.374898    -0.637836     0.593295     2.758959   0.00000000
   0.00000000
    -0.002018     0.092881    -0.260561     0.473889    -0.636491   0.00000000
   0.00000000
     0.001463     0.007271    -0.000879    -0.016521     0.587537   0.00000000
   0.00000000
    -0.000389     0.000254    -0.005207     0.013812    -0.143796     1.000000
   0.00000000
   0.00000000   0.00000000   0.00000000   0.00000000   0.00000000   0.00000000
     1.000000

    24.858557    13.807567     7.669347     4.259902     2.366142
     1.314262     0.730001     0.405475     0.225219     0.125097
     0.069485     0.038595     0.021437     0.008575

     0.002857    -0.004007    -0.006065    -0.005701   0.00000000   0.00000000
     0.008324    -0.009816    -0.014128    -0.041076   0.00000000   0.00000000
    -0.032165     0.040598     0.063530     0.177748   0.00000000   0.00000000
     0.041986    -0.059887    -0.089104    -0.401551   0.00000000   0.00000000
     0.187147    -0.292809    -0.687019    -1.233635   0.00000000   0.00000000
     0.274091    -0.381848    -0.222398     1.629425   0.00000000   0.00000000
     0.274162    -0.112906     0.792038     0.479913   0.00000000   0.00000000
     0.223394     0.234947     0.461827    -1.170492   0.00000000   0.00000000
     0.156376     0.363251    -0.210862    -0.247151   0.00000000   0.00000000
     0.088573     0.275550    -0.397527     0.369970   0.00000000   0.00000000
     0.033732     0.128792    -0.220040     0.335028   0.00000000   0.00000000
     0.005858     0.028454    -0.055864     0.079693   0.00000000   0.00000000
     0.000243     0.001243    -0.001842     0.005779     1.000000   0.00000000
   0.00000000   0.00000000   0.00000000   0.00000000   0.00000000     1.000000

     4.184954     3.719600     1.438597     1.253700     0.494524
     0.422600     0.197810     0.154000

     1.000000   0.00000000   0.00000000   0.00000000   0.00000000   0.00000000
   0.00000000   0.00000000
   0.00000000   0.00000000   0.00000000   0.00000000     1.000000   0.00000000
   0.00000000   0.00000000
   0.00000000     1.000000   0.00000000   0.00000000   0.00000000   0.00000000
   0.00000000   0.00000000
   0.00000000   0.00000000   0.00000000   0.00000000   0.00000000     1.000000
   0.00000000   0.00000000
   0.00000000   0.00000000     1.000000   0.00000000   0.00000000   0.00000000
   0.00000000   0.00000000
   0.00000000   0.00000000   0.00000000   0.00000000   0.00000000   0.00000000
     1.000000   0.00000000
   0.00000000   0.00000000   0.00000000     1.000000   0.00000000   0.00000000
   0.00000000   0.00000000
   0.00000000   0.00000000   0.00000000   0.00000000   0.00000000   0.00000000
   0.00000000     1.000000

     2.752407     2.223000     1.007272     0.780100     0.402909
     0.336400

     1.000000   0.00000000   0.00000000   0.00000000   0.00000000   0.00000000
   0.00000000   0.00000000   0.00000000     1.000000   0.00000000   0.00000000
   0.00000000     1.000000   0.00000000   0.00000000   0.00000000   0.00000000
   0.00000000   0.00000000   0.00000000   0.00000000     1.000000   0.00000000
   0.00000000   0.00000000     1.000000   0.00000000   0.00000000   0.00000000
   0.00000000   0.00000000   0.00000000   0.00000000   0.00000000     1.000000

     2.219273     1.530700     0.887709     0.697100

     1.000000   0.00000000   0.00000000   0.00000000
   0.00000000   0.00000000     1.000000   0.00000000
   0.00000000     1.000000   0.00000000   0.00000000
   0.00000000   0.00000000   0.00000000     1.000000

Pd:aug-cc-pVTZ-ccECP
ccECP aug-cc-pVTZ for Pd | source recipes/Pd/ccECP/Pd.aug-cc-pVTZ.gamess | ccECP from Guangming Wang et al. Journal of Chemical Physics (2022) https://doi.org/10.1063/5.0087300

  5
    0    1    2    3    4
    6    6    5    3    2
   14   14   14    3    2

   226.982057   107.971612    51.360311    24.431251    11.621542
     5.528176     2.629662     1.250887     0.595026     0.283044
     0.134639     0.064046     0.030465     0.012186

    -0.000123     0.000117    -0.000063    -0.001908   0.00000000   0.00000000
     0.000586    -0.000580     0.000309     0.009521   0.00000000   0.00000000
    -0.001037     0.001695    -0.000590    -0.029954   0.00000000   0.00000000
    -0.013924    -0.002148    -0.007717     0.094695   0.00000000   0.00000000
     0.200098    -0.019262     0.119010    -0.416458   0.00000000   0.00000000
    -0.676779     0.084919    -0.425622     1.261804   0.00000000   0.00000000
     0.045446     0.022876    -0.051799    -0.579822   0.00000000   0.00000000
     0.857855    -0.244520     1.109581    -3.177434   0.00000000   0.00000000
     0.366386     0.091710     0.219221     4.036898   0.00000000   0.00000000
     0.052708    -0.417493    -0.869582    -0.556360   0.00000000   0.00000000
    -0.007355     0.856225    -0.507150    -0.841919   0.00000000   0.00000000
     0.004478    -1.233857    -0.060316    -0.212786   0.00000000   0.00000000
    -0.001187     1.683095     0.000652     0.021290     1.000000   0.00000000
   0.00000000   0.00000000   0.00000000   0.00000000   0.00000000     1.000000

    49.528556    26.116743    13.771535     7.261824     3.829209
     2.019168     1.064721     0.561434     0.296048     0.156108
     0.082317     0.043406     0.022888     0.009155

    -0.000125     0.000176    -0.000014    -0.012211   0.00000000   0.00000000
    -0.001273     0.000339     0.002075     0.063332   0.00000000   0.00000000
     0.038171    -0.025564    -0.041847    -0.251945   0.00000000   0.00000000
    -0.174047     0.127568     0.173144     0.769673   0.00000000   0.00000000
    -0.041692     0.040787     0.307947    -0.397351   0.00000000   0.00000000
     0.413749    -0.439452    -1.596670    -3.018892   0.00000000   0.00000000
     0.450821    -0.442802     0.190811     4.961124   0.00000000   0.00000000
     0.251837     0.193319     1.623239    -2.316344   0.00000000   0.00000000
     0.051165     0.566241    -0.253493    -0.828485   0.00000000   0.00000000
     0.011161     0.374898    -0.637836     0.593295   0.00000000   0.00000000
    -0.002018     0.092881    -0.260561     0.473889   0.00000000   0.00000000
     0.001463     0.007271    -0.000879    -0.016521   0.00000000   0.00000000
    -0.000389     0.000254    -0.005207     0.013812     1.000000   0.00000000
   0.00000000   0.00000000   0.00000000   0.00000000   0.00000000     1.000000

    24.858557    13.807567     7.669347     4.259902     2.366142
     1.314262     0.730001     0.405475     0.225219     0.125097
     0.069485     0.038595     0.021437     0.008575

     0.002857    -0.004007    -0.006065   0.00000000   0.00000000
     0.008324    -0.009816    -0.014128   0.00000000   0.00000000
    -0.032165     0.040598     0.063530   0.00000000   0.00000000
     0.041986    -0.059887    -0.089104   0.00000000   0.00000000
     0.187147    -0.292809    -0.687019   0.00000000   0.00000000
     0.274091    -0.381848    -0.222398   0.00000000   0.00000000
     0.274162    -0.112906     0.792038   0.00000000   0.00000000
     0.223394     0.234947     0.461827   0.00000000   0.00000000
     0.156376     0.363251    -0.210862   0.00000000   0.00000000
     0.088573     0.275550    -0.397527   0.00000000   0.00000000
     0.033732     0.128792    -0.220040   0.00000000   0.00000000
     0.005858     0.028454    -0.055864   0.00000000   0.00000000
     0.000243     0.001243    -0.001842     1.000000   0.00000000
   0.00000000   0.00000000   0.00000000   0.00000000     1.000000

     2.232900     0.638400     0.244400

     1.000000   0.00000000   0.00000000
   0.00000000     1.000000   0.00000000
   0.00000000   0.00000000     1.000000

     1.372100     0.597900

     1.000000   0.00000000
   0.00000000     1.000000

Pd:cc-pCV5Z-ccECP
ccECP cc-pCV5Z for Pd | source recipes/Pd/ccECP/Pd.cc-pCV5Z.gamess | ccECP from Guangming Wang et al. Journal of Chemical Physics (2022) https://doi.org/10.1063/5.0087300

  7
    0    1    2    3    4    5    6
    9    9    8    5    4    3    2
   15   15   15    5    4    3    2

   226.982057   107.971612    51.360311    24.431251    11.621542
     5.528176     2.629662     1.650400     1.250887     1.032300
     0.595026     0.283044     0.134639     0.064046     0.030465

    -0.000123     0.000117    -0.000063    -0.001908     0.008138    -0.006408
   0.00000000   0.00000000   0.00000000
     0.000586    -0.000580     0.000309     0.009521    -0.040699     0.030543
   0.00000000   0.00000000   0.00000000
    -0.001037     0.001695    -0.000590    -0.029954     0.127068    -0.083318
   0.00000000   0.00000000   0.00000000
    -0.013924    -0.002148    -0.007717     0.094695    -0.363306     0.128083
   0.00000000   0.00000000   0.00000000
     0.200098    -0.019262     0.119010    -0.416458     1.256213     0.431534
   0.00000000   0.00000000   0.00000000
    -0.676779     0.084919    -0.425622     1.261804    -4.003174    -3.890922
   0.00000000   0.00000000   0.00000000
     0.045446     0.022876    -0.051799    -0.579822     6.713429    10.775558
   0.00000000   0.00000000   0.00000000
   0.00000000   0.00000000   0.00000000   0.00000000   0.00000000   0.00000000
   0.00000000     1.000000   0.00000000
     0.857855    -0.244520     1.109581    -3.177434    -3.944306   -15.904368
   0.00000000   0.00000000   0.00000000
   0.00000000   0.00000000   0.00000000   0.00000000   0.00000000   0.00000000
   0.00000000   0.00000000     1.000000
     0.366386     0.091710     0.219221     4.036898    -2.327527    16.120226
   0.00000000   0.00000000   0.00000000
     0.052708    -0.417493    -0.869582    -0.556360     5.490862   -11.481036
   0.00000000   0.00000000   0.00000000
    -0.007355     0.856225    -0.507150    -0.841919    -3.312612     4.946792
   0.00000000   0.00000000   0.00000000
     0.004478    -1.233857    -0.060316    -0.212786     0.567986    -1.087426
   0.00000000   0.00000000   0.00000000
    -0.001187     1.683095     0.000652     0.021290    -0.216586     0.383398
     1.000000   0.00000000   0.00000000

    49.528556    26.116743    13.771535     7.261824     3.829209
     2.029100     2.019168     1.267900     1.064721     0.561434
     0.296048     0.156108     0.082317     0.043406     0.022888

    -0.000125     0.000176    -0.000014    -0.012211     0.053745     0.013946
   0.00000000   0.00000000   0.00000000
    -0.001273     0.000339     0.002075     0.063332    -0.275923    -0.107103
   0.00000000   0.00000000   0.00000000
     0.038171    -0.025564    -0.041847    -0.251945     0.979303     0.674199
   0.00000000   0.00000000   0.00000000
    -0.174047     0.127568     0.173144     0.769673    -2.971680    -3.367958
   0.00000000   0.00000000   0.00000000
    -0.041692     0.040787     0.307947    -0.397351     5.445539     9.445907
   0.00000000   0.00000000   0.00000000
   0.00000000   0.00000000   0.00000000   0.00000000   0.00000000   0.00000000
   0.00000000     1.000000   0.00000000
     0.413749    -0.439452    -1.596670    -3.018892    -3.694725   -14.679703
   0.00000000   0.00000000   0.00000000
   0.00000000   0.00000000   0.00000000   0.00000000   0.00000000   0.00000000
   0.00000000   0.00000000     1.000000
     0.450821    -0.442802     0.190811     4.961124    -1.823365    16.045809
   0.00000000   0.00000000   0.00000000
     0.251837     0.193319     1.623239    -2.316344     6.249021   -13.311169
   0.00000000   0.00000000   0.00000000
     0.051165     0.566241    -0.253493    -0.828485    -6.109773     7.912246
   0.00000000   0.00000000   0.00000000
     0.011161     0.374898    -0.637836     0.593295     2.758959    -2.889133
   0.00000000   0.00000000   0.00000000
    -0.002018     0.092881    -0.260561     0.473889    -0.636491     0.886992
   0.00000000   0.00000000   0.00000000
     0.001463     0.007271    -0.000879    -0.016521     0.587537    -0.753228
   0.00000000   0.00000000   0.00000000
    -0.000389     0.000254    -0.005207     0.013812    -0.143796     0.180939
     1.000000   0.00000000   0.00000000

    24.858557    13.807567     7.669347     4.259902     2.366142
     1.624200     1.314262     0.821200     0.730001     0.405475
     0.225219     0.125097     0.069485     0.038595     0.021437

     0.002857    -0.004007    -0.006065    -0.005701     0.017568   0.00000000
   0.00000000   0.00000000
     0.008324    -0.009816    -0.014128    -0.041076    -0.179203   0.00000000
   0.00000000   0.00000000
    -0.032165     0.040598     0.063530     0.177748     0.694796   0.00000000
   0.00000000   0.00000000
     0.041986    -0.059887    -0.089104    -0.401551    -1.928215   0.00000000
   0.00000000   0.00000000
     0.187147    -0.292809    -0.687019    -1.233635     0.470721   0.00000000
   0.00000000   0.00000000
   0.00000000   0.00000000   0.00000000   0.00000000   0.00000000   0.00000000
     1.000000   0.00000000
     0.274091    -0.381848    -0.222398     1.629425     2.871676   0.00000000
   0.00000000   0.00000000
   0.00000000   0.00000000   0.00000000   0.00000000   0.00000000   0.00000000
   0.00000000     1.000000
     0.274162    -0.112906     0.792038     0.479913    -3.760750   0.00000000
   0.00000000   0.00000000
     0.223394     0.234947     0.461827    -1.170492     1.413014   0.00000000
   0.00000000   0.00000000
     0.156376     0.363251    -0.210862    -0.247151     0.535876   0.00000000
   0.00000000   0.00000000
     0.088573     0.275550    -0.397527     0.369970     0.020298   0.00000000
   0.00000000   0.00000000
     0.033732     0.128792    -0.220040     0.335028    -0.574257   0.00000000
   0.00000000   0.00000000
     0.005858     0.028454    -0.055864     0.079693    -0.056655   0.00000000
   0.00000000   0.00000000
     0.000243     0.001243    -0.001842     0.005779    -0.026612     1.000000
   0.00000000   0.00000000

     8.928300     4.103700     1.886100     0.866900     0.328400

     1.000000   0.00000000   0.00000000   0.00000000   0.00000000
   0.00000000     1.000000   0.00000000   0.00000000   0.00000000
   0.00000000   0.00000000     1.000000   0.00000000   0.00000000
   0.00000000   0.00000000   0.00000000     1.000000   0.00000000
   0.00000000   0.00000000   0.00000000   0.00000000     1.000000

     4.011400     2.292300     1.309900     0.540300

     1.000000   0.00000000   0.00000000   0.00000000
   0.00000000     1.000000   0.00000000   0.00000000
   0.00000000   0.00000000     1.000000   0.00000000
   0.00000000   0.00000000   0.00000000     1.000000

     3.962700     2.199500     0.949800

     1.000000   0.00000000   0.00000000
   0.00000000     1.000000   0.00000000
   0.00000000   0.00000000     1.000000

     3.899100     2.005100

     1.000000   0.00000000
   0.00000000     1.000000

Pd:cc-pCVDZ-ccECP
ccECP cc-pCVDZ for Pd | source recipes/Pd/ccECP/Pd.cc-pCVDZ.gamess | ccECP from Guangming Wang et al. Journal of Chemical Physics (2022) https://doi.org/10.1063/5.0087300

  4
    0    1    2    3
    5    5    4    2
   14   14   14    2

   226.982057   107.971612    51.360311    24.431251    11.621542
     5.528176     2.629662     2.295600     1.250887     0.595026
     0.283044     0.134639     0.064046     0.030465

    -0.000123     0.000117    -0.000063   0.00000000   0.00000000
     0.000586    -0.000580     0.000309   0.00000000   0.00000000
    -0.001037     0.001695    -0.000590   0.00000000   0.00000000
    -0.013924    -0.002148    -0.007717   0.00000000   0.00000000
     0.200098    -0.019262     0.119010   0.00000000   0.00000000
    -0.676779     0.084919    -0.425622   0.00000000   0.00000000
     0.045446     0.022876    -0.051799   0.00000000   0.00000000
   0.00000000   0.00000000   0.00000000   0.00000000     1.000000
     0.857855    -0.244520     1.109581   0.00000000   0.00000000
     0.366386     0.091710     0.219221   0.00000000   0.00000000
     0.052708    -0.417493    -0.869582   0.00000000   0.00000000
    -0.007355     0.856225    -0.507150   0.00000000   0.00000000
     0.004478    -1.233857    -0.060316   0.00000000   0.00000000
    -0.001187     1.683095     0.000652     1.000000   0.00000000

    49.528556    26.116743    13.771535     7.261824     3.829209
     2.390000     2.019168     1.064721     0.561434     0.296048
     0.156108     0.082317     0.043406     0.022888

    -0.000125     0.000176    -0.000014   0.00000000   0.00000000
    -0.001273     0.000339     0.002075   0.00000000   0.00000000
     0.038171    -0.025564    -0.041847   0.00000000   0.00000000
    -0.174047     0.127568     0.173144   0.00000000   0.00000000
    -0.041692     0.040787     0.307947   0.00000000   0.00000000
   0.00000000   0.00000000   0.00000000   0.00000000     1.000000
     0.413749    -0.439452    -1.596670   0.00000000   0.00000000
     0.450821    -0.442802     0.190811   0.00000000   0.00000000
     0.251837     0.193319     1.623239   0.00000000   0.00000000
     0.051165     0.566241    -0.253493   0.00000000   0.00000000
     0.011161     0.374898    -0.637836   0.00000000   0.00000000
    -0.002018     0.092881    -0.260561   0.00000000   0.00000000
     0.001463     0.007271    -0.000879   0.00000000   0.00000000
    -0.000389     0.000254    -0.005207     1.000000   0.00000000

    24.858557    13.807567     7.669347     4.259902     2.469900
     2.366142     1.314262     0.730001     0.405475     0.225219
     0.125097     0.069485     0.038595     0.021437

     0.002857    -0.004007   0.00000000   0.00000000
     0.008324    -0.009816   0.00000000   0.00000000
    -0.032165     0.040598   0.00000000   0.00000000
     0.041986    -0.059887   0.00000000   0.00000000
   0.00000000   0.00000000   0.00000000     1.000000
     0.187147    -0.292809   0.00000000   0.00000000
     0.274091    -0.381848   0.00000000   0.00000000
     0.274162    -0.112906   0.00000000   0.00000000
     0.223394     0.234947   0.00000000   0.00000000
     0.156376     0.363251   0.00000000   0.00000000
     0.088573     0.275550   0.00000000   0.00000000
     0.033732     0.128792   0.00000000   0.00000000
     0.005858     0.028454   0.00000000   0.00000000
     0.000243     0.001243     1.000000   0.00000000

     3.482100     1.148400

     1.000000   0.00000000
   0.00000000     1.000000

Pd:cc-pCVQZ-ccECP
ccECP cc-pCVQZ for Pd | source recipes/Pd/ccECP/Pd.cc-pCVQZ.gamess | ccECP from Guangming Wang et al. Journal of Chemical Physics (2022) https://doi.org/10.1063/5.0087300

  6
    0    1    2    3    4    5
    8    8    7    4    3    2
   15   15   15    4    3    2

   226.982057   107.971612    51.360311    24.431251    11.621542
     5.528176     2.629662     2.583400     1.617700     1.250887
     0.595026     0.283044     0.134639     0.064046     0.030465

    -0.000123     0.000117    -0.000063    -0.001908     0.008138   0.00000000
   0.00000000   0.00000000
     0.000586    -0.000580     0.000309     0.009521    -0.040699   0.00000000
   0.00000000   0.00000000
    -0.001037     0.001695    -0.000590    -0.029954     0.127068   0.00000000
   0.00000000   0.00000000
    -0.013924    -0.002148    -0.007717     0.094695    -0.363306   0.00000000
   0.00000000   0.00000000
     0.200098    -0.019262     0.119010    -0.416458     1.256213   0.00000000
   0.00000000   0.00000000
    -0.676779     0.084919    -0.425622     1.261804    -4.003174   0.00000000
   0.00000000   0.00000000
     0.045446     0.022876    -0.051799    -0.579822     6.713429   0.00000000
   0.00000000   0.00000000
   0.00000000   0.00000000   0.00000000   0.00000000   0.00000000   0.00000000
     1.000000   0.00000000
   0.00000000   0.00000000   0.00000000   0.00000000   0.00000000   0.00000000
   0.00000000     1.000000
     0.857855    -0.244520     1.109581    -3.177434    -3.944306   0.00000000
   0.00000000   0.00000000
     0.366386     0.091710     0.219221     4.036898    -2.327527   0.00000000
   0.00000000   0.00000000
     0.052708    -0.417493    -0.869582    -0.556360     5.490862   0.00000000
   0.00000000   0.00000000
    -0.007355     0.856225    -0.507150    -0.841919    -3.312612   0.00000000
   0.00000000   0.00000000
     0.004478    -1.233857    -0.060316    -0.212786     0.567986   0.00000000
   0.00000000   0.00000000
    -0.001187     1.683095     0.000652     0.021290    -0.216586     1.000000
   0.00000000   0.00000000

    49.528556    26.116743    13.771535     7.261824     3.829209
     3.246000     2.019168     1.811800     1.064721     0.561434
     0.296048     0.156108     0.082317     0.043406     0.022888

    -0.000125     0.000176    -0.000014    -0.012211     0.053745   0.00000000
   0.00000000   0.00000000
    -0.001273     0.000339     0.002075     0.063332    -0.275923   0.00000000
   0.00000000   0.00000000
     0.038171    -0.025564    -0.041847    -0.251945     0.979303   0.00000000
   0.00000000   0.00000000
    -0.174047     0.127568     0.173144     0.769673    -2.971680   0.00000000
   0.00000000   0.00000000
    -0.041692     0.040787     0.307947    -0.397351     5.445539   0.00000000
   0.00000000   0.00000000
   0.00000000   0.00000000   0.00000000   0.00000000   0.00000000   0.00000000
     1.000000   0.00000000
     0.413749    -0.439452    -1.596670    -3.018892    -3.694725   0.00000000
   0.00000000   0.00000000
   0.00000000   0.00000000   0.00000000   0.00000000   0.00000000   0.00000000
   0.00000000     1.000000
     0.450821    -0.442802     0.190811     4.961124    -1.823365   0.00000000
   0.00000000   0.00000000
     0.251837     0.193319     1.623239    -2.316344     6.249021   0.00000000
   0.00000000   0.00000000
     0.051165     0.566241    -0.253493    -0.828485    -6.109773   0.00000000
   0.00000000   0.00000000
     0.011161     0.374898    -0.637836     0.593295     2.758959   0.00000000
   0.00000000   0.00000000
    -0.002018     0.092881    -0.260561     0.473889    -0.636491   0.00000000
   0.00000000   0.00000000
     0.001463     0.007271    -0.000879    -0.016521     0.587537   0.00000000
   0.00000000   0.00000000
    -0.000389     0.000254    -0.005207     0.013812    -0.143796     1.000000
   0.00000000   0.00000000

    24.858557    13.807567     7.669347     4.408100     4.259902
     2.366142     1.702600     1.314262     0.730001     0.405475
     0.225219     0.125097     0.069485     0.038595     0.021437

     0.002857    -0.004007    -0.006065    -0.005701   0.00000000   0.00000000
   0.00000000
     0.008324    -0.009816    -0.014128    -0.041076   0.00000000   0.00000000
   0.00000000
    -0.032165     0.040598     0.063530     0.177748   0.00000000   0.00000000
   0.00000000
   0.00000000   0.00000000   0.00000000   0.00000000   0.00000000     1.000000
   0.00000000
     0.041986    -0.059887    -0.089104    -0.401551   0.00000000   0.00000000
   0.00000000
     0.187147    -0.292809    -0.687019    -1.233635   0.00000000   0.00000000
   0.00000000
   0.00000000   0.00000000   0.00000000   0.00000000   0.00000000   0.00000000
     1.000000
     0.274091    -0.381848    -0.222398     1.629425   0.00000000   0.00000000
   0.00000000
     0.274162    -0.112906     0.792038     0.479913   0.00000000   0.00000000
   0.00000000
     0.223394     0.234947     0.461827    -1.170492   0.00000000   0.00000000
   0.00000000
     0.156376     0.363251    -0.210862    -0.247151   0.00000000   0.00000000
   0.00000000
     0.088573     0.275550    -0.397527     0.369970   0.00000000   0.00000000
   0.00000000
     0.033732     0.128792    -0.220040     0.335028   0.00000000   0.00000000
   0.00000000
     0.005858     0.028454    -0.055864     0.079693   0.00000000   0.00000000
   0.00000000
     0.000243     0.001243    -0.001842     0.005779     1.000000   0.00000000
   0.00000000

     6.158300     2.672000     1.159300     0.422600

     1.000000   0.00000000   0.00000000   0.00000000
   0.00000000     1.000000   0.00000000   0.00000000
   0.00000000   0.00000000     1.000000   0.00000000
   0.00000000   0.00000000   0.00000000     1.000000

     3.535400     1.809000     0.780100

     1.000000   0.00000000   0.00000000
   0.00000000     1.000000   0.00000000
   0.00000000   0.00000000     1.000000

     3.360800     1.530700

     1.000000   0.00000000
   0.00000000     1.000000

Pd:cc-pCVTZ-ccECP
ccECP cc-pCVTZ for Pd | source recipes/Pd/ccECP/Pd.cc-pCVTZ.gamess | ccECP from Guangming Wang et al. Journal of Chemical Physics (2022) https://doi.org/10.1063/5.0087300

  5
    0    1    2    3    4
    7    7    6    3    2
   15   15   15    3    2

   226.982057   107.971612    51.360311    24.431251    11.621542
     5.528176     2.629662     2.082000     1.305400     1.250887
     0.595026     0.283044     0.134639     0.064046     0.030465

    -0.000123     0.000117    -0.000063    -0.001908   0.00000000   0.00000000
   0.00000000
     0.000586    -0.000580     0.000309     0.009521   0.00000000   0.00000000
   0.00000000
    -0.001037     0.001695    -0.000590    -0.029954   0.00000000   0.00000000
   0.00000000
    -0.013924    -0.002148    -0.007717     0.094695   0.00000000   0.00000000
   0.00000000
     0.200098    -0.019262     0.119010    -0.416458   0.00000000   0.00000000
   0.00000000
    -0.676779     0.084919    -0.425622     1.261804   0.00000000   0.00000000
   0.00000000
     0.045446     0.022876    -0.051799    -0.579822   0.00000000   0.00000000
   0.00000000
   0.00000000   0.00000000   0.00000000   0.00000000   0.00000000     1.000000
   0.00000000
   0.00000000   0.00000000   0.00000000   0.00000000   0.00000000   0.00000000
     1.000000
     0.857855    -0.244520     1.109581    -3.177434   0.00000000   0.00000000
   0.00000000
     0.366386     0.091710     0.219221     4.036898   0.00000000   0.00000000
   0.00000000
     0.052708    -0.417493    -0.869582    -0.556360   0.00000000   0.00000000
   0.00000000
    -0.007355     0.856225    -0.507150    -0.841919   0.00000000   0.00000000
   0.00000000
     0.004478    -1.233857    -0.060316    -0.212786   0.00000000   0.00000000
   0.00000000
    -0.001187     1.683095     0.000652     0.021290     1.000000   0.00000000
   0.00000000

    49.528556    26.116743    13.771535     7.261824     3.829209
     3.451500     2.019168     1.118600     1.064721     0.561434
     0.296048     0.156108     0.082317     0.043406     0.022888

    -0.000125     0.000176    -0.000014    -0.012211   0.00000000   0.00000000
   0.00000000
    -0.001273     0.000339     0.002075     0.063332   0.00000000   0.00000000
   0.00000000
     0.038171    -0.025564    -0.041847    -0.251945   0.00000000   0.00000000
   0.00000000
    -0.174047     0.127568     0.173144     0.769673   0.00000000   0.00000000
   0.00000000
    -0.041692     0.040787     0.307947    -0.397351   0.00000000   0.00000000
   0.00000000
   0.00000000   0.00000000   0.00000000   0.00000000   0.00000000     1.000000
   0.00000000
     0.413749    -0.439452    -1.596670    -3.018892   0.00000000   0.00000000
   0.00000000
   0.00000000   0.00000000   0.00000000   0.00000000   0.00000000   0.00000000
     1.000000
     0.450821    -0.442802     0.190811     4.961124   0.00000000   0.00000000
   0.00000000
     0.251837     0.193319     1.623239    -2.316344   0.00000000   0.00000000
   0.00000000
     0.051165     0.566241    -0.253493    -0.828485   0.00000000   0.00000000
   0.00000000
     0.011161     0.374898    -0.637836     0.593295   0.00000000   0.00000000
   0.00000000
    -0.002018     0.092881    -0.260561     0.473889   0.00000000   0.00000000
   0.00000000
     0.001463     0.007271    -0.000879    -0.016521   0.00000000   0.00000000
   0.00000000
    -0.000389     0.000254    -0.005207     0.013812     1.000000   0.00000000
   0.00000000

    24.858557    13.807567     7.669347     4.259902     3.762400
     2.366142     1.314262     1.246600     0.730001     0.405475
     0.225219     0.125097     0.069485     0.038595     0.021437

     0.002857    -0.004007    -0.006065   0.00000000   0.00000000   0.00000000
     0.008324    -0.009816    -0.014128   0.00000000   0.00000000   0.00000000
    -0.032165     0.040598     0.063530   0.00000000   0.00000000   0.00000000
     0.041986    -0.059887    -0.089104   0.00000000   0.00000000   0.00000000
   0.00000000   0.00000000   0.00000000   0.00000000     1.000000   0.00000000
     0.187147    -0.292809    -0.687019   0.00000000   0.00000000   0.00000000
     0.274091    -0.381848    -0.222398   0.00000000   0.00000000   0.00000000
   0.00000000   0.00000000   0.00000000   0.00000000   0.00000000     1.000000
     0.274162    -0.112906     0.792038   0.00000000   0.00000000   0.00000000
     0.223394     0.234947     0.461827   0.00000000   0.00000000   0.00000000
     0.156376     0.363251    -0.210862   0.00000000   0.00000000   0.00000000
     0.088573     0.275550    -0.397527   0.00000000   0.00000000   0.00000000
     0.033732     0.128792    -0.220040   0.00000000   0.00000000   0.00000000
     0.005858     0.028454    -0.055864   0.00000000   0.00000000   0.00000000
     0.000243     0.001243    -0.001842     1.000000   0.00000000   0.00000000

     4.335900     1.667800     0.638400

     1.000000   0.00000000   0.00000000
   0.00000000     1.000000   0.00000000
   0.00000000   0.00000000     1.000000

     3.148900     1.372100

     1.000000   0.00000000
   0.00000000     1.000000

Pd:cc-pV5Z-ccECP
ccECP cc-pV5Z for Pd | source recipes/Pd/ccECP/Pd.cc-pV5Z.gamess | ccECP from Guangming Wang et al. Journal of Chemical Physics (2022) https://doi.org/10.1063/5.0087300

  7
    0    1    2    3    4    5    6
    7    7    6    4    3    2    1
   13   13   13    4    3    2    1

   226.982057   107.971612    51.360311    24.431251    11.621542
     5.528176     2.629662     1.250887     0.595026     0.283044
     0.134639     0.064046     0.030465

    -0.000123     0.000117    -0.000063    -0.001908     0.008138    -0.006408
   0.00000000
     0.000586    -0.000580     0.000309     0.009521    -0.040699     0.030543
   0.00000000
    -0.001037     0.001695    -0.000590    -0.029954     0.127068    -0.083318
   0.00000000
    -0.013924    -0.002148    -0.007717     0.094695    -0.363306     0.128083
   0.00000000
     0.200098    -0.019262     0.119010    -0.416458     1.256213     0.431534
   0.00000000
    -0.676779     0.084919    -0.425622     1.261804    -4.003174    -3.890922
   0.00000000
     0.045446     0.022876    -0.051799    -0.579822     6.713429    10.775558
   0.00000000
     0.857855    -0.244520     1.109581    -3.177434    -3.944306   -15.904368
   0.00000000
     0.366386     0.091710     0.219221     4.036898    -2.327527    16.120226
   0.00000000
     0.052708    -0.417493    -0.869582    -0.556360     5.490862   -11.481036
   0.00000000
    -0.007355     0.856225    -0.507150    -0.841919    -3.312612     4.946792
   0.00000000
     0.004478    -1.233857    -0.060316    -0.212786     0.567986    -1.087426
   0.00000000
    -0.001187     1.683095     0.000652     0.021290    -0.216586     0.383398
     1.000000

    49.528556    26.116743    13.771535     7.261824     3.829209
     2.019168     1.064721     0.561434     0.296048     0.156108
     0.082317     0.043406     0.022888

    -0.000125     0.000176    -0.000014    -0.012211     0.053745     0.013946
   0.00000000
    -0.001273     0.000339     0.002075     0.063332    -0.275923    -0.107103
   0.00000000
     0.038171    -0.025564    -0.041847    -0.251945     0.979303     0.674199
   0.00000000
    -0.174047     0.127568     0.173144     0.769673    -2.971680    -3.367958
   0.00000000
    -0.041692     0.040787     0.307947    -0.397351     5.445539     9.445907
   0.00000000
     0.413749    -0.439452    -1.596670    -3.018892    -3.694725   -14.679703
   0.00000000
     0.450821    -0.442802     0.190811     4.961124    -1.823365    16.045809
   0.00000000
     0.251837     0.193319     1.623239    -2.316344     6.249021   -13.311169
   0.00000000
     0.051165     0.566241    -0.253493    -0.828485    -6.109773     7.912246
   0.00000000
     0.011161     0.374898    -0.637836     0.593295     2.758959    -2.889133
   0.00000000
    -0.002018     0.092881    -0.260561     0.473889    -0.636491     0.886992
   0.00000000
     0.001463     0.007271    -0.000879    -0.016521     0.587537    -0.753228
   0.00000000
    -0.000389     0.000254    -0.005207     0.013812    -0.143796     0.180939
     1.000000

    24.858557    13.807567     7.669347     4.259902     2.366142
     1.314262     0.730001     0.405475     0.225219     0.125097
     0.069485     0.038595     0.021437

     0.002857    -0.004007    -0.006065    -0.005701     0.017568   0.00000000
     0.008324    -0.009816    -0.014128    -0.041076    -0.179203   0.00000000
    -0.032165     0.040598     0.063530     0.177748     0.694796   0.00000000
     0.041986    -0.059887    -0.089104    -0.401551    -1.928215   0.00000000
     0.187147    -0.292809    -0.687019    -1.233635     0.470721   0.00000000
     0.274091    -0.381848    -0.222398     1.629425     2.871676   0.00000000
     0.274162    -0.112906     0.792038     0.479913    -3.760750   0.00000000
     0.223394     0.234947     0.461827    -1.170492     1.413014   0.00000000
     0.156376     0.363251    -0.210862    -0.247151     0.535876   0.00000000
     0.088573     0.275550    -0.397527     0.369970     0.020298   0.00000000
     0.033732     0.128792    -0.220040     0.335028    -0.574257   0.00000000
     0.005858     0.028454    -0.055864     0.079693    -0.056655   0.00000000
     0.000243     0.001243    -0.001842     0.005779    -0.026612     1.000000

     6.058200     2.292900     0.867800     0.328400

     1.000000   0.00000000   0.00000000   0.00000000
   0.00000000     1.000000   0.00000000   0.00000000
   0.00000000   0.00000000     1.000000   0.00000000
   0.00000000   0.00000000   0.00000000     1.000000

     3.053600     1.284500     0.540300

     1.000000   0.00000000   0.00000000
   0.00000000     1.000000   0.00000000
   0.00000000   0.00000000     1.000000

     2.520200     0.949800

     1.000000   0.00000000
   0.00000000     1.000000

     2.005100

     1.000000

Pd:cc-pVDZ-ccECP
ccECP cc-pVDZ for Pd | source recipes/Pd/ccECP/Pd.cc-pVDZ.gamess | ccECP from Guangming Wang et al. Journal of Chemical Physics (2022) https://doi.org/10.1063/5.0087300

  4
    0    1    2    3
    4    4    3    1
   13   13   13    1

   226.982057   107.971612    51.360311    24.431251    11.621542
     5.528176     2.629662     1.250887     0.595026     0.283044
     0.134639     0.064046     0.030465

    -0.000123     0.000117    -0.000063   0.00000000
     0.000586    -0.000580     0.000309   0.00000000
    -0.001037     0.001695    -0.000590   0.00000000
    -0.013924    -0.002148    -0.007717   0.00000000
     0.200098    -0.019262     0.119010   0.00000000
    -0.676779     0.084919    -0.425622   0.00000000
     0.045446     0.022876    -0.051799   0.00000000
     0.857855    -0.244520     1.109581   0.00000000
     0.366386     0.091710     0.219221   0.00000000
     0.052708    -0.417493    -0.869582   0.00000000
    -0.007355     0.856225    -0.507150   0.00000000
     0.004478    -1.233857    -0.060316   0.00000000
    -0.001187     1.683095     0.000652     1.000000

    49.528556    26.116743    13.771535     7.261824     3.829209
     2.019168     1.064721     0.561434     0.296048     0.156108
     0.082317     0.043406     0.022888

    -0.000125     0.000176    -0.000014   0.00000000
    -0.001273     0.000339     0.002075   0.00000000
     0.038171    -0.025564    -0.041847   0.00000000
    -0.174047     0.127568     0.173144   0.00000000
    -0.041692     0.040787     0.307947   0.00000000
     0.413749    -0.439452    -1.596670   0.00000000
     0.450821    -0.442802     0.190811   0.00000000
     0.251837     0.193319     1.623239   0.00000000
     0.051165     0.566241    -0.253493   0.00000000
     0.011161     0.374898    -0.637836   0.00000000
    -0.002018     0.092881    -0.260561   0.00000000
     0.001463     0.007271    -0.000879   0.00000000
    -0.000389     0.000254    -0.005207     1.000000

    24.858557    13.807567     7.669347     4.259902     2.366142
     1.314262     0.730001     0.405475     0.225219     0.125097
     0.069485     0.038595     0.021437

     0.002857    -0.004007   0.00000000
     0.008324    -0.009816   0.00000000
    -0.032165     0.040598   0.00000000
     0.041986    -0.059887   0.00000000
     0.187147    -0.292809   0.00000000
     0.274091    -0.381848   0.00000000
     0.274162    -0.112906   0.00000000
     0.223394     0.234947   0.00000000
     0.156376     0.363251   0.00000000
     0.088573     0.275550   0.00000000
     0.033732     0.128792   0.00000000
     0.005858     0.028454   0.00000000
     0.000243     0.001243     1.000000

     1.148400

     1.000000

Pd:cc-pVQZ-ccECP
ccECP cc-pVQZ for Pd | source recipes/Pd/ccECP/Pd.cc-pVQZ.gamess | ccECP from Guangming Wang et al. Journal of Chemical Physics (2022) https://doi.org/10.1063/5.0087300

  6
    0    1    2    3    4    5
    6    6    5    3    2    1
   13   13   13    3    2    1

   226.982057   107.971612    51.360311    24.431251    11.621542
     5.528176     2.629662     1.250887     0.595026     0.283044
     0.134639     0.064046     0.030465

    -0.000123     0.000117    -0.000063    -0.001908     0.008138   0.00000000
     0.000586    -0.000580     0.000309     0.009521    -0.040699   0.00000000
    -0.001037     0.001695    -0.000590    -0.029954     0.127068   0.00000000
    -0.013924    -0.002148    -0.007717     0.094695    -0.363306   0.00000000
     0.200098    -0.019262     0.119010    -0.416458     1.256213   0.00000000
    -0.676779     0.084919    -0.425622     1.261804    -4.003174   0.00000000
     0.045446     0.022876    -0.051799    -0.579822     6.713429   0.00000000
     0.857855    -0.244520     1.109581    -3.177434    -3.944306   0.00000000
     0.366386     0.091710     0.219221     4.036898    -2.327527   0.00000000
     0.052708    -0.417493    -0.869582    -0.556360     5.490862   0.00000000
    -0.007355     0.856225    -0.507150    -0.841919    -3.312612   0.00000000
     0.004478    -1.233857    -0.060316    -0.212786     0.567986   0.00000000
    -0.001187     1.683095     0.000652     0.021290    -0.216586     1.000000

    49.528556    26.116743    13.771535     7.261824     3.829209
     2.019168     1.064721     0.561434     0.296048     0.156108
     0.082317     0.043406     0.022888

    -0.000125     0.000176    -0.000014    -0.012211     0.053745   0.00000000
    -0.001273     0.000339     0.002075     0.063332    -0.275923   0.00000000
     0.038171    -0.025564    -0.041847    -0.251945     0.979303   0.00000000
    -0.174047     0.127568     0.173144     0.769673    -2.971680   0.00000000
    -0.041692     0.040787     0.307947    -0.397351     5.445539   0.00000000
     0.413749    -0.439452    -1.596670    -3.018892    -3.694725   0.00000000
     0.450821    -0.442802     0.190811     4.961124    -1.823365   0.00000000
     0.251837     0.193319     1.623239    -2.316344     6.249021   0.00000000
     0.051165     0.566241    -0.253493    -0.828485    -6.109773   0.00000000
     0.011161     0.374898    -0.637836     0.593295     2.758959   0.00000000
    -0.002018     0.092881    -0.260561     0.473889    -0.636491   0.00000000
     0.001463     0.007271    -0.000879    -0.016521     0.587537   0.00000000
    -0.000389     0.000254    -0.005207     0.013812    -0.143796     1.000000

    24.858557    13.807567     7.669347     4.259902     2.366142
     1.314262     0.730001     0.405475     0.225219     0.125097
     0.069485     0.038595     0.021437

     0.002857    -0.004007    -0.006065    -0.005701   0.00000000
     0.008324    -0.009816    -0.014128    -0.041076   0.00000000
    -0.032165     0.040598     0.063530     0.177748   0.00000000
     0.041986    -0.059887    -0.089104    -0.401551   0.00000000
     0.187147    -0.292809    -0.687019    -1.233635   0.00000000
     0.274091    -0.381848    -0.222398     1.629425   0.00000000
     0.274162    -0.112906     0.792038     0.479913   0.00000000
     0.223394     0.234947     0.461827    -1.170492   0.00000000
     0.156376     0.363251    -0.210862    -0.247151   0.00000000
     0.088573     0.275550    -0.397527     0.369970   0.00000000
     0.033732     0.128792    -0.220040     0.335028   0.00000000
     0.005858     0.028454    -0.055864     0.079693   0.00000000
     0.000243     0.001243    -0.001842     0.005779     1.000000

     3.719600     1.253700     0.422600

     1.000000   0.00000000   0.00000000
   0.00000000     1.000000   0.00000000
   0.00000000   0.00000000     1.000000

     2.223000     0.780100

     1.000000   0.00000000
   0.00000000     1.000000

     1.530700

     1.000000

Pd:cc-pVTZ-ccECP
ccECP cc-pVTZ for Pd | source recipes/Pd/ccECP/Pd.cc-pVTZ.gamess | ccECP from Guangming Wang et al. Journal of Chemical Physics (2022) https://doi.org/10.1063/5.0087300

  5
    0    1    2    3    4
    5    5    4    2    1
   13   13   13    2    1

   226.982057   107.971612    51.360311    24.431251    11.621542
     5.528176     2.629662     1.250887     0.595026     0.283044
     0.134639     0.064046     0.030465

    -0.000123     0.000117    -0.000063    -0.001908   0.00000000
     0.000586    -0.000580     0.000309     0.009521   0.00000000
    -0.001037     0.001695    -0.000590    -0.029954   0.00000000
    -0.013924    -0.002148    -0.007717     0.094695   0.00000000
     0.200098    -0.019262     0.119010    -0.416458   0.00000000
    -0.676779     0.084919    -0.425622     1.261804   0.00000000
     0.045446     0.022876    -0.051799    -0.579822   0.00000000
     0.857855    -0.244520     1.109581    -3.177434   0.00000000
     0.366386     0.091710     0.219221     4.036898   0.00000000
     0.052708    -0.417493    -0.869582    -0.556360   0.00000000
    -0.007355     0.856225    -0.507150    -0.841919   0.00000000
     0.004478    -1.233857    -0.060316    -0.212786   0.00000000
    -0.001187     1.683095     0.000652     0.021290     1.000000

    49.528556    26.116743    13.771535     7.261824     3.829209
     2.019168     1.064721     0.561434     0.296048     0.156108
     0.082317     0.043406     0.022888

    -0.000125     0.000176    -0.000014    -0.012211   0.00000000
    -0.001273     0.000339     0.002075     0.063332   0.00000000
     0.038171    -0.025564    -0.041847    -0.251945   0.00000000
    -0.174047     0.127568     0.173144     0.769673   0.00000000
    -0.041692     0.040787     0.307947    -0.397351   0.00000000
     0.413749    -0.439452    -1.596670    -3.018892   0.00000000
     0.450821    -0.442802     0.190811     4.961124   0.00000000
     0.251837     0.193319     1.623239    -2.316344   0.00000000
     0.051165     0.566241    -0.253493    -0.828485   0.00000000
     0.011161     0.374898    -0.637836     0.593295   0.00000000
    -0.002018     0.092881    -0.260561     0.473889   0.00000000
     0.001463     0.007271    -0.000879    -0.016521   0.00000000
    -0.000389     0.000254    -0.005207     0.013812     1.000000

    24.858557    13.807567     7.669347     4.259902     2.366142
     1.314262     0.730001     0.405475     0.225219     0.125097
     0.069485     0.038595     0.021437

     0.002857    -0.004007    -0.006065   0.00000000
     0.008324    -0.009816    -0.014128   0.00000000
    -0.032165     0.040598     0.063530   0.00000000
     0.041986    -0.059887    -0.089104   0.00000000
     0.187147    -0.292809    -0.687019   0.00000000
     0.274091    -0.381848    -0.222398   0.00000000
     0.274162    -0.112906     0.792038   0.00000000
     0.223394     0.234947     0.461827   0.00000000
     0.156376     0.363251    -0.210862   0.00000000
     0.088573     0.275550    -0.397527   0.00000000
     0.033732     0.128792    -0.220040   0.00000000
     0.005858     0.028454    -0.055864   0.00000000
     0.000243     0.001243    -0.001842     1.000000

     2.232900     0.638400

     1.000000   0.00000000
   0.00000000     1.000000

     1.372100

     1.000000

