
Ta:aug-cc-pCV5Z-ccECP
ccECP aug-cc-pCV5Z for Ta | source recipes/Ta/ccECP/Ta.aug-cc-pCV5Z.gamess | ccECP from Haihan Zhou et al. Journal of Chemical Physics (2024) https://doi.org/10.1063/5.0180057

  7
    0    1    2    3    4    5    6
   10   10    9    6    5    4    3
   16   16   16    6    5    4    3

   53.770584   28.316455   14.911901    7.852847    4.760000
    4.135435    2.800000    2.177787    1.146858    0.603954
    0.318052    0.167491    0.088204    0.046449    0.024461
    0.009784

     0.002606    -0.000908     0.001469    -0.002830    -0.006338     0.002144
   0.00000000   0.00000000   0.00000000   0.00000000
    -0.022783     0.007946    -0.012800     0.023166     0.042127     0.000980
   0.00000000   0.00000000   0.00000000   0.00000000
     0.069501    -0.025155     0.040982    -0.075252    -0.135157    -0.004000
   0.00000000   0.00000000   0.00000000   0.00000000
     0.128459    -0.041258     0.062825    -0.081946     0.072702    -0.493436
   0.00000000   0.00000000   0.00000000   0.00000000
   0.00000000   0.00000000   0.00000000   0.00000000   0.00000000   0.00000000
   0.00000000   0.00000000     1.000000   0.00000000
    -0.657246     0.242958    -0.386990     0.635246     0.185955     2.144384
   0.00000000   0.00000000   0.00000000   0.00000000
   0.00000000   0.00000000   0.00000000   0.00000000   0.00000000   0.00000000
   0.00000000   0.00000000   0.00000000     1.000000
    -0.111120     0.018593    -0.058799     0.184257     1.804007    -1.078412
   0.00000000   0.00000000   0.00000000   0.00000000
     0.680187    -0.280377     0.534461    -1.773910    -6.301462    -7.896356
   0.00000000   0.00000000   0.00000000   0.00000000
     0.575773    -0.360732     0.967804    -1.013732     5.527389    18.783927
   0.00000000   0.00000000   0.00000000   0.00000000
     0.130986    -0.151279    -0.417547     4.116716     2.604455   -21.549280
   0.00000000   0.00000000   0.00000000   0.00000000
     0.005563     0.205809    -1.591023    -0.945821    -8.721300    13.994658
   0.00000000   0.00000000   0.00000000   0.00000000
     0.000881     0.526955    -0.193672    -2.527059     5.947899    -2.854773
   0.00000000   0.00000000   0.00000000   0.00000000
    -0.000081     0.425398     0.948109     0.676334     0.252968    -3.161844
   0.00000000   0.00000000   0.00000000   0.00000000
     0.000019     0.103959     0.415746     0.938266    -1.580676     2.133622
     1.000000   0.00000000   0.00000000   0.00000000
   0.00000000   0.00000000   0.00000000   0.00000000   0.00000000   0.00000000
   0.00000000     1.000000   0.00000000   0.00000000

   74.342249   39.047572   20.509373   10.772357    5.658080
    4.407600    2.971854    2.755700    1.560938    0.819868
    0.430628    0.226183    0.118801    0.062399    0.032774
    0.013110

    -0.000421     0.000147     0.000366     0.000398    -0.003813     0.002277
   0.00000000   0.00000000   0.00000000   0.00000000
     0.003346    -0.001212    -0.002666    -0.003499     0.016520    -0.013124
   0.00000000   0.00000000   0.00000000   0.00000000
    -0.022879     0.008633     0.017129     0.027187    -0.029616     0.064040
   0.00000000   0.00000000   0.00000000   0.00000000
     0.121169    -0.047212    -0.091057    -0.161310    -0.039873    -0.312949
   0.00000000   0.00000000   0.00000000   0.00000000
    -0.262992     0.106070     0.213321     0.405631     0.147775     0.825266
   0.00000000   0.00000000   0.00000000   0.00000000
   0.00000000   0.00000000   0.00000000   0.00000000   0.00000000   0.00000000
   0.00000000   0.00000000     1.000000   0.00000000
    -0.097594     0.036052     0.028710     0.092043     0.994334     0.214107
   0.00000000   0.00000000   0.00000000   0.00000000
   0.00000000   0.00000000   0.00000000   0.00000000   0.00000000   0.00000000
   0.00000000   0.00000000   0.00000000     1.000000
     0.315609    -0.133540    -0.208714    -0.905088    -3.850020    -5.302498
   0.00000000   0.00000000   0.00000000   0.00000000
     0.509276    -0.255032    -0.785336    -1.350078     3.794498    11.279462
   0.00000000   0.00000000   0.00000000   0.00000000
     0.304849    -0.244349     0.025564     3.658513     0.685769   -14.002081
   0.00000000   0.00000000   0.00000000   0.00000000
     0.075805     0.192980     1.653004    -1.735490    -5.345789    12.148811
   0.00000000   0.00000000   0.00000000   0.00000000
     0.008151     0.607237    -0.268425    -1.237926     5.795802    -7.038999
   0.00000000   0.00000000   0.00000000   0.00000000
     0.001833     0.357315    -0.783641     1.084031    -2.495457     1.875395
   0.00000000   0.00000000   0.00000000   0.00000000
     0.000016     0.048367    -0.151939     0.203423    -0.010243     0.265812
     1.000000   0.00000000   0.00000000   0.00000000
   0.00000000   0.00000000   0.00000000   0.00000000   0.00000000   0.00000000
   0.00000000     1.000000   0.00000000   0.00000000

   59.141498   31.152672   16.409611    8.643731    4.553069
    3.553400    2.398321    2.222000    1.263311    0.665447
    0.350523    0.184637    0.097257    0.051230    0.026985
    0.010794

    -0.000018     0.000004    -0.000093    -0.001057    -0.001018   0.00000000
   0.00000000   0.00000000   0.00000000
     0.000192    -0.000145     0.000268     0.004531     0.004291   0.00000000
   0.00000000   0.00000000   0.00000000
    -0.002176     0.002353     0.001617    -0.009703    -0.007570   0.00000000
   0.00000000   0.00000000   0.00000000
     0.021692    -0.026038    -0.030250    -0.014561    -0.039625   0.00000000
   0.00000000   0.00000000   0.00000000
    -0.090754     0.114444     0.145594     0.159384     0.309998   0.00000000
   0.00000000   0.00000000   0.00000000
   0.00000000   0.00000000   0.00000000   0.00000000   0.00000000   0.00000000
   0.00000000     1.000000   0.00000000
     0.020530    -0.034208    -0.034787     0.037665    -0.177827   0.00000000
   0.00000000   0.00000000   0.00000000
   0.00000000   0.00000000   0.00000000   0.00000000   0.00000000   0.00000000
   0.00000000   0.00000000     1.000000
     0.186231    -0.264650    -0.474091    -1.238716    -2.185864   0.00000000
   0.00000000   0.00000000   0.00000000
     0.293416    -0.428609    -0.632430     0.449522     4.139829   0.00000000
   0.00000000   0.00000000   0.00000000
     0.318966    -0.180460     0.951265     1.913594    -3.133305   0.00000000
   0.00000000   0.00000000   0.00000000
     0.250500     0.391239     0.599998    -2.233922     0.174279   0.00000000
   0.00000000   0.00000000   0.00000000
     0.143103     0.469584    -0.600567     0.312433     1.793816   0.00000000
   0.00000000   0.00000000   0.00000000
     0.043961     0.178433    -0.399235     0.549632    -1.172929   0.00000000
   0.00000000   0.00000000   0.00000000
     0.004586     0.018871    -0.072642     0.167174    -0.141357     1.000000
   0.00000000   0.00000000   0.00000000
   0.00000000   0.00000000   0.00000000   0.00000000   0.00000000   0.00000000
     1.000000   0.00000000   0.00000000

    1.903800    1.019500    0.545900    0.292300    0.106200
    0.038600

     1.000000   0.00000000   0.00000000   0.00000000   0.00000000   0.00000000
   0.00000000     1.000000   0.00000000   0.00000000   0.00000000   0.00000000
   0.00000000   0.00000000     1.000000   0.00000000   0.00000000   0.00000000
   0.00000000   0.00000000   0.00000000     1.000000   0.00000000   0.00000000
   0.00000000   0.00000000   0.00000000   0.00000000     1.000000   0.00000000
   0.00000000   0.00000000   0.00000000   0.00000000   0.00000000     1.000000

    2.151600    1.097200    0.559600    0.201500    0.072500

     1.000000   0.00000000   0.00000000   0.00000000   0.00000000
   0.00000000     1.000000   0.00000000   0.00000000   0.00000000
   0.00000000   0.00000000     1.000000   0.00000000   0.00000000
   0.00000000   0.00000000   0.00000000     1.000000   0.00000000
   0.00000000   0.00000000   0.00000000   0.00000000     1.000000

    2.002500    0.982400    0.350300    0.124900

     1.000000   0.00000000   0.00000000   0.00000000
   0.00000000     1.000000   0.00000000   0.00000000
   0.00000000   0.00000000     1.000000   0.00000000
   0.00000000   0.00000000   0.00000000     1.000000

    1.810200    0.649600    0.233100

     1.000000   0.00000000   0.00000000
   0.00000000     1.000000   0.00000000
   0.00000000   0.00000000     1.000000

Ta:aug-cc-pCVDZ-ccECP
ccECP aug-cc-pCVDZ for Ta | source recipes/Ta/ccECP/Ta.aug-cc-pCVDZ.gamess | ccECP from Haihan Zhou et al. Journal of Chemical Physics (2024) https://doi.org/10.1063/5.0180057

  4
    0    1    2    3
    6    6    5    3
   15   15   15    3

   53.770584   28.316455   14.911901    7.852847    4.135435
    2.177787    1.290300    1.146858    0.603954    0.318052
    0.167491    0.088204    0.046449    0.024461    0.009784

     0.002606    -0.000908     0.001469   0.00000000   0.00000000   0.00000000
    -0.022783     0.007946    -0.012800   0.00000000   0.00000000   0.00000000
     0.069501    -0.025155     0.040982   0.00000000   0.00000000   0.00000000
     0.128459    -0.041258     0.062825   0.00000000   0.00000000   0.00000000
    -0.657246     0.242958    -0.386990   0.00000000   0.00000000   0.00000000
    -0.111120     0.018593    -0.058799   0.00000000   0.00000000   0.00000000
   0.00000000   0.00000000   0.00000000   0.00000000   0.00000000     1.000000
     0.680187    -0.280377     0.534461   0.00000000   0.00000000   0.00000000
     0.575773    -0.360732     0.967804   0.00000000   0.00000000   0.00000000
     0.130986    -0.151279    -0.417547   0.00000000   0.00000000   0.00000000
     0.005563     0.205809    -1.591023   0.00000000   0.00000000   0.00000000
     0.000881     0.526955    -0.193672   0.00000000   0.00000000   0.00000000
    -0.000081     0.425398     0.948109   0.00000000   0.00000000   0.00000000
     0.000019     0.103959     0.415746     1.000000   0.00000000   0.00000000
   0.00000000   0.00000000   0.00000000   0.00000000     1.000000   0.00000000

   74.342249   39.047572   20.509373   10.772357    5.658080
    2.971854    1.888100    1.560938    0.819868    0.430628
    0.226183    0.118801    0.062399    0.032774    0.013110

    -0.000421     0.000147     0.000366   0.00000000   0.00000000   0.00000000
     0.003346    -0.001212    -0.002666   0.00000000   0.00000000   0.00000000
    -0.022879     0.008633     0.017129   0.00000000   0.00000000   0.00000000
     0.121169    -0.047212    -0.091057   0.00000000   0.00000000   0.00000000
    -0.262992     0.106070     0.213321   0.00000000   0.00000000   0.00000000
    -0.097594     0.036052     0.028710   0.00000000   0.00000000   0.00000000
   0.00000000   0.00000000   0.00000000   0.00000000   0.00000000     1.000000
     0.315609    -0.133540    -0.208714   0.00000000   0.00000000   0.00000000
     0.509276    -0.255032    -0.785336   0.00000000   0.00000000   0.00000000
     0.304849    -0.244349     0.025564   0.00000000   0.00000000   0.00000000
     0.075805     0.192980     1.653004   0.00000000   0.00000000   0.00000000
     0.008151     0.607237    -0.268425   0.00000000   0.00000000   0.00000000
     0.001833     0.357315    -0.783641   0.00000000   0.00000000   0.00000000
     0.000016     0.048367    -0.151939     1.000000   0.00000000   0.00000000
   0.00000000   0.00000000   0.00000000   0.00000000     1.000000   0.00000000

   59.141498   31.152672   16.409611    8.643731    4.553069
    2.398321    1.263311    1.185800    0.665447    0.350523
    0.184637    0.097257    0.051230    0.026985    0.010794

    -0.000018     0.000004   0.00000000   0.00000000   0.00000000
     0.000192    -0.000145   0.00000000   0.00000000   0.00000000
    -0.002176     0.002353   0.00000000   0.00000000   0.00000000
     0.021692    -0.026038   0.00000000   0.00000000   0.00000000
    -0.090754     0.114444   0.00000000   0.00000000   0.00000000
     0.020530    -0.034208   0.00000000   0.00000000   0.00000000
     0.186231    -0.264650   0.00000000   0.00000000   0.00000000
   0.00000000   0.00000000   0.00000000   0.00000000     1.000000
     0.293416    -0.428609   0.00000000   0.00000000   0.00000000
     0.318966    -0.180460   0.00000000   0.00000000   0.00000000
     0.250500     0.391239   0.00000000   0.00000000   0.00000000
     0.143103     0.469584   0.00000000   0.00000000   0.00000000
     0.043961     0.178433   0.00000000   0.00000000   0.00000000
     0.004586     0.018871     1.000000   0.00000000   0.00000000
   0.00000000   0.00000000   0.00000000     1.000000   0.00000000

    1.084500    0.373500    0.128600

     1.000000   0.00000000   0.00000000
   0.00000000     1.000000   0.00000000
   0.00000000   0.00000000     1.000000

Ta:aug-cc-pCVQZ-ccECP
ccECP aug-cc-pCVQZ for Ta | source recipes/Ta/ccECP/Ta.aug-cc-pCVQZ.gamess | ccECP from Haihan Zhou et al. Journal of Chemical Physics (2024) https://doi.org/10.1063/5.0180057

  6
    0    1    2    3    4    5
    9    9    8    5    4    3
   16   16   16    5    4    3

   53.770584   28.316455   14.911901    7.852847    4.135435
    2.177787    1.146858    0.623700    0.603954    0.390200
    0.318052    0.167491    0.088204    0.046449    0.024461
    0.009784

     0.002606    -0.000908     0.001469    -0.002830    -0.006338   0.00000000
   0.00000000   0.00000000   0.00000000
    -0.022783     0.007946    -0.012800     0.023166     0.042127   0.00000000
   0.00000000   0.00000000   0.00000000
     0.069501    -0.025155     0.040982    -0.075252    -0.135157   0.00000000
   0.00000000   0.00000000   0.00000000
     0.128459    -0.041258     0.062825    -0.081946     0.072702   0.00000000
   0.00000000   0.00000000   0.00000000
    -0.657246     0.242958    -0.386990     0.635246     0.185955   0.00000000
   0.00000000   0.00000000   0.00000000
    -0.111120     0.018593    -0.058799     0.184257     1.804007   0.00000000
   0.00000000   0.00000000   0.00000000
     0.680187    -0.280377     0.534461    -1.773910    -6.301462   0.00000000
   0.00000000   0.00000000   0.00000000
   0.00000000   0.00000000   0.00000000   0.00000000   0.00000000   0.00000000
   0.00000000     1.000000   0.00000000
     0.575773    -0.360732     0.967804    -1.013732     5.527389   0.00000000
   0.00000000   0.00000000   0.00000000
   0.00000000   0.00000000   0.00000000   0.00000000   0.00000000   0.00000000
   0.00000000   0.00000000     1.000000
     0.130986    -0.151279    -0.417547     4.116716     2.604455   0.00000000
   0.00000000   0.00000000   0.00000000
     0.005563     0.205809    -1.591023    -0.945821    -8.721300   0.00000000
   0.00000000   0.00000000   0.00000000
     0.000881     0.526955    -0.193672    -2.527059     5.947899   0.00000000
   0.00000000   0.00000000   0.00000000
    -0.000081     0.425398     0.948109     0.676334     0.252968   0.00000000
   0.00000000   0.00000000   0.00000000
     0.000019     0.103959     0.415746     0.938266    -1.580676     1.000000
   0.00000000   0.00000000   0.00000000
   0.00000000   0.00000000   0.00000000   0.00000000   0.00000000   0.00000000
     1.000000   0.00000000   0.00000000

   74.342249   39.047572   20.509373   10.772357    5.658080
    2.971854    1.668200    1.560938    1.042000    0.819868
    0.430628    0.226183    0.118801    0.062399    0.032774
    0.013110

    -0.000421     0.000147     0.000366     0.000398    -0.003813   0.00000000
   0.00000000   0.00000000   0.00000000
     0.003346    -0.001212    -0.002666    -0.003499     0.016520   0.00000000
   0.00000000   0.00000000   0.00000000
    -0.022879     0.008633     0.017129     0.027187    -0.029616   0.00000000
   0.00000000   0.00000000   0.00000000
     0.121169    -0.047212    -0.091057    -0.161310    -0.039873   0.00000000
   0.00000000   0.00000000   0.00000000
    -0.262992     0.106070     0.213321     0.405631     0.147775   0.00000000
   0.00000000   0.00000000   0.00000000
    -0.097594     0.036052     0.028710     0.092043     0.994334   0.00000000
   0.00000000   0.00000000   0.00000000
   0.00000000   0.00000000   0.00000000   0.00000000   0.00000000   0.00000000
   0.00000000     1.000000   0.00000000
     0.315609    -0.133540    -0.208714    -0.905088    -3.850020   0.00000000
   0.00000000   0.00000000   0.00000000
   0.00000000   0.00000000   0.00000000   0.00000000   0.00000000   0.00000000
   0.00000000   0.00000000     1.000000
     0.509276    -0.255032    -0.785336    -1.350078     3.794498   0.00000000
   0.00000000   0.00000000   0.00000000
     0.304849    -0.244349     0.025564     3.658513     0.685769   0.00000000
   0.00000000   0.00000000   0.00000000
     0.075805     0.192980     1.653004    -1.735490    -5.345789   0.00000000
   0.00000000   0.00000000   0.00000000
     0.008151     0.607237    -0.268425    -1.237926     5.795802   0.00000000
   0.00000000   0.00000000   0.00000000
     0.001833     0.357315    -0.783641     1.084031    -2.495457   0.00000000
   0.00000000   0.00000000   0.00000000
     0.000016     0.048367    -0.151939     0.203423    -0.010243     1.000000
   0.00000000   0.00000000   0.00000000
   0.00000000   0.00000000   0.00000000   0.00000000   0.00000000   0.00000000
     1.000000   0.00000000   0.00000000

   59.141498   31.152672   16.409611    8.643731    4.553069
    2.430400    2.398321    1.263311    0.808100    0.665447
    0.350523    0.184637    0.097257    0.051230    0.026985
    0.010794

    -0.000018     0.000004    -0.000093    -0.001057   0.00000000   0.00000000
   0.00000000   0.00000000
     0.000192    -0.000145     0.000268     0.004531   0.00000000   0.00000000
   0.00000000   0.00000000
    -0.002176     0.002353     0.001617    -0.009703   0.00000000   0.00000000
   0.00000000   0.00000000
     0.021692    -0.026038    -0.030250    -0.014561   0.00000000   0.00000000
   0.00000000   0.00000000
    -0.090754     0.114444     0.145594     0.159384   0.00000000   0.00000000
   0.00000000   0.00000000
   0.00000000   0.00000000   0.00000000   0.00000000   0.00000000   0.00000000
     1.000000   0.00000000
     0.020530    -0.034208    -0.034787     0.037665   0.00000000   0.00000000
   0.00000000   0.00000000
     0.186231    -0.264650    -0.474091    -1.238716   0.00000000   0.00000000
   0.00000000   0.00000000
   0.00000000   0.00000000   0.00000000   0.00000000   0.00000000   0.00000000
   0.00000000     1.000000
     0.293416    -0.428609    -0.632430     0.449522   0.00000000   0.00000000
   0.00000000   0.00000000
     0.318966    -0.180460     0.951265     1.913594   0.00000000   0.00000000
   0.00000000   0.00000000
     0.250500     0.391239     0.599998    -2.233922   0.00000000   0.00000000
   0.00000000   0.00000000
     0.143103     0.469584    -0.600567     0.312433   0.00000000   0.00000000
   0.00000000   0.00000000
     0.043961     0.178433    -0.399235     0.549632   0.00000000   0.00000000
   0.00000000   0.00000000
     0.004586     0.018871    -0.072642     0.167174     1.000000   0.00000000
   0.00000000   0.00000000
   0.00000000   0.00000000   0.00000000   0.00000000   0.00000000     1.000000
   0.00000000   0.00000000

    1.566300    0.776900    0.385300    0.138400    0.049700

     1.000000   0.00000000   0.00000000   0.00000000   0.00000000
   0.00000000     1.000000   0.00000000   0.00000000   0.00000000
   0.00000000   0.00000000     1.000000   0.00000000   0.00000000
   0.00000000   0.00000000   0.00000000     1.000000   0.00000000
   0.00000000   0.00000000   0.00000000   0.00000000     1.000000

    1.809400    0.805900    0.286200    0.101600

     1.000000   0.00000000   0.00000000   0.00000000
   0.00000000     1.000000   0.00000000   0.00000000
   0.00000000   0.00000000     1.000000   0.00000000
   0.00000000   0.00000000   0.00000000     1.000000

    1.582800    0.553200    0.193400

     1.000000   0.00000000   0.00000000
   0.00000000     1.000000   0.00000000
   0.00000000   0.00000000     1.000000

Ta:aug-cc-pCVTZ-ccECP
ccECP aug-cc-pCVTZ for Ta | source recipes/Ta/ccECP/Ta.aug-cc-pCVTZ.gamess | ccECP from Haihan Zhou et al. Journal of Chemical Physics (2024) https://doi.org/10.1063/5.0180057

  5
    0    1    2    3    4
    8    8    7    4    3
   16   16   16    4    3

   53.770584   28.316455   14.911901    7.852847    4.135435
    2.177787    1.395900    1.146858    0.873500    0.603954
    0.318052    0.167491    0.088204    0.046449    0.024461
    0.009784

     0.002606    -0.000908     0.001469    -0.002830   0.00000000   0.00000000
   0.00000000   0.00000000
    -0.022783     0.007946    -0.012800     0.023166   0.00000000   0.00000000
   0.00000000   0.00000000
     0.069501    -0.025155     0.040982    -0.075252   0.00000000   0.00000000
   0.00000000   0.00000000
     0.128459    -0.041258     0.062825    -0.081946   0.00000000   0.00000000
   0.00000000   0.00000000
    -0.657246     0.242958    -0.386990     0.635246   0.00000000   0.00000000
   0.00000000   0.00000000
    -0.111120     0.018593    -0.058799     0.184257   0.00000000   0.00000000
   0.00000000   0.00000000
   0.00000000   0.00000000   0.00000000   0.00000000   0.00000000   0.00000000
     1.000000   0.00000000
     0.680187    -0.280377     0.534461    -1.773910   0.00000000   0.00000000
   0.00000000   0.00000000
   0.00000000   0.00000000   0.00000000   0.00000000   0.00000000   0.00000000
   0.00000000     1.000000
     0.575773    -0.360732     0.967804    -1.013732   0.00000000   0.00000000
   0.00000000   0.00000000
     0.130986    -0.151279    -0.417547     4.116716   0.00000000   0.00000000
   0.00000000   0.00000000
     0.005563     0.205809    -1.591023    -0.945821   0.00000000   0.00000000
   0.00000000   0.00000000
     0.000881     0.526955    -0.193672    -2.527059   0.00000000   0.00000000
   0.00000000   0.00000000
    -0.000081     0.425398     0.948109     0.676334   0.00000000   0.00000000
   0.00000000   0.00000000
     0.000019     0.103959     0.415746     0.938266     1.000000   0.00000000
   0.00000000   0.00000000
   0.00000000   0.00000000   0.00000000   0.00000000   0.00000000     1.000000
   0.00000000   0.00000000

   74.342249   39.047572   20.509373   10.772357    5.658080
    2.971854    1.711800    1.560938    0.819868    0.669200
    0.430628    0.226183    0.118801    0.062399    0.032774
    0.013110

    -0.000421     0.000147     0.000366     0.000398   0.00000000   0.00000000
   0.00000000   0.00000000
     0.003346    -0.001212    -0.002666    -0.003499   0.00000000   0.00000000
   0.00000000   0.00000000
    -0.022879     0.008633     0.017129     0.027187   0.00000000   0.00000000
   0.00000000   0.00000000
     0.121169    -0.047212    -0.091057    -0.161310   0.00000000   0.00000000
   0.00000000   0.00000000
    -0.262992     0.106070     0.213321     0.405631   0.00000000   0.00000000
   0.00000000   0.00000000
    -0.097594     0.036052     0.028710     0.092043   0.00000000   0.00000000
   0.00000000   0.00000000
   0.00000000   0.00000000   0.00000000   0.00000000   0.00000000   0.00000000
     1.000000   0.00000000
     0.315609    -0.133540    -0.208714    -0.905088   0.00000000   0.00000000
   0.00000000   0.00000000
     0.509276    -0.255032    -0.785336    -1.350078   0.00000000   0.00000000
   0.00000000   0.00000000
   0.00000000   0.00000000   0.00000000   0.00000000   0.00000000   0.00000000
   0.00000000     1.000000
     0.304849    -0.244349     0.025564     3.658513   0.00000000   0.00000000
   0.00000000   0.00000000
     0.075805     0.192980     1.653004    -1.735490   0.00000000   0.00000000
   0.00000000   0.00000000
     0.008151     0.607237    -0.268425    -1.237926   0.00000000   0.00000000
   0.00000000   0.00000000
     0.001833     0.357315    -0.783641     1.084031   0.00000000   0.00000000
   0.00000000   0.00000000
     0.000016     0.048367    -0.151939     0.203423     1.000000   0.00000000
   0.00000000   0.00000000
   0.00000000   0.00000000   0.00000000   0.00000000   0.00000000     1.000000
   0.00000000   0.00000000

   59.141498   31.152672   16.409611    8.643731    4.553069
    2.398321    2.187700    1.263311    0.665447    0.628500
    0.350523    0.184637    0.097257    0.051230    0.026985
    0.010794

    -0.000018     0.000004    -0.000093   0.00000000   0.00000000   0.00000000
   0.00000000
     0.000192    -0.000145     0.000268   0.00000000   0.00000000   0.00000000
   0.00000000
    -0.002176     0.002353     0.001617   0.00000000   0.00000000   0.00000000
   0.00000000
     0.021692    -0.026038    -0.030250   0.00000000   0.00000000   0.00000000
   0.00000000
    -0.090754     0.114444     0.145594   0.00000000   0.00000000   0.00000000
   0.00000000
     0.020530    -0.034208    -0.034787   0.00000000   0.00000000   0.00000000
   0.00000000
   0.00000000   0.00000000   0.00000000   0.00000000   0.00000000     1.000000
   0.00000000
     0.186231    -0.264650    -0.474091   0.00000000   0.00000000   0.00000000
   0.00000000
     0.293416    -0.428609    -0.632430   0.00000000   0.00000000   0.00000000
   0.00000000
   0.00000000   0.00000000   0.00000000   0.00000000   0.00000000   0.00000000
     1.000000
     0.318966    -0.180460     0.951265   0.00000000   0.00000000   0.00000000
   0.00000000
     0.250500     0.391239     0.599998   0.00000000   0.00000000   0.00000000
   0.00000000
     0.143103     0.469584    -0.600567   0.00000000   0.00000000   0.00000000
   0.00000000
     0.043961     0.178433    -0.399235   0.00000000   0.00000000   0.00000000
   0.00000000
     0.004586     0.018871    -0.072642     1.000000   0.00000000   0.00000000
   0.00000000
   0.00000000   0.00000000   0.00000000   0.00000000     1.000000   0.00000000
   0.00000000

    1.354600    0.614200    0.208600    0.070800

     1.000000   0.00000000   0.00000000   0.00000000
   0.00000000     1.000000   0.00000000   0.00000000
   0.00000000   0.00000000     1.000000   0.00000000
   0.00000000   0.00000000   0.00000000     1.000000

    1.425000    0.478000    0.160400

     1.000000   0.00000000   0.00000000
   0.00000000     1.000000   0.00000000
   0.00000000   0.00000000     1.000000

Ta:aug-cc-pV5Z-ccECP
ccECP aug-cc-pV5Z for Ta | source recipes/Ta/ccECP/Ta.aug-cc-pV5Z.gamess | ccECP from Haihan Zhou et al. Journal of Chemical Physics (2024) https://doi.org/10.1063/5.0180057

  7
    0    1    2    3    4    5    6
    8    8    7    5    4    3    2
   14   14   14    5    4    3    2

   53.770584   28.316455   14.911901    7.852847    4.135435
    2.177787    1.146858    0.603954    0.318052    0.167491
    0.088204    0.046449    0.024461    0.009784

     0.002606    -0.000908     0.001469    -0.002830    -0.006338     0.002144
   0.00000000   0.00000000
    -0.022783     0.007946    -0.012800     0.023166     0.042127     0.000980
   0.00000000   0.00000000
     0.069501    -0.025155     0.040982    -0.075252    -0.135157    -0.004000
   0.00000000   0.00000000
     0.128459    -0.041258     0.062825    -0.081946     0.072702    -0.493436
   0.00000000   0.00000000
    -0.657246     0.242958    -0.386990     0.635246     0.185955     2.144384
   0.00000000   0.00000000
    -0.111120     0.018593    -0.058799     0.184257     1.804007    -1.078412
   0.00000000   0.00000000
     0.680187    -0.280377     0.534461    -1.773910    -6.301462    -7.896356
   0.00000000   0.00000000
     0.575773    -0.360732     0.967804    -1.013732     5.527389    18.783927
   0.00000000   0.00000000
     0.130986    -0.151279    -0.417547     4.116716     2.604455   -21.549280
   0.00000000   0.00000000
     0.005563     0.205809    -1.591023    -0.945821    -8.721300    13.994658
   0.00000000   0.00000000
     0.000881     0.526955    -0.193672    -2.527059     5.947899    -2.854773
   0.00000000   0.00000000
    -0.000081     0.425398     0.948109     0.676334     0.252968    -3.161844
   0.00000000   0.00000000
     0.000019     0.103959     0.415746     0.938266    -1.580676     2.133622
     1.000000   0.00000000
   0.00000000   0.00000000   0.00000000   0.00000000   0.00000000   0.00000000
   0.00000000     1.000000

   74.342249   39.047572   20.509373   10.772357    5.658080
    2.971854    1.560938    0.819868    0.430628    0.226183
    0.118801    0.062399    0.032774    0.013110

    -0.000421     0.000147     0.000366     0.000398    -0.003813     0.002277
   0.00000000   0.00000000
     0.003346    -0.001212    -0.002666    -0.003499     0.016520    -0.013124
   0.00000000   0.00000000
    -0.022879     0.008633     0.017129     0.027187    -0.029616     0.064040
   0.00000000   0.00000000
     0.121169    -0.047212    -0.091057    -0.161310    -0.039873    -0.312949
   0.00000000   0.00000000
    -0.262992     0.106070     0.213321     0.405631     0.147775     0.825266
   0.00000000   0.00000000
    -0.097594     0.036052     0.028710     0.092043     0.994334     0.214107
   0.00000000   0.00000000
     0.315609    -0.133540    -0.208714    -0.905088    -3.850020    -5.302498
   0.00000000   0.00000000
     0.509276    -0.255032    -0.785336    -1.350078     3.794498    11.279462
   0.00000000   0.00000000
     0.304849    -0.244349     0.025564     3.658513     0.685769   -14.002081
   0.00000000   0.00000000
     0.075805     0.192980     1.653004    -1.735490    -5.345789    12.148811
   0.00000000   0.00000000
     0.008151     0.607237    -0.268425    -1.237926     5.795802    -7.038999
   0.00000000   0.00000000
     0.001833     0.357315    -0.783641     1.084031    -2.495457     1.875395
   0.00000000   0.00000000
     0.000016     0.048367    -0.151939     0.203423    -0.010243     0.265812
     1.000000   0.00000000
   0.00000000   0.00000000   0.00000000   0.00000000   0.00000000   0.00000000
   0.00000000     1.000000

   59.141498   31.152672   16.409611    8.643731    4.553069
    2.398321    1.263311    0.665447    0.350523    0.184637
    0.097257    0.051230    0.026985    0.010794

    -0.000018     0.000004    -0.000093    -0.001057    -0.001018   0.00000000
   0.00000000
     0.000192    -0.000145     0.000268     0.004531     0.004291   0.00000000
   0.00000000
    -0.002176     0.002353     0.001617    -0.009703    -0.007570   0.00000000
   0.00000000
     0.021692    -0.026038    -0.030250    -0.014561    -0.039625   0.00000000
   0.00000000
    -0.090754     0.114444     0.145594     0.159384     0.309998   0.00000000
   0.00000000
     0.020530    -0.034208    -0.034787     0.037665    -0.177827   0.00000000
   0.00000000
     0.186231    -0.264650    -0.474091    -1.238716    -2.185864   0.00000000
   0.00000000
     0.293416    -0.428609    -0.632430     0.449522     4.139829   0.00000000
   0.00000000
     0.318966    -0.180460     0.951265     1.913594    -3.133305   0.00000000
   0.00000000
     0.250500     0.391239     0.599998    -2.233922     0.174279   0.00000000
   0.00000000
     0.143103     0.469584    -0.600567     0.312433     1.793816   0.00000000
   0.00000000
     0.043961     0.178433    -0.399235     0.549632    -1.172929   0.00000000
   0.00000000
     0.004586     0.018871    -0.072642     0.167174    -0.141357     1.000000
   0.00000000
   0.00000000   0.00000000   0.00000000   0.00000000   0.00000000   0.00000000
     1.000000

    1.204500    0.536100    0.238600    0.106200    0.038600

     1.000000   0.00000000   0.00000000   0.00000000   0.00000000
   0.00000000     1.000000   0.00000000   0.00000000   0.00000000
   0.00000000   0.00000000     1.000000   0.00000000   0.00000000
   0.00000000   0.00000000   0.00000000     1.000000   0.00000000
   0.00000000   0.00000000   0.00000000   0.00000000     1.000000

    1.323400    0.516300    0.201500    0.072500

     1.000000   0.00000000   0.00000000   0.00000000
   0.00000000     1.000000   0.00000000   0.00000000
   0.00000000   0.00000000     1.000000   0.00000000
   0.00000000   0.00000000   0.00000000     1.000000

    0.977900    0.350300    0.124900

     1.000000   0.00000000   0.00000000
   0.00000000     1.000000   0.00000000
   0.00000000   0.00000000     1.000000

    0.649600    0.233100

     1.000000   0.00000000
   0.00000000     1.000000

Ta:aug-cc-pVDZ-ccECP
ccECP aug-cc-pVDZ for Ta | source recipes/Ta/ccECP/Ta.aug-cc-pVDZ.gamess | ccECP from Haihan Zhou et al. Journal of Chemical Physics (2024) https://doi.org/10.1063/5.0180057

  4
    0    1    2    3
    5    5    4    2
   14   14   14    2

   53.770584   28.316455   14.911901    7.852847    4.135435
    2.177787    1.146858    0.603954    0.318052    0.167491
    0.088204    0.046449    0.024461    0.009784

     0.002606    -0.000908     0.001469   0.00000000   0.00000000
    -0.022783     0.007946    -0.012800   0.00000000   0.00000000
     0.069501    -0.025155     0.040982   0.00000000   0.00000000
     0.128459    -0.041258     0.062825   0.00000000   0.00000000
    -0.657246     0.242958    -0.386990   0.00000000   0.00000000
    -0.111120     0.018593    -0.058799   0.00000000   0.00000000
     0.680187    -0.280377     0.534461   0.00000000   0.00000000
     0.575773    -0.360732     0.967804   0.00000000   0.00000000
     0.130986    -0.151279    -0.417547   0.00000000   0.00000000
     0.005563     0.205809    -1.591023   0.00000000   0.00000000
     0.000881     0.526955    -0.193672   0.00000000   0.00000000
    -0.000081     0.425398     0.948109   0.00000000   0.00000000
     0.000019     0.103959     0.415746     1.000000   0.00000000
   0.00000000   0.00000000   0.00000000   0.00000000     1.000000

   74.342249   39.047572   20.509373   10.772357    5.658080
    2.971854    1.560938    0.819868    0.430628    0.226183
    0.118801    0.062399    0.032774    0.013110

    -0.000421     0.000147     0.000366   0.00000000   0.00000000
     0.003346    -0.001212    -0.002666   0.00000000   0.00000000
    -0.022879     0.008633     0.017129   0.00000000   0.00000000
     0.121169    -0.047212    -0.091057   0.00000000   0.00000000
    -0.262992     0.106070     0.213321   0.00000000   0.00000000
    -0.097594     0.036052     0.028710   0.00000000   0.00000000
     0.315609    -0.133540    -0.208714   0.00000000   0.00000000
     0.509276    -0.255032    -0.785336   0.00000000   0.00000000
     0.304849    -0.244349     0.025564   0.00000000   0.00000000
     0.075805     0.192980     1.653004   0.00000000   0.00000000
     0.008151     0.607237    -0.268425   0.00000000   0.00000000
     0.001833     0.357315    -0.783641   0.00000000   0.00000000
     0.000016     0.048367    -0.151939     1.000000   0.00000000
   0.00000000   0.00000000   0.00000000   0.00000000     1.000000

   59.141498   31.152672   16.409611    8.643731    4.553069
    2.398321    1.263311    0.665447    0.350523    0.184637
    0.097257    0.051230    0.026985    0.010794

    -0.000018     0.000004   0.00000000   0.00000000
     0.000192    -0.000145   0.00000000   0.00000000
    -0.002176     0.002353   0.00000000   0.00000000
     0.021692    -0.026038   0.00000000   0.00000000
    -0.090754     0.114444   0.00000000   0.00000000
     0.020530    -0.034208   0.00000000   0.00000000
     0.186231    -0.264650   0.00000000   0.00000000
     0.293416    -0.428609   0.00000000   0.00000000
     0.318966    -0.180460   0.00000000   0.00000000
     0.250500     0.391239   0.00000000   0.00000000
     0.143103     0.469584   0.00000000   0.00000000
     0.043961     0.178433   0.00000000   0.00000000
     0.004586     0.018871     1.000000   0.00000000
   0.00000000   0.00000000   0.00000000     1.000000

    0.373500    0.128600

     1.000000   0.00000000
   0.00000000     1.000000

Ta:aug-cc-pVQZ-ccECP
ccECP aug-cc-pVQZ for Ta | source recipes/Ta/ccECP/Ta.aug-cc-pVQZ.gamess | ccECP from Haihan Zhou et al. Journal of Chemical Physics (2024) https://doi.org/10.1063/5.0180057

  6
    0    1    2    3    4    5
    7    7    6    4    3    2
   14   14   14    4    3    2

   53.770584   28.316455   14.911901    7.852847    4.135435
    2.177787    1.146858    0.603954    0.318052    0.167491
    0.088204    0.046449    0.024461    0.009784

     0.002606    -0.000908     0.001469    -0.002830    -0.006338   0.00000000
   0.00000000
    -0.022783     0.007946    -0.012800     0.023166     0.042127   0.00000000
   0.00000000
     0.069501    -0.025155     0.040982    -0.075252    -0.135157   0.00000000
   0.00000000
     0.128459    -0.041258     0.062825    -0.081946     0.072702   0.00000000
   0.00000000
    -0.657246     0.242958    -0.386990     0.635246     0.185955   0.00000000
   0.00000000
    -0.111120     0.018593    -0.058799     0.184257     1.804007   0.00000000
   0.00000000
     0.680187    -0.280377     0.534461    -1.773910    -6.301462   0.00000000
   0.00000000
     0.575773    -0.360732     0.967804    -1.013732     5.527389   0.00000000
   0.00000000
     0.130986    -0.151279    -0.417547     4.116716     2.604455   0.00000000
   0.00000000
     0.005563     0.205809    -1.591023    -0.945821    -8.721300   0.00000000
   0.00000000
     0.000881     0.526955    -0.193672    -2.527059     5.947899   0.00000000
   0.00000000
    -0.000081     0.425398     0.948109     0.676334     0.252968   0.00000000
   0.00000000
     0.000019     0.103959     0.415746     0.938266    -1.580676     1.000000
   0.00000000
   0.00000000   0.00000000   0.00000000   0.00000000   0.00000000   0.00000000
     1.000000

   74.342249   39.047572   20.509373   10.772357    5.658080
    2.971854    1.560938    0.819868    0.430628    0.226183
    0.118801    0.062399    0.032774    0.013110

    -0.000421     0.000147     0.000366     0.000398    -0.003813   0.00000000
   0.00000000
     0.003346    -0.001212    -0.002666    -0.003499     0.016520   0.00000000
   0.00000000
    -0.022879     0.008633     0.017129     0.027187    -0.029616   0.00000000
   0.00000000
     0.121169    -0.047212    -0.091057    -0.161310    -0.039873   0.00000000
   0.00000000
    -0.262992     0.106070     0.213321     0.405631     0.147775   0.00000000
   0.00000000
    -0.097594     0.036052     0.028710     0.092043     0.994334   0.00000000
   0.00000000
     0.315609    -0.133540    -0.208714    -0.905088    -3.850020   0.00000000
   0.00000000
     0.509276    -0.255032    -0.785336    -1.350078     3.794498   0.00000000
   0.00000000
     0.304849    -0.244349     0.025564     3.658513     0.685769   0.00000000
   0.00000000
     0.075805     0.192980     1.653004    -1.735490    -5.345789   0.00000000
   0.00000000
     0.008151     0.607237    -0.268425    -1.237926     5.795802   0.00000000
   0.00000000
     0.001833     0.357315    -0.783641     1.084031    -2.495457   0.00000000
   0.00000000
     0.000016     0.048367    -0.151939     0.203423    -0.010243     1.000000
   0.00000000
   0.00000000   0.00000000   0.00000000   0.00000000   0.00000000   0.00000000
     1.000000

   59.141498   31.152672   16.409611    8.643731    4.553069
    2.398321    1.263311    0.665447    0.350523    0.184637
    0.097257    0.051230    0.026985    0.010794

    -0.000018     0.000004    -0.000093    -0.001057   0.00000000   0.00000000
     0.000192    -0.000145     0.000268     0.004531   0.00000000   0.00000000
    -0.002176     0.002353     0.001617    -0.009703   0.00000000   0.00000000
     0.021692    -0.026038    -0.030250    -0.014561   0.00000000   0.00000000
    -0.090754     0.114444     0.145594     0.159384   0.00000000   0.00000000
     0.020530    -0.034208    -0.034787     0.037665   0.00000000   0.00000000
     0.186231    -0.264650    -0.474091    -1.238716   0.00000000   0.00000000
     0.293416    -0.428609    -0.632430     0.449522   0.00000000   0.00000000
     0.318966    -0.180460     0.951265     1.913594   0.00000000   0.00000000
     0.250500     0.391239     0.599998    -2.233922   0.00000000   0.00000000
     0.143103     0.469584    -0.600567     0.312433   0.00000000   0.00000000
     0.043961     0.178433    -0.399235     0.549632   0.00000000   0.00000000
     0.004586     0.018871    -0.072642     0.167174     1.000000   0.00000000
   0.00000000   0.00000000   0.00000000   0.00000000   0.00000000     1.000000

    0.963400    0.365100    0.138400    0.049700

     1.000000   0.00000000   0.00000000   0.00000000
   0.00000000     1.000000   0.00000000   0.00000000
   0.00000000   0.00000000     1.000000   0.00000000
   0.00000000   0.00000000   0.00000000     1.000000

    0.897000    0.286200    0.101600

     1.000000   0.00000000   0.00000000
   0.00000000     1.000000   0.00000000
   0.00000000   0.00000000     1.000000

    0.553200    0.193400

     1.000000   0.00000000
   0.00000000     1.000000

Ta:aug-cc-pVTZ-ccECP
ccECP aug-cc-pVTZ for Ta | source recipes/Ta/ccECP/Ta.aug-cc-pVTZ.gamess | ccECP from Haihan Zhou et al. Journal of Chemical Physics (2024) https://doi.org/10.1063/5.0180057

  5
    0    1    2    3    4
    6    6    5    3    2
   14   14   14    3    2

   53.770584   28.316455   14.911901    7.852847    4.135435
    2.177787    1.146858    0.603954    0.318052    0.167491
    0.088204    0.046449    0.024461    0.009784

     0.002606    -0.000908     0.001469    -0.002830   0.00000000   0.00000000
    -0.022783     0.007946    -0.012800     0.023166   0.00000000   0.00000000
     0.069501    -0.025155     0.040982    -0.075252   0.00000000   0.00000000
     0.128459    -0.041258     0.062825    -0.081946   0.00000000   0.00000000
    -0.657246     0.242958    -0.386990     0.635246   0.00000000   0.00000000
    -0.111120     0.018593    -0.058799     0.184257   0.00000000   0.00000000
     0.680187    -0.280377     0.534461    -1.773910   0.00000000   0.00000000
     0.575773    -0.360732     0.967804    -1.013732   0.00000000   0.00000000
     0.130986    -0.151279    -0.417547     4.116716   0.00000000   0.00000000
     0.005563     0.205809    -1.591023    -0.945821   0.00000000   0.00000000
     0.000881     0.526955    -0.193672    -2.527059   0.00000000   0.00000000
    -0.000081     0.425398     0.948109     0.676334   0.00000000   0.00000000
     0.000019     0.103959     0.415746     0.938266     1.000000   0.00000000
   0.00000000   0.00000000   0.00000000   0.00000000   0.00000000     1.000000

   74.342249   39.047572   20.509373   10.772357    5.658080
    2.971854    1.560938    0.819868    0.430628    0.226183
    0.118801    0.062399    0.032774    0.013110

    -0.000421     0.000147     0.000366     0.000398   0.00000000   0.00000000
     0.003346    -0.001212    -0.002666    -0.003499   0.00000000   0.00000000
    -0.022879     0.008633     0.017129     0.027187   0.00000000   0.00000000
     0.121169    -0.047212    -0.091057    -0.161310   0.00000000   0.00000000
    -0.262992     0.106070     0.213321     0.405631   0.00000000   0.00000000
    -0.097594     0.036052     0.028710     0.092043   0.00000000   0.00000000
     0.315609    -0.133540    -0.208714    -0.905088   0.00000000   0.00000000
     0.509276    -0.255032    -0.785336    -1.350078   0.00000000   0.00000000
     0.304849    -0.244349     0.025564     3.658513   0.00000000   0.00000000
     0.075805     0.192980     1.653004    -1.735490   0.00000000   0.00000000
     0.008151     0.607237    -0.268425    -1.237926   0.00000000   0.00000000
     0.001833     0.357315    -0.783641     1.084031   0.00000000   0.00000000
     0.000016     0.048367    -0.151939     0.203423     1.000000   0.00000000
   0.00000000   0.00000000   0.00000000   0.00000000   0.00000000     1.000000

   59.141498   31.152672   16.409611    8.643731    4.553069
    2.398321    1.263311    0.665447    0.350523    0.184637
    0.097257    0.051230    0.026985    0.010794

    -0.000018     0.000004    -0.000093   0.00000000   0.00000000
     0.000192    -0.000145     0.000268   0.00000000   0.00000000
    -0.002176     0.002353     0.001617   0.00000000   0.00000000
     0.021692    -0.026038    -0.030250   0.00000000   0.00000000
    -0.090754     0.114444     0.145594   0.00000000   0.00000000
     0.020530    -0.034208    -0.034787   0.00000000   0.00000000
     0.186231    -0.264650    -0.474091   0.00000000   0.00000000
     0.293416    -0.428609    -0.632430   0.00000000   0.00000000
     0.318966    -0.180460     0.951265   0.00000000   0.00000000
     0.250500     0.391239     0.599998   0.00000000   0.00000000
     0.143103     0.469584    -0.600567   0.00000000   0.00000000
     0.043961     0.178433    -0.399235   0.00000000   0.00000000
     0.004586     0.018871    -0.072642     1.000000   0.00000000
   0.00000000   0.00000000   0.00000000   0.00000000     1.000000

    0.695100    0.208600    0.070800

     1.000000   0.00000000   0.00000000
   0.00000000     1.000000   0.00000000
   0.00000000   0.00000000     1.000000

    0.478000    0.160400

     1.000000   0.00000000
   0.00000000     1.000000

Ta:cc-pCV5Z-ccECP
ccECP cc-pCV5Z for Ta | source recipes/Ta/ccECP/Ta.cc-pCV5Z.gamess | ccECP from Haihan Zhou et al. Journal of Chemical Physics (2024) https://doi.org/10.1063/5.0180057

  7
    0    1    2    3    4    5    6
    9    9    8    5    4    3    2
   15   15   15    5    4    3    2

   53.770584   28.316455   14.911901    7.852847    4.760000
    4.135435    2.800000    2.177787    1.146858    0.603954
    0.318052    0.167491    0.088204    0.046449    0.024461

     0.002606    -0.000908     0.001469    -0.002830    -0.006338     0.002144
   0.00000000   0.00000000   0.00000000
    -0.022783     0.007946    -0.012800     0.023166     0.042127     0.000980
   0.00000000   0.00000000   0.00000000
     0.069501    -0.025155     0.040982    -0.075252    -0.135157    -0.004000
   0.00000000   0.00000000   0.00000000
     0.128459    -0.041258     0.062825    -0.081946     0.072702    -0.493436
   0.00000000   0.00000000   0.00000000
   0.00000000   0.00000000   0.00000000   0.00000000   0.00000000   0.00000000
   0.00000000     1.000000   0.00000000
    -0.657246     0.242958    -0.386990     0.635246     0.185955     2.144384
   0.00000000   0.00000000   0.00000000
   0.00000000   0.00000000   0.00000000   0.00000000   0.00000000   0.00000000
   0.00000000   0.00000000     1.000000
    -0.111120     0.018593    -0.058799     0.184257     1.804007    -1.078412
   0.00000000   0.00000000   0.00000000
     0.680187    -0.280377     0.534461    -1.773910    -6.301462    -7.896356
   0.00000000   0.00000000   0.00000000
     0.575773    -0.360732     0.967804    -1.013732     5.527389    18.783927
   0.00000000   0.00000000   0.00000000
     0.130986    -0.151279    -0.417547     4.116716     2.604455   -21.549280
   0.00000000   0.00000000   0.00000000
     0.005563     0.205809    -1.591023    -0.945821    -8.721300    13.994658
   0.00000000   0.00000000   0.00000000
     0.000881     0.526955    -0.193672    -2.527059     5.947899    -2.854773
   0.00000000   0.00000000   0.00000000
    -0.000081     0.425398     0.948109     0.676334     0.252968    -3.161844
   0.00000000   0.00000000   0.00000000
     0.000019     0.103959     0.415746     0.938266    -1.580676     2.133622
     1.000000   0.00000000   0.00000000

   74.342249   39.047572   20.509373   10.772357    5.658080
    4.407600    2.971854    2.755700    1.560938    0.819868
    0.430628    0.226183    0.118801    0.062399    0.032774

    -0.000421     0.000147     0.000366     0.000398    -0.003813     0.002277
   0.00000000   0.00000000   0.00000000
     0.003346    -0.001212    -0.002666    -0.003499     0.016520    -0.013124
   0.00000000   0.00000000   0.00000000
    -0.022879     0.008633     0.017129     0.027187    -0.029616     0.064040
   0.00000000   0.00000000   0.00000000
     0.121169    -0.047212    -0.091057    -0.161310    -0.039873    -0.312949
   0.00000000   0.00000000   0.00000000
    -0.262992     0.106070     0.213321     0.405631     0.147775     0.825266
   0.00000000   0.00000000   0.00000000
   0.00000000   0.00000000   0.00000000   0.00000000   0.00000000   0.00000000
   0.00000000     1.000000   0.00000000
    -0.097594     0.036052     0.028710     0.092043     0.994334     0.214107
   0.00000000   0.00000000   0.00000000
   0.00000000   0.00000000   0.00000000   0.00000000   0.00000000   0.00000000
   0.00000000   0.00000000     1.000000
     0.315609    -0.133540    -0.208714    -0.905088    -3.850020    -5.302498
   0.00000000   0.00000000   0.00000000
     0.509276    -0.255032    -0.785336    -1.350078     3.794498    11.279462
   0.00000000   0.00000000   0.00000000
     0.304849    -0.244349     0.025564     3.658513     0.685769   -14.002081
   0.00000000   0.00000000   0.00000000
     0.075805     0.192980     1.653004    -1.735490    -5.345789    12.148811
   0.00000000   0.00000000   0.00000000
     0.008151     0.607237    -0.268425    -1.237926     5.795802    -7.038999
   0.00000000   0.00000000   0.00000000
     0.001833     0.357315    -0.783641     1.084031    -2.495457     1.875395
   0.00000000   0.00000000   0.00000000
     0.000016     0.048367    -0.151939     0.203423    -0.010243     0.265812
     1.000000   0.00000000   0.00000000

   59.141498   31.152672   16.409611    8.643731    4.553069
    3.553400    2.398321    2.222000    1.263311    0.665447
    0.350523    0.184637    0.097257    0.051230    0.026985

    -0.000018     0.000004    -0.000093    -0.001057    -0.001018   0.00000000
   0.00000000   0.00000000
     0.000192    -0.000145     0.000268     0.004531     0.004291   0.00000000
   0.00000000   0.00000000
    -0.002176     0.002353     0.001617    -0.009703    -0.007570   0.00000000
   0.00000000   0.00000000
     0.021692    -0.026038    -0.030250    -0.014561    -0.039625   0.00000000
   0.00000000   0.00000000
    -0.090754     0.114444     0.145594     0.159384     0.309998   0.00000000
   0.00000000   0.00000000
   0.00000000   0.00000000   0.00000000   0.00000000   0.00000000   0.00000000
     1.000000   0.00000000
     0.020530    -0.034208    -0.034787     0.037665    -0.177827   0.00000000
   0.00000000   0.00000000
   0.00000000   0.00000000   0.00000000   0.00000000   0.00000000   0.00000000
   0.00000000     1.000000
     0.186231    -0.264650    -0.474091    -1.238716    -2.185864   0.00000000
   0.00000000   0.00000000
     0.293416    -0.428609    -0.632430     0.449522     4.139829   0.00000000
   0.00000000   0.00000000
     0.318966    -0.180460     0.951265     1.913594    -3.133305   0.00000000
   0.00000000   0.00000000
     0.250500     0.391239     0.599998    -2.233922     0.174279   0.00000000
   0.00000000   0.00000000
     0.143103     0.469584    -0.600567     0.312433     1.793816   0.00000000
   0.00000000   0.00000000
     0.043961     0.178433    -0.399235     0.549632    -1.172929   0.00000000
   0.00000000   0.00000000
     0.004586     0.018871    -0.072642     0.167174    -0.141357     1.000000
   0.00000000   0.00000000

    1.903800    1.019500    0.545900    0.292300    0.106200

     1.000000   0.00000000   0.00000000   0.00000000   0.00000000
   0.00000000     1.000000   0.00000000   0.00000000   0.00000000
   0.00000000   0.00000000     1.000000   0.00000000   0.00000000
   0.00000000   0.00000000   0.00000000     1.000000   0.00000000
   0.00000000   0.00000000   0.00000000   0.00000000     1.000000

    2.151600    1.097200    0.559600    0.201500

     1.000000   0.00000000   0.00000000   0.00000000
   0.00000000     1.000000   0.00000000   0.00000000
   0.00000000   0.00000000     1.000000   0.00000000
   0.00000000   0.00000000   0.00000000     1.000000

    2.002500    0.982400    0.350300

     1.000000   0.00000000   0.00000000
   0.00000000     1.000000   0.00000000
   0.00000000   0.00000000     1.000000

    1.810200    0.649600

     1.000000   0.00000000
   0.00000000     1.000000

Ta:cc-pCVDZ-ccECP
ccECP cc-pCVDZ for Ta | source recipes/Ta/ccECP/Ta.cc-pCVDZ.gamess | ccECP from Haihan Zhou et al. Journal of Chemical Physics (2024) https://doi.org/10.1063/5.0180057

  4
    0    1    2    3
    5    5    4    2
   14   14   14    2

   53.770584   28.316455   14.911901    7.852847    4.135435
    2.177787    1.290300    1.146858    0.603954    0.318052
    0.167491    0.088204    0.046449    0.024461

     0.002606    -0.000908     0.001469   0.00000000   0.00000000
    -0.022783     0.007946    -0.012800   0.00000000   0.00000000
     0.069501    -0.025155     0.040982   0.00000000   0.00000000
     0.128459    -0.041258     0.062825   0.00000000   0.00000000
    -0.657246     0.242958    -0.386990   0.00000000   0.00000000
    -0.111120     0.018593    -0.058799   0.00000000   0.00000000
   0.00000000   0.00000000   0.00000000   0.00000000     1.000000
     0.680187    -0.280377     0.534461   0.00000000   0.00000000
     0.575773    -0.360732     0.967804   0.00000000   0.00000000
     0.130986    -0.151279    -0.417547   0.00000000   0.00000000
     0.005563     0.205809    -1.591023   0.00000000   0.00000000
     0.000881     0.526955    -0.193672   0.00000000   0.00000000
    -0.000081     0.425398     0.948109   0.00000000   0.00000000
     0.000019     0.103959     0.415746     1.000000   0.00000000

   74.342249   39.047572   20.509373   10.772357    5.658080
    2.971854    1.888100    1.560938    0.819868    0.430628
    0.226183    0.118801    0.062399    0.032774

    -0.000421     0.000147     0.000366   0.00000000   0.00000000
     0.003346    -0.001212    -0.002666   0.00000000   0.00000000
    -0.022879     0.008633     0.017129   0.00000000   0.00000000
     0.121169    -0.047212    -0.091057   0.00000000   0.00000000
    -0.262992     0.106070     0.213321   0.00000000   0.00000000
    -0.097594     0.036052     0.028710   0.00000000   0.00000000
   0.00000000   0.00000000   0.00000000   0.00000000     1.000000
     0.315609    -0.133540    -0.208714   0.00000000   0.00000000
     0.509276    -0.255032    -0.785336   0.00000000   0.00000000
     0.304849    -0.244349     0.025564   0.00000000   0.00000000
     0.075805     0.192980     1.653004   0.00000000   0.00000000
     0.008151     0.607237    -0.268425   0.00000000   0.00000000
     0.001833     0.357315    -0.783641   0.00000000   0.00000000
     0.000016     0.048367    -0.151939     1.000000   0.00000000

   59.141498   31.152672   16.409611    8.643731    4.553069
    2.398321    1.263311    1.185800    0.665447    0.350523
    0.184637    0.097257    0.051230    0.026985

    -0.000018     0.000004   0.00000000   0.00000000
     0.000192    -0.000145   0.00000000   0.00000000
    -0.002176     0.002353   0.00000000   0.00000000
     0.021692    -0.026038   0.00000000   0.00000000
    -0.090754     0.114444   0.00000000   0.00000000
     0.020530    -0.034208   0.00000000   0.00000000
     0.186231    -0.264650   0.00000000   0.00000000
   0.00000000   0.00000000   0.00000000     1.000000
     0.293416    -0.428609   0.00000000   0.00000000
     0.318966    -0.180460   0.00000000   0.00000000
     0.250500     0.391239   0.00000000   0.00000000
     0.143103     0.469584   0.00000000   0.00000000
     0.043961     0.178433   0.00000000   0.00000000
     0.004586     0.018871     1.000000   0.00000000

    1.084500    0.373500

     1.000000   0.00000000
   0.00000000     1.000000

Ta:cc-pCVQZ-ccECP
ccECP cc-pCVQZ for Ta | source recipes/Ta/ccECP/Ta.cc-pCVQZ.gamess | ccECP from Haihan Zhou et al. Journal of Chemical Physics (2024) https://doi.org/10.1063/5.0180057

  6
    0    1    2    3    4    5
    8    8    7    4    3    2
   15   15   15    4    3    2

   53.770584   28.316455   14.911901    7.852847    4.135435
    2.177787    1.146858    0.623700    0.603954    0.390200
    0.318052    0.167491    0.088204    0.046449    0.024461

     0.002606    -0.000908     0.001469    -0.002830    -0.006338   0.00000000
   0.00000000   0.00000000
    -0.022783     0.007946    -0.012800     0.023166     0.042127   0.00000000
   0.00000000   0.00000000
     0.069501    -0.025155     0.040982    -0.075252    -0.135157   0.00000000
   0.00000000   0.00000000
     0.128459    -0.041258     0.062825    -0.081946     0.072702   0.00000000
   0.00000000   0.00000000
    -0.657246     0.242958    -0.386990     0.635246     0.185955   0.00000000
   0.00000000   0.00000000
    -0.111120     0.018593    -0.058799     0.184257     1.804007   0.00000000
   0.00000000   0.00000000
     0.680187    -0.280377     0.534461    -1.773910    -6.301462   0.00000000
   0.00000000   0.00000000
   0.00000000   0.00000000   0.00000000   0.00000000   0.00000000   0.00000000
     1.000000   0.00000000
     0.575773    -0.360732     0.967804    -1.013732     5.527389   0.00000000
   0.00000000   0.00000000
   0.00000000   0.00000000   0.00000000   0.00000000   0.00000000   0.00000000
   0.00000000     1.000000
     0.130986    -0.151279    -0.417547     4.116716     2.604455   0.00000000
   0.00000000   0.00000000
     0.005563     0.205809    -1.591023    -0.945821    -8.721300   0.00000000
   0.00000000   0.00000000
     0.000881     0.526955    -0.193672    -2.527059     5.947899   0.00000000
   0.00000000   0.00000000
    -0.000081     0.425398     0.948109     0.676334     0.252968   0.00000000
   0.00000000   0.00000000
     0.000019     0.103959     0.415746     0.938266    -1.580676     1.000000
   0.00000000   0.00000000

   74.342249   39.047572   20.509373   10.772357    5.658080
    2.971854    1.668200    1.560938    1.042000    0.819868
    0.430628    0.226183    0.118801    0.062399    0.032774

    -0.000421     0.000147     0.000366     0.000398    -0.003813   0.00000000
   0.00000000   0.00000000
     0.003346    -0.001212    -0.002666    -0.003499     0.016520   0.00000000
   0.00000000   0.00000000
    -0.022879     0.008633     0.017129     0.027187    -0.029616   0.00000000
   0.00000000   0.00000000
     0.121169    -0.047212    -0.091057    -0.161310    -0.039873   0.00000000
   0.00000000   0.00000000
    -0.262992     0.106070     0.213321     0.405631     0.147775   0.00000000
   0.00000000   0.00000000
    -0.097594     0.036052     0.028710     0.092043     0.994334   0.00000000
   0.00000000   0.00000000
   0.00000000   0.00000000   0.00000000   0.00000000   0.00000000   0.00000000
     1.000000   0.00000000
     0.315609    -0.133540    -0.208714    -0.905088    -3.850020   0.00000000
   0.00000000   0.00000000
   0.00000000   0.00000000   0.00000000   0.00000000   0.00000000   0.00000000
   0.00000000     1.000000
     0.509276    -0.255032    -0.785336    -1.350078     3.794498   0.00000000
   0.00000000   0.00000000
     0.304849    -0.244349     0.025564     3.658513     0.685769   0.00000000
   0.00000000   0.00000000
     0.075805     0.192980     1.653004    -1.735490    -5.345789   0.00000000
   0.00000000   0.00000000
     0.008151     0.607237    -0.268425    -1.237926     5.795802   0.00000000
   0.00000000   0.00000000
     0.001833     0.357315    -0.783641     1.084031    -2.495457   0.00000000
   0.00000000   0.00000000
     0.000016     0.048367    -0.151939     0.203423    -0.010243     1.000000
   0.00000000   0.00000000

   59.141498   31.152672   16.409611    8.643731    4.553069
    2.430400    2.398321    1.263311    0.808100    0.665447
    0.350523    0.184637    0.097257    0.051230    0.026985

    -0.000018     0.000004    -0.000093    -0.001057   0.00000000   0.00000000
   0.00000000
     0.000192    -0.000145     0.000268     0.004531   0.00000000   0.00000000
   0.00000000
    -0.002176     0.002353     0.001617    -0.009703   0.00000000   0.00000000
   0.00000000
     0.021692    -0.026038    -0.030250    -0.014561   0.00000000   0.00000000
   0.00000000
    -0.090754     0.114444     0.145594     0.159384   0.00000000   0.00000000
   0.00000000
   0.00000000   0.00000000   0.00000000   0.00000000   0.00000000     1.000000
   0.00000000
     0.020530    -0.034208    -0.034787     0.037665   0.00000000   0.00000000
   0.00000000
     0.186231    -0.264650    -0.474091    -1.238716   0.00000000   0.00000000
   0.00000000
   0.00000000   0.00000000   0.00000000   0.00000000   0.00000000   0.00000000
     1.000000
     0.293416    -0.428609    -0.632430     0.449522   0.00000000   0.00000000
   0.00000000
     0.318966    -0.180460     0.951265     1.913594   0.00000000   0.00000000
   0.00000000
     0.250500     0.391239     0.599998    -2.233922   0.00000000   0.00000000
   0.00000000
     0.143103     0.469584    -0.600567     0.312433   0.00000000   0.00000000
   0.00000000
     0.043961     0.178433    -0.399235     0.549632   0.00000000   0.00000000
   0.00000000
     0.004586     0.018871    -0.072642     0.167174     1.000000   0.00000000
   0.00000000

    1.566300    0.776900    0.385300    0.138400

     1.000000   0.00000000   0.00000000   0.00000000
   0.00000000     1.000000   0.00000000   0.00000000
   0.00000000   0.00000000     1.000000   0.00000000
   0.00000000   0.00000000   0.00000000     1.000000

    1.809400    0.805900    0.286200

     1.000000   0.00000000   0.00000000
   0.00000000     1.000000   0.00000000
   0.00000000   0.00000000     1.000000

    1.582800    0.553200

     1.000000   0.00000000
   0.00000000     1.000000

Ta:cc-pCVTZ-ccECP
ccECP cc-pCVTZ for Ta | source recipes/Ta/ccECP/Ta.cc-pCVTZ.gamess | ccECP from Haihan Zhou et al. Journal of Chemical Physics (2024) https://doi.org/10.1063/5.0180057

  5
    0    1    2    3    4
    7    7    6    3    2
   15   15   15    3    2

   53.770584   28.316455   14.911901    7.852847    4.135435
    2.177787    1.395900    1.146858    0.873500    0.603954
    0.318052    0.167491    0.088204    0.046449    0.024461

     0.002606    -0.000908     0.001469    -0.002830   0.00000000   0.00000000
   0.00000000
    -0.022783     0.007946    -0.012800     0.023166   0.00000000   0.00000000
   0.00000000
     0.069501    -0.025155     0.040982    -0.075252   0.00000000   0.00000000
   0.00000000
     0.128459    -0.041258     0.062825    -0.081946   0.00000000   0.00000000
   0.00000000
    -0.657246     0.242958    -0.386990     0.635246   0.00000000   0.00000000
   0.00000000
    -0.111120     0.018593    -0.058799     0.184257   0.00000000   0.00000000
   0.00000000
   0.00000000   0.00000000   0.00000000   0.00000000   0.00000000     1.000000
   0.00000000
     0.680187    -0.280377     0.534461    -1.773910   0.00000000   0.00000000
   0.00000000
   0.00000000   0.00000000   0.00000000   0.00000000   0.00000000   0.00000000
     1.000000
     0.575773    -0.360732     0.967804    -1.013732   0.00000000   0.00000000
   0.00000000
     0.130986    -0.151279    -0.417547     4.116716   0.00000000   0.00000000
   0.00000000
     0.005563     0.205809    -1.591023    -0.945821   0.00000000   0.00000000
   0.00000000
     0.000881     0.526955    -0.193672    -2.527059   0.00000000   0.00000000
   0.00000000
    -0.000081     0.425398     0.948109     0.676334   0.00000000   0.00000000
   0.00000000
     0.000019     0.103959     0.415746     0.938266     1.000000   0.00000000
   0.00000000

   74.342249   39.047572   20.509373   10.772357    5.658080
    2.971854    1.711800    1.560938    0.819868    0.669200
    0.430628    0.226183    0.118801    0.062399    0.032774

    -0.000421     0.000147     0.000366     0.000398   0.00000000   0.00000000
   0.00000000
     0.003346    -0.001212    -0.002666    -0.003499   0.00000000   0.00000000
   0.00000000
    -0.022879     0.008633     0.017129     0.027187   0.00000000   0.00000000
   0.00000000
     0.121169    -0.047212    -0.091057    -0.161310   0.00000000   0.00000000
   0.00000000
    -0.262992     0.106070     0.213321     0.405631   0.00000000   0.00000000
   0.00000000
    -0.097594     0.036052     0.028710     0.092043   0.00000000   0.00000000
   0.00000000
   0.00000000   0.00000000   0.00000000   0.00000000   0.00000000     1.000000
   0.00000000
     0.315609    -0.133540    -0.208714    -0.905088   0.00000000   0.00000000
   0.00000000
     0.509276    -0.255032    -0.785336    -1.350078   0.00000000   0.00000000
   0.00000000
   0.00000000   0.00000000   0.00000000   0.00000000   0.00000000   0.00000000
     1.000000
     0.304849    -0.244349     0.025564     3.658513   0.00000000   0.00000000
   0.00000000
     0.075805     0.192980     1.653004    -1.735490   0.00000000   0.00000000
   0.00000000
     0.008151     0.607237    -0.268425    -1.237926   0.00000000   0.00000000
   0.00000000
     0.001833     0.357315    -0.783641     1.084031   0.00000000   0.00000000
   0.00000000
     0.000016     0.048367    -0.151939     0.203423     1.000000   0.00000000
   0.00000000

   59.141498   31.152672   16.409611    8.643731    4.553069
    2.398321    2.187700    1.263311    0.665447    0.628500
    0.350523    0.184637    0.097257    0.051230    0.026985

    -0.000018     0.000004    -0.000093   0.00000000   0.00000000   0.00000000
     0.000192    -0.000145     0.000268   0.00000000   0.00000000   0.00000000
    -0.002176     0.002353     0.001617   0.00000000   0.00000000   0.00000000
     0.021692    -0.026038    -0.030250   0.00000000   0.00000000   0.00000000
    -0.090754     0.114444     0.145594   0.00000000   0.00000000   0.00000000
     0.020530    -0.034208    -0.034787   0.00000000   0.00000000   0.00000000
   0.00000000   0.00000000   0.00000000   0.00000000     1.000000   0.00000000
     0.186231    -0.264650    -0.474091   0.00000000   0.00000000   0.00000000
     0.293416    -0.428609    -0.632430   0.00000000   0.00000000   0.00000000
   0.00000000   0.00000000   0.00000000   0.00000000   0.00000000     1.000000
     0.318966    -0.180460     0.951265   0.00000000   0.00000000   0.00000000
     0.250500     0.391239     0.599998   0.00000000   0.00000000   0.00000000
     0.143103     0.469584    -0.600567   0.00000000   0.00000000   0.00000000
     0.043961     0.178433    -0.399235   0.00000000   0.00000000   0.00000000
     0.004586     0.018871    -0.072642     1.000000   0.00000000   0.00000000

    1.354600    0.614200    0.208600

     1.000000   0.00000000   0.00000000
   0.00000000     1.000000   0.00000000
   0.00000000   0.00000000     1.000000

    1.425000    0.478000

     1.000000   0.00000000
   0.00000000     1.000000

Ta:cc-pV5Z-ccECP
ccECP cc-pV5Z for Ta | source recipes/Ta/ccECP/Ta.cc-pV5Z.gamess | ccECP from Haihan Zhou et al. Journal of Chemical Physics (2024) https://doi.org/10.1063/5.0180057

  7
    0    1    2    3    4    5    6
    7    7    6    4    3    2    1
   13   13   13    4    3    2    1

   53.770584   28.316455   14.911901    7.852847    4.135435
    2.177787    1.146858    0.603954    0.318052    0.167491
    0.088204    0.046449    0.024461

     0.002606    -0.000908     0.001469    -0.002830    -0.006338     0.002144
   0.00000000
    -0.022783     0.007946    -0.012800     0.023166     0.042127     0.000980
   0.00000000
     0.069501    -0.025155     0.040982    -0.075252    -0.135157    -0.004000
   0.00000000
     0.128459    -0.041258     0.062825    -0.081946     0.072702    -0.493436
   0.00000000
    -0.657246     0.242958    -0.386990     0.635246     0.185955     2.144384
   0.00000000
    -0.111120     0.018593    -0.058799     0.184257     1.804007    -1.078412
   0.00000000
     0.680187    -0.280377     0.534461    -1.773910    -6.301462    -7.896356
   0.00000000
     0.575773    -0.360732     0.967804    -1.013732     5.527389    18.783927
   0.00000000
     0.130986    -0.151279    -0.417547     4.116716     2.604455   -21.549280
   0.00000000
     0.005563     0.205809    -1.591023    -0.945821    -8.721300    13.994658
   0.00000000
     0.000881     0.526955    -0.193672    -2.527059     5.947899    -2.854773
   0.00000000
    -0.000081     0.425398     0.948109     0.676334     0.252968    -3.161844
   0.00000000
     0.000019     0.103959     0.415746     0.938266    -1.580676     2.133622
     1.000000

   74.342249   39.047572   20.509373   10.772357    5.658080
    2.971854    1.560938    0.819868    0.430628    0.226183
    0.118801    0.062399    0.032774

    -0.000421     0.000147     0.000366     0.000398    -0.003813     0.002277
   0.00000000
     0.003346    -0.001212    -0.002666    -0.003499     0.016520    -0.013124
   0.00000000
    -0.022879     0.008633     0.017129     0.027187    -0.029616     0.064040
   0.00000000
     0.121169    -0.047212    -0.091057    -0.161310    -0.039873    -0.312949
   0.00000000
    -0.262992     0.106070     0.213321     0.405631     0.147775     0.825266
   0.00000000
    -0.097594     0.036052     0.028710     0.092043     0.994334     0.214107
   0.00000000
     0.315609    -0.133540    -0.208714    -0.905088    -3.850020    -5.302498
   0.00000000
     0.509276    -0.255032    -0.785336    -1.350078     3.794498    11.279462
   0.00000000
     0.304849    -0.244349     0.025564     3.658513     0.685769   -14.002081
   0.00000000
     0.075805     0.192980     1.653004    -1.735490    -5.345789    12.148811
   0.00000000
     0.008151     0.607237    -0.268425    -1.237926     5.795802    -7.038999
   0.00000000
     0.001833     0.357315    -0.783641     1.084031    -2.495457     1.875395
   0.00000000
     0.000016     0.048367    -0.151939     0.203423    -0.010243     0.265812
     1.000000

   59.141498   31.152672   16.409611    8.643731    4.553069
    2.398321    1.263311    0.665447    0.350523    0.184637
    0.097257    0.051230    0.026985

    -0.000018     0.000004    -0.000093    -0.001057    -0.001018   0.00000000
     0.000192    -0.000145     0.000268     0.004531     0.004291   0.00000000
    -0.002176     0.002353     0.001617    -0.009703    -0.007570   0.00000000
     0.021692    -0.026038    -0.030250    -0.014561    -0.039625   0.00000000
    -0.090754     0.114444     0.145594     0.159384     0.309998   0.00000000
     0.020530    -0.034208    -0.034787     0.037665    -0.177827   0.00000000
     0.186231    -0.264650    -0.474091    -1.238716    -2.185864   0.00000000
     0.293416    -0.428609    -0.632430     0.449522     4.139829   0.00000000
     0.318966    -0.180460     0.951265     1.913594    -3.133305   0.00000000
     0.250500     0.391239     0.599998    -2.233922     0.174279   0.00000000
     0.143103     0.469584    -0.600567     0.312433     1.793816   0.00000000
     0.043961     0.178433    -0.399235     0.549632    -1.172929   0.00000000
     0.004586     0.018871    -0.072642     0.167174    -0.141357     1.000000

    1.204500    0.536100    0.238600    0.106200

     1.000000   0.00000000   0.00000000   0.00000000
   0.00000000     1.000000   0.00000000   0.00000000
   0.00000000   0.00000000     1.000000   0.00000000
   0.00000000   0.00000000   0.00000000     1.000000

    1.323400    0.516300    0.201500

     1.000000   0.00000000   0.00000000
   0.00000000     1.000000   0.00000000
   0.00000000   0.00000000     1.000000

    0.977900    0.350300

     1.000000   0.00000000
   0.00000000     1.000000

    0.649600

     1.000000

Ta:cc-pVDZ-ccECP
ccECP cc-pVDZ for Ta | source recipes/Ta/ccECP/Ta.cc-pVDZ.gamess | ccECP from Haihan Zhou et al. Journal of Chemical Physics (2024) https://doi.org/10.1063/5.0180057

  4
    0    1    2    3
    4    4    3    1
   13   13   13    1

   53.770584   28.316455   14.911901    7.852847    4.135435
    2.177787    1.146858    0.603954    0.318052    0.167491
    0.088204    0.046449    0.024461

     0.002606    -0.000908     0.001469   0.00000000
    -0.022783     0.007946    -0.012800   0.00000000
     0.069501    -0.025155     0.040982   0.00000000
     0.128459    -0.041258     0.062825   0.00000000
    -0.657246     0.242958    -0.386990   0.00000000
    -0.111120     0.018593    -0.058799   0.00000000
     0.680187    -0.280377     0.534461   0.00000000
     0.575773    -0.360732     0.967804   0.00000000
     0.130986    -0.151279    -0.417547   0.00000000
     0.005563     0.205809    -1.591023   0.00000000
     0.000881     0.526955    -0.193672   0.00000000
    -0.000081     0.425398     0.948109   0.00000000
     0.000019     0.103959     0.415746     1.000000

   74.342249   39.047572   20.509373   10.772357    5.658080
    2.971854    1.560938    0.819868    0.430628    0.226183
    0.118801    0.062399    0.032774

    -0.000421     0.000147     0.000366   0.00000000
     0.003346    -0.001212    -0.002666   0.00000000
    -0.022879     0.008633     0.017129   0.00000000
     0.121169    -0.047212    -0.091057   0.00000000
    -0.262992     0.106070     0.213321   0.00000000
    -0.097594     0.036052     0.028710   0.00000000
     0.315609    -0.133540    -0.208714   0.00000000
     0.509276    -0.255032    -0.785336   0.00000000
     0.304849    -0.244349     0.025564   0.00000000
     0.075805     0.192980     1.653004   0.00000000
     0.008151     0.607237    -0.268425   0.00000000
     0.001833     0.357315    -0.783641   0.00000000
     0.000016     0.048367    -0.151939     1.000000

   59.141498   31.152672   16.409611    8.643731    4.553069
    2.398321    1.263311    0.665447    0.350523    0.184637
    0.097257    0.051230    0.026985

    -0.000018     0.000004   0.00000000
     0.000192    -0.000145   0.00000000
    -0.002176     0.002353   0.00000000
     0.021692    -0.026038   0.00000000
    -0.090754     0.114444   0.00000000
     0.020530    -0.034208   0.00000000
     0.186231    -0.264650   0.00000000
     0.293416    -0.428609   0.00000000
     0.318966    -0.180460   0.00000000
     0.250500     0.391239   0.00000000
     0.143103     0.469584   0.00000000
     0.043961     0.178433   0.00000000
     0.004586     0.018871     1.000000

    0.373500

     1.000000

Ta:cc-pVQZ-ccECP
ccECP cc-pVQZ for Ta | source recipes/Ta/ccECP/Ta.cc-pVQZ.gamess | ccECP from Haihan Zhou et al. Journal of Chemical Physics (2024) https://doi.org/10.1063/5.0180057

  6
    0    1    2    3    4    5
    6    6    5    3    2    1
   13   13   13    3    2    1

   53.770584   28.316455   14.911901    7.852847    4.135435
    2.177787    1.146858    0.603954    0.318052    0.167491
    0.088204    0.046449    0.024461

     0.002606    -0.000908     0.001469    -0.002830    -0.006338   0.00000000
    -0.022783     0.007946    -0.012800     0.023166     0.042127   0.00000000
     0.069501    -0.025155     0.040982    -0.075252    -0.135157   0.00000000
     0.128459    -0.041258     0.062825    -0.081946     0.072702   0.00000000
    -0.657246     0.242958    -0.386990     0.635246     0.185955   0.00000000
    -0.111120     0.018593    -0.058799     0.184257     1.804007   0.00000000
     0.680187    -0.280377     0.534461    -1.773910    -6.301462   0.00000000
     0.575773    -0.360732     0.967804    -1.013732     5.527389   0.00000000
     0.130986    -0.151279    -0.417547     4.116716     2.604455   0.00000000
     0.005563     0.205809    -1.591023    -0.945821    -8.721300   0.00000000
     0.000881     0.526955    -0.193672    -2.527059     5.947899   0.00000000
    -0.000081     0.425398     0.948109     0.676334     0.252968   0.00000000
     0.000019     0.103959     0.415746     0.938266    -1.580676     1.000000

   74.342249   39.047572   20.509373   10.772357    5.658080
    2.971854    1.560938    0.819868    0.430628    0.226183
    0.118801    0.062399    0.032774

    -0.000421     0.000147     0.000366     0.000398    -0.003813   0.00000000
     0.003346    -0.001212    -0.002666    -0.003499     0.016520   0.00000000
    -0.022879     0.008633     0.017129     0.027187    -0.029616   0.00000000
     0.121169    -0.047212    -0.091057    -0.161310    -0.039873   0.00000000
    -0.262992     0.106070     0.213321     0.405631     0.147775   0.00000000
    -0.097594     0.036052     0.028710     0.092043     0.994334   0.00000000
     0.315609    -0.133540    -0.208714    -0.905088    -3.850020   0.00000000
     0.509276    -0.255032    -0.785336    -1.350078     3.794498   0.00000000
     0.304849    -0.244349     0.025564     3.658513     0.685769   0.00000000
     0.075805     0.192980     1.653004    -1.735490    -5.345789   0.00000000
     0.008151     0.607237    -0.268425    -1.237926     5.795802   0.00000000
     0.001833     0.357315    -0.783641     1.084031    -2.495457   0.00000000
     0.000016     0.048367    -0.151939     0.203423    -0.010243     1.000000

   59.141498   31.152672   16.409611    8.643731    4.553069
    2.398321    1.263311    0.665447    0.350523    0.184637
    0.097257    0.051230    0.026985

    -0.000018     0.000004    -0.000093    -0.001057   0.00000000
     0.000192    -0.000145     0.000268     0.004531   0.00000000
    -0.002176     0.002353     0.001617    -0.009703   0.00000000
     0.021692    -0.026038    -0.030250    -0.014561   0.00000000
    -0.090754     0.114444     0.145594     0.159384   0.00000000
     0.020530    -0.034208    -0.034787     0.037665   0.00000000
     0.186231    -0.264650    -0.474091    -1.238716   0.00000000
     0.293416    -0.428609    -0.632430     0.449522   0.00000000
     0.318966    -0.180460     0.951265     1.913594   0.00000000
     0.250500     0.391239     0.599998    -2.233922   0.00000000
     0.143103     0.469584    -0.600567     0.312433   0.00000000
     0.043961     0.178433    -0.399235     0.549632   0.00000000
     0.004586     0.018871    -0.072642     0.167174     1.000000

    0.963400    0.365100    0.138400

     1.000000   0.00000000   0.00000000
   0.00000000     1.000000   0.00000000
   0.00000000   0.00000000     1.000000

    0.897000    0.286200

     1.000000   0.00000000
   0.00000000     1.000000

    0.553200

     1.000000

Ta:cc-pVTZ-ccECP
ccECP cc-pVTZ for Ta | source recipes/Ta/ccECP/Ta.cc-pVTZ.gamess | ccECP from Haihan Zhou et al. Journal of Chemical Physics (2024) https://doi.org/10.1063/5.0180057

  5
    0    1    2    3    4
    5    5    4    2    1
   13   13   13    2    1

   53.770584   28.316455   14.911901    7.852847    4.135435
    2.177787    1.146858    0.603954    0.318052    0.167491
    0.088204    0.046449    0.024461

     0.002606    -0.000908     0.001469    -0.002830   0.00000000
    -0.022783     0.007946    -0.012800     0.023166   0.00000000
     0.069501    -0.025155     0.040982    -0.075252   0.00000000
     0.128459    -0.041258     0.062825    -0.081946   0.00000000
    -0.657246     0.242958    -0.386990     0.635246   0.00000000
    -0.111120     0.018593    -0.058799     0.184257   0.00000000
     0.680187    -0.280377     0.534461    -1.773910   0.00000000
     0.575773    -0.360732     0.967804    -1.013732   0.00000000
     0.130986    -0.151279    -0.417547     4.116716   0.00000000
     0.005563     0.205809    -1.591023    -0.945821   0.00000000
     0.000881     0.526955    -0.193672    -2.527059   0.00000000
    -0.000081     0.425398     0.948109     0.676334   0.00000000
     0.000019     0.103959     0.415746     0.938266     1.000000

   74.342249   39.047572   20.509373   10.772357    5.658080
    2.971854    1.560938    0.819868    0.430628    0.226183
    0.118801    0.062399    0.032774

    -0.000421     0.000147     0.000366     0.000398   0.00000000
     0.003346    -0.001212    -0.002666    -0.003499   0.00000000
    -0.022879     0.008633     0.017129     0.027187   0.00000000
     0.121169    -0.047212    -0.091057    -0.161310   0.00000000
    -0.262992     0.106070     0.213321     0.405631   0.00000000
    -0.097594     0.036052     0.028710     0.092043   0.00000000
     0.315609    -0.133540    -0.208714    -0.905088   0.00000000
     0.509276    -0.255032    -0.785336    -1.350078   0.00000000
     0.304849    -0.244349     0.025564     3.658513   0.00000000
     0.075805     0.192980     1.653004    -1.735490   0.00000000
     0.008151     0.607237    -0.268425    -1.237926   0.00000000
     0.001833     0.357315    -0.783641     1.084031   0.00000000
     0.000016     0.048367    -0.151939     0.203423     1.000000

   59.141498   31.152672   16.409611    8.643731    4.553069
    2.398321    1.263311    0.665447    0.350523    0.184637
    0.097257    0.051230    0.026985

    -0.000018     0.000004    -0.000093   0.00000000
     0.000192    -0.000145     0.000268   0.00000000
    -0.002176     0.002353     0.001617   0.00000000
     0.021692    -0.026038    -0.030250   0.00000000
    -0.090754     0.114444     0.145594   0.00000000
     0.020530    -0.034208    -0.034787   0.00000000
     0.186231    -0.264650    -0.474091   0.00000000
     0.293416    -0.428609    -0.632430   0.00000000
     0.318966    -0.180460     0.951265   0.00000000
     0.250500     0.391239     0.599998   0.00000000
     0.143103     0.469584    -0.600567   0.00000000
     0.043961     0.178433    -0.399235   0.00000000
     0.004586     0.018871    -0.072642     1.000000

    0.695100    0.208600

     1.000000   0.00000000
   0.00000000     1.000000

    0.478000

     1.000000

