
Te:aug-cc-pV5Z-ccECP
ccECP aug-cc-pV5Z for Te | source recipes/Te/ccECP/Te.aug-cc-pV5Z.gamess | ccECP from Guangming Wang et al. Journal of Chemical Physics (2022) https://doi.org/10.1063/5.0087300

  6
    0    1    2    3    4    5
    6    6    5    4    3    2
   15   15    5    4    3    2

   61.221383   29.235423   13.960971    6.666868    3.183670
    1.520318    1.286742    0.726007    0.556454    0.346694
    0.240639    0.165559    0.104065    0.079060    0.041626

     0.000095   0.00000000   0.00000000   0.00000000   0.00000000   0.00000000
    -0.000554   0.00000000   0.00000000   0.00000000   0.00000000   0.00000000
     0.003321   0.00000000   0.00000000   0.00000000   0.00000000   0.00000000
    -0.022845   0.00000000   0.00000000   0.00000000   0.00000000   0.00000000
     0.181678   0.00000000   0.00000000   0.00000000   0.00000000   0.00000000
    -0.486331   0.00000000   0.00000000   0.00000000   0.00000000   0.00000000
   0.00000000     1.000000   0.00000000   0.00000000   0.00000000   0.00000000
    -0.123985   0.00000000   0.00000000   0.00000000   0.00000000   0.00000000
   0.00000000   0.00000000     1.000000   0.00000000   0.00000000   0.00000000
     0.540846   0.00000000   0.00000000   0.00000000   0.00000000   0.00000000
   0.00000000   0.00000000   0.00000000     1.000000   0.00000000   0.00000000
     0.576067   0.00000000   0.00000000   0.00000000   0.00000000   0.00000000
   0.00000000   0.00000000   0.00000000   0.00000000     1.000000   0.00000000
     0.181822   0.00000000   0.00000000   0.00000000   0.00000000   0.00000000
   0.00000000   0.00000000   0.00000000   0.00000000   0.00000000     1.000000

   32.189072   15.412922    7.380087    3.533768    1.692055
    1.346231    0.810198    0.520144    0.387943    0.200968
    0.185757    0.088945    0.077648    0.042589    0.031059

    -0.000331   0.00000000   0.00000000   0.00000000   0.00000000   0.00000000
     0.002152   0.00000000   0.00000000   0.00000000   0.00000000   0.00000000
    -0.013183   0.00000000   0.00000000   0.00000000   0.00000000   0.00000000
     0.077631   0.00000000   0.00000000   0.00000000   0.00000000   0.00000000
    -0.217605   0.00000000   0.00000000   0.00000000   0.00000000   0.00000000
   0.00000000     1.000000   0.00000000   0.00000000   0.00000000   0.00000000
    -0.015684   0.00000000   0.00000000   0.00000000   0.00000000   0.00000000
   0.00000000   0.00000000     1.000000   0.00000000   0.00000000   0.00000000
     0.319583   0.00000000   0.00000000   0.00000000   0.00000000   0.00000000
   0.00000000   0.00000000   0.00000000     1.000000   0.00000000   0.00000000
     0.473258   0.00000000   0.00000000   0.00000000   0.00000000   0.00000000
     0.308320   0.00000000   0.00000000   0.00000000   0.00000000   0.00000000
   0.00000000   0.00000000   0.00000000   0.00000000     1.000000   0.00000000
     0.065951   0.00000000   0.00000000   0.00000000   0.00000000   0.00000000
   0.00000000   0.00000000   0.00000000   0.00000000   0.00000000     1.000000

    0.995600    0.499647    0.250750    0.125840    0.050336

     1.000000   0.00000000   0.00000000   0.00000000   0.00000000
   0.00000000     1.000000   0.00000000   0.00000000   0.00000000
   0.00000000   0.00000000     1.000000   0.00000000   0.00000000
   0.00000000   0.00000000   0.00000000     1.000000   0.00000000
   0.00000000   0.00000000   0.00000000   0.00000000     1.000000

    0.625989    0.323969    0.167664    0.067066

     1.000000   0.00000000   0.00000000   0.00000000
   0.00000000     1.000000   0.00000000   0.00000000
   0.00000000   0.00000000     1.000000   0.00000000
   0.00000000   0.00000000   0.00000000     1.000000

    0.642245    0.297979    0.119192

     1.000000   0.00000000   0.00000000
   0.00000000     1.000000   0.00000000
   0.00000000   0.00000000     1.000000

    0.554368    0.221747

     1.000000   0.00000000
   0.00000000     1.000000

Te:aug-cc-pV6Z-ccECP
ccECP aug-cc-pV6Z for Te | source recipes/Te/ccECP/Te.aug-cc-pV6Z.gamess | ccECP from Guangming Wang et al. Journal of Chemical Physics (2022) https://doi.org/10.1063/5.0087300

  7
    0    1    2    3    4    5    6
    7    7    6    5    4    3    2
   16   16    6    5    4    3    2

   61.221383   29.235423   13.960971    6.666868    3.183670
    1.770751    1.520318    0.845989    0.726007    0.404177
    0.346694    0.193098    0.165559    0.092254    0.079060
    0.036902

     0.000095   0.00000000   0.00000000   0.00000000   0.00000000   0.00000000
   0.00000000
    -0.000554   0.00000000   0.00000000   0.00000000   0.00000000   0.00000000
   0.00000000
     0.003321   0.00000000   0.00000000   0.00000000   0.00000000   0.00000000
   0.00000000
    -0.022845   0.00000000   0.00000000   0.00000000   0.00000000   0.00000000
   0.00000000
     0.181678   0.00000000   0.00000000   0.00000000   0.00000000   0.00000000
   0.00000000
   0.00000000     1.000000   0.00000000   0.00000000   0.00000000   0.00000000
   0.00000000
    -0.486331   0.00000000   0.00000000   0.00000000   0.00000000   0.00000000
   0.00000000
   0.00000000   0.00000000     1.000000   0.00000000   0.00000000   0.00000000
   0.00000000
    -0.123985   0.00000000   0.00000000   0.00000000   0.00000000   0.00000000
   0.00000000
   0.00000000   0.00000000   0.00000000     1.000000   0.00000000   0.00000000
   0.00000000
     0.540846   0.00000000   0.00000000   0.00000000   0.00000000   0.00000000
   0.00000000
   0.00000000   0.00000000   0.00000000   0.00000000     1.000000   0.00000000
   0.00000000
     0.576067   0.00000000   0.00000000   0.00000000   0.00000000   0.00000000
   0.00000000
   0.00000000   0.00000000   0.00000000   0.00000000   0.00000000     1.000000
   0.00000000
     0.181822   0.00000000   0.00000000   0.00000000   0.00000000   0.00000000
   0.00000000
   0.00000000   0.00000000   0.00000000   0.00000000   0.00000000   0.00000000
     1.000000

   32.189072   15.412922    7.380087    3.533768    1.692055
    1.601311    0.810198    0.707558    0.387943    0.312643
    0.185757    0.138145    0.088945    0.061041    0.042589
    0.024416

    -0.000331   0.00000000   0.00000000   0.00000000   0.00000000   0.00000000
   0.00000000
     0.002152   0.00000000   0.00000000   0.00000000   0.00000000   0.00000000
   0.00000000
    -0.013183   0.00000000   0.00000000   0.00000000   0.00000000   0.00000000
   0.00000000
     0.077631   0.00000000   0.00000000   0.00000000   0.00000000   0.00000000
   0.00000000
    -0.217605   0.00000000   0.00000000   0.00000000   0.00000000   0.00000000
   0.00000000
   0.00000000     1.000000   0.00000000   0.00000000   0.00000000   0.00000000
   0.00000000
    -0.015684   0.00000000   0.00000000   0.00000000   0.00000000   0.00000000
   0.00000000
   0.00000000   0.00000000     1.000000   0.00000000   0.00000000   0.00000000
   0.00000000
     0.319583   0.00000000   0.00000000   0.00000000   0.00000000   0.00000000
   0.00000000
   0.00000000   0.00000000   0.00000000     1.000000   0.00000000   0.00000000
   0.00000000
     0.473258   0.00000000   0.00000000   0.00000000   0.00000000   0.00000000
   0.00000000
   0.00000000   0.00000000   0.00000000   0.00000000     1.000000   0.00000000
   0.00000000
     0.308320   0.00000000   0.00000000   0.00000000   0.00000000   0.00000000
   0.00000000
   0.00000000   0.00000000   0.00000000   0.00000000   0.00000000     1.000000
   0.00000000
     0.065951   0.00000000   0.00000000   0.00000000   0.00000000   0.00000000
   0.00000000
   0.00000000   0.00000000   0.00000000   0.00000000   0.00000000   0.00000000
     1.000000

    1.075627    0.613723    0.350174    0.199799    0.114000
    0.045600

     1.000000   0.00000000   0.00000000   0.00000000   0.00000000   0.00000000
   0.00000000     1.000000   0.00000000   0.00000000   0.00000000   0.00000000
   0.00000000   0.00000000     1.000000   0.00000000   0.00000000   0.00000000
   0.00000000   0.00000000   0.00000000     1.000000   0.00000000   0.00000000
   0.00000000   0.00000000   0.00000000   0.00000000     1.000000   0.00000000
   0.00000000   0.00000000   0.00000000   0.00000000   0.00000000     1.000000

    0.770707    0.452702    0.265911    0.156192    0.062477

     1.000000   0.00000000   0.00000000   0.00000000   0.00000000
   0.00000000     1.000000   0.00000000   0.00000000   0.00000000
   0.00000000   0.00000000     1.000000   0.00000000   0.00000000
   0.00000000   0.00000000   0.00000000     1.000000   0.00000000
   0.00000000   0.00000000   0.00000000   0.00000000     1.000000

    0.787553    0.443445    0.249689    0.099876

     1.000000   0.00000000   0.00000000   0.00000000
   0.00000000     1.000000   0.00000000   0.00000000
   0.00000000   0.00000000     1.000000   0.00000000
   0.00000000   0.00000000   0.00000000     1.000000

    0.769176    0.394840    0.157936

     1.000000   0.00000000   0.00000000
   0.00000000     1.000000   0.00000000
   0.00000000   0.00000000     1.000000

    0.666542    0.266617

     1.000000   0.00000000
   0.00000000     1.000000

Te:aug-cc-pVDZ-ccECP
ccECP aug-cc-pVDZ for Te | source recipes/Te/ccECP/Te.aug-cc-pVDZ.gamess | ccECP from Guangming Wang et al. Journal of Chemical Physics (2022) https://doi.org/10.1063/5.0087300

  3
    0    1    2
    3    3    2
   12   12    2

   61.221383   29.235423   13.960971    6.666868    3.183670
    1.520318    0.726007    0.346694    0.165559    0.079060
    0.053793    0.021517

     0.000095   0.00000000   0.00000000
    -0.000554   0.00000000   0.00000000
     0.003321   0.00000000   0.00000000
    -0.022845   0.00000000   0.00000000
     0.181678   0.00000000   0.00000000
    -0.486331   0.00000000   0.00000000
    -0.123985   0.00000000   0.00000000
     0.540846   0.00000000   0.00000000
     0.576067   0.00000000   0.00000000
     0.181822   0.00000000   0.00000000
   0.00000000     1.000000   0.00000000
   0.00000000   0.00000000     1.000000

   32.189072   15.412922    7.380087    3.533768    1.692055
    0.810198    0.387943    0.185757    0.088945    0.076006
    0.042589    0.030402

    -0.000331   0.00000000   0.00000000
     0.002152   0.00000000   0.00000000
    -0.013183   0.00000000   0.00000000
     0.077631   0.00000000   0.00000000
    -0.217605   0.00000000   0.00000000
    -0.015684   0.00000000   0.00000000
     0.319583   0.00000000   0.00000000
     0.473258   0.00000000   0.00000000
     0.308320   0.00000000   0.00000000
   0.00000000     1.000000   0.00000000
     0.065951   0.00000000   0.00000000
   0.00000000   0.00000000     1.000000

    0.238157    0.095263

     1.000000   0.00000000
   0.00000000     1.000000

Te:aug-cc-pVQZ-ccECP
ccECP aug-cc-pVQZ for Te | source recipes/Te/ccECP/Te.aug-cc-pVQZ.gamess | ccECP from Guangming Wang et al. Journal of Chemical Physics (2022) https://doi.org/10.1063/5.0087300

  5
    0    1    2    3    4
    5    5    4    3    2
   14   14    4    3    2

   61.221383   29.235423   13.960971    6.666868    3.183670
    1.520318    0.726007    0.490488    0.346694    0.224433
    0.165559    0.102694    0.079060    0.041078

     0.000095   0.00000000   0.00000000   0.00000000   0.00000000
    -0.000554   0.00000000   0.00000000   0.00000000   0.00000000
     0.003321   0.00000000   0.00000000   0.00000000   0.00000000
    -0.022845   0.00000000   0.00000000   0.00000000   0.00000000
     0.181678   0.00000000   0.00000000   0.00000000   0.00000000
    -0.486331   0.00000000   0.00000000   0.00000000   0.00000000
    -0.123985   0.00000000   0.00000000   0.00000000   0.00000000
   0.00000000     1.000000   0.00000000   0.00000000   0.00000000
     0.540846   0.00000000   0.00000000   0.00000000   0.00000000
   0.00000000   0.00000000     1.000000   0.00000000   0.00000000
     0.576067   0.00000000   0.00000000   0.00000000   0.00000000
   0.00000000   0.00000000   0.00000000     1.000000   0.00000000
     0.181822   0.00000000   0.00000000   0.00000000   0.00000000
   0.00000000   0.00000000   0.00000000   0.00000000     1.000000

   32.189072   15.412922    7.380087    3.533768    1.692055
    0.810198    0.488479    0.387943    0.192508    0.185757
    0.088945    0.075867    0.042589    0.030347

    -0.000331   0.00000000   0.00000000   0.00000000   0.00000000
     0.002152   0.00000000   0.00000000   0.00000000   0.00000000
    -0.013183   0.00000000   0.00000000   0.00000000   0.00000000
     0.077631   0.00000000   0.00000000   0.00000000   0.00000000
    -0.217605   0.00000000   0.00000000   0.00000000   0.00000000
    -0.015684   0.00000000   0.00000000   0.00000000   0.00000000
   0.00000000     1.000000   0.00000000   0.00000000   0.00000000
     0.319583   0.00000000   0.00000000   0.00000000   0.00000000
   0.00000000   0.00000000     1.000000   0.00000000   0.00000000
     0.473258   0.00000000   0.00000000   0.00000000   0.00000000
     0.308320   0.00000000   0.00000000   0.00000000   0.00000000
   0.00000000   0.00000000   0.00000000     1.000000   0.00000000
     0.065951   0.00000000   0.00000000   0.00000000   0.00000000
   0.00000000   0.00000000   0.00000000   0.00000000     1.000000

    0.966444    0.396049    0.162301    0.064920

     1.000000   0.00000000   0.00000000   0.00000000
   0.00000000     1.000000   0.00000000   0.00000000
   0.00000000   0.00000000     1.000000   0.00000000
   0.00000000   0.00000000   0.00000000     1.000000

    0.523179    0.216817    0.086727

     1.000000   0.00000000   0.00000000
   0.00000000     1.000000   0.00000000
   0.00000000   0.00000000     1.000000

    0.440806    0.176322

     1.000000   0.00000000
   0.00000000     1.000000

Te:aug-cc-pVTZ-ccECP
ccECP aug-cc-pVTZ for Te | source recipes/Te/ccECP/Te.aug-cc-pVTZ.gamess | ccECP from Guangming Wang et al. Journal of Chemical Physics (2022) https://doi.org/10.1063/5.0087300

  4
    0    1    2    3
    4    4    3    2
   13   13    3    2

   61.221383   29.235423   13.960971    6.666868    3.183670
    1.520318    0.726007    0.486442    0.346694    0.165559
    0.109814    0.079060    0.043926

     0.000095   0.00000000   0.00000000   0.00000000
    -0.000554   0.00000000   0.00000000   0.00000000
     0.003321   0.00000000   0.00000000   0.00000000
    -0.022845   0.00000000   0.00000000   0.00000000
     0.181678   0.00000000   0.00000000   0.00000000
    -0.486331   0.00000000   0.00000000   0.00000000
    -0.123985   0.00000000   0.00000000   0.00000000
   0.00000000     1.000000   0.00000000   0.00000000
     0.540846   0.00000000   0.00000000   0.00000000
     0.576067   0.00000000   0.00000000   0.00000000
   0.00000000   0.00000000     1.000000   0.00000000
     0.181822   0.00000000   0.00000000   0.00000000
   0.00000000   0.00000000   0.00000000     1.000000

   32.189072   15.412922    7.380087    3.533768    1.692055
    0.810198    0.519097    0.387943    0.185757    0.092371
    0.088945    0.042589    0.036948

    -0.000331   0.00000000   0.00000000   0.00000000
     0.002152   0.00000000   0.00000000   0.00000000
    -0.013183   0.00000000   0.00000000   0.00000000
     0.077631   0.00000000   0.00000000   0.00000000
    -0.217605   0.00000000   0.00000000   0.00000000
    -0.015684   0.00000000   0.00000000   0.00000000
   0.00000000     1.000000   0.00000000   0.00000000
     0.319583   0.00000000   0.00000000   0.00000000
     0.473258   0.00000000   0.00000000   0.00000000
   0.00000000   0.00000000     1.000000   0.00000000
     0.308320   0.00000000   0.00000000   0.00000000
     0.065951   0.00000000   0.00000000   0.00000000
   0.00000000   0.00000000   0.00000000     1.000000

    0.314053    0.167486    0.066994

     1.000000   0.00000000   0.00000000
   0.00000000     1.000000   0.00000000
   0.00000000   0.00000000     1.000000

    0.356372    0.142549

     1.000000   0.00000000
   0.00000000     1.000000

Te:cc-pV5Z-ccECP
ccECP cc-pV5Z for Te | source recipes/Te/ccECP/Te.cc-pV5Z.gamess | ccECP from Guangming Wang et al. Journal of Chemical Physics (2022) https://doi.org/10.1063/5.0087300

  6
    0    1    2    3    4    5
    5    5    4    3    2    1
   14   14    4    3    2    1

   61.221383   29.235423   13.960971    6.666868    3.183670
    1.520318    1.286742    0.726007    0.556454    0.346694
    0.240639    0.165559    0.104065    0.079060

     0.000095   0.00000000   0.00000000   0.00000000   0.00000000
    -0.000554   0.00000000   0.00000000   0.00000000   0.00000000
     0.003321   0.00000000   0.00000000   0.00000000   0.00000000
    -0.022845   0.00000000   0.00000000   0.00000000   0.00000000
     0.181678   0.00000000   0.00000000   0.00000000   0.00000000
    -0.486331   0.00000000   0.00000000   0.00000000   0.00000000
   0.00000000     1.000000   0.00000000   0.00000000   0.00000000
    -0.123985   0.00000000   0.00000000   0.00000000   0.00000000
   0.00000000   0.00000000     1.000000   0.00000000   0.00000000
     0.540846   0.00000000   0.00000000   0.00000000   0.00000000
   0.00000000   0.00000000   0.00000000     1.000000   0.00000000
     0.576067   0.00000000   0.00000000   0.00000000   0.00000000
   0.00000000   0.00000000   0.00000000   0.00000000     1.000000
     0.181822   0.00000000   0.00000000   0.00000000   0.00000000

   32.189072   15.412922    7.380087    3.533768    1.692055
    1.346231    0.810198    0.520144    0.387943    0.200968
    0.185757    0.088945    0.077648    0.042589

    -0.000331   0.00000000   0.00000000   0.00000000   0.00000000
     0.002152   0.00000000   0.00000000   0.00000000   0.00000000
    -0.013183   0.00000000   0.00000000   0.00000000   0.00000000
     0.077631   0.00000000   0.00000000   0.00000000   0.00000000
    -0.217605   0.00000000   0.00000000   0.00000000   0.00000000
   0.00000000     1.000000   0.00000000   0.00000000   0.00000000
    -0.015684   0.00000000   0.00000000   0.00000000   0.00000000
   0.00000000   0.00000000     1.000000   0.00000000   0.00000000
     0.319583   0.00000000   0.00000000   0.00000000   0.00000000
   0.00000000   0.00000000   0.00000000     1.000000   0.00000000
     0.473258   0.00000000   0.00000000   0.00000000   0.00000000
     0.308320   0.00000000   0.00000000   0.00000000   0.00000000
   0.00000000   0.00000000   0.00000000   0.00000000     1.000000
     0.065951   0.00000000   0.00000000   0.00000000   0.00000000

    0.995600    0.499647    0.250750    0.125840

     1.000000   0.00000000   0.00000000   0.00000000
   0.00000000     1.000000   0.00000000   0.00000000
   0.00000000   0.00000000     1.000000   0.00000000
   0.00000000   0.00000000   0.00000000     1.000000

    0.625989    0.323969    0.167664

     1.000000   0.00000000   0.00000000
   0.00000000     1.000000   0.00000000
   0.00000000   0.00000000     1.000000

    0.642245    0.297979

     1.000000   0.00000000
   0.00000000     1.000000

    0.554368

     1.000000

Te:cc-pV6Z-ccECP
ccECP cc-pV6Z for Te | source recipes/Te/ccECP/Te.cc-pV6Z.gamess | ccECP from Guangming Wang et al. Journal of Chemical Physics (2022) https://doi.org/10.1063/5.0087300

  7
    0    1    2    3    4    5    6
    6    6    5    4    3    2    1
   15   15    5    4    3    2    1

   61.221383   29.235423   13.960971    6.666868    3.183670
    1.770751    1.520318    0.845989    0.726007    0.404177
    0.346694    0.193098    0.165559    0.092254    0.079060

     0.000095   0.00000000   0.00000000   0.00000000   0.00000000   0.00000000
    -0.000554   0.00000000   0.00000000   0.00000000   0.00000000   0.00000000
     0.003321   0.00000000   0.00000000   0.00000000   0.00000000   0.00000000
    -0.022845   0.00000000   0.00000000   0.00000000   0.00000000   0.00000000
     0.181678   0.00000000   0.00000000   0.00000000   0.00000000   0.00000000
   0.00000000     1.000000   0.00000000   0.00000000   0.00000000   0.00000000
    -0.486331   0.00000000   0.00000000   0.00000000   0.00000000   0.00000000
   0.00000000   0.00000000     1.000000   0.00000000   0.00000000   0.00000000
    -0.123985   0.00000000   0.00000000   0.00000000   0.00000000   0.00000000
   0.00000000   0.00000000   0.00000000     1.000000   0.00000000   0.00000000
     0.540846   0.00000000   0.00000000   0.00000000   0.00000000   0.00000000
   0.00000000   0.00000000   0.00000000   0.00000000     1.000000   0.00000000
     0.576067   0.00000000   0.00000000   0.00000000   0.00000000   0.00000000
   0.00000000   0.00000000   0.00000000   0.00000000   0.00000000     1.000000
     0.181822   0.00000000   0.00000000   0.00000000   0.00000000   0.00000000

   32.189072   15.412922    7.380087    3.533768    1.692055
    1.601311    0.810198    0.707558    0.387943    0.312643
    0.185757    0.138145    0.088945    0.061041    0.042589

    -0.000331   0.00000000   0.00000000   0.00000000   0.00000000   0.00000000
     0.002152   0.00000000   0.00000000   0.00000000   0.00000000   0.00000000
    -0.013183   0.00000000   0.00000000   0.00000000   0.00000000   0.00000000
     0.077631   0.00000000   0.00000000   0.00000000   0.00000000   0.00000000
    -0.217605   0.00000000   0.00000000   0.00000000   0.00000000   0.00000000
   0.00000000     1.000000   0.00000000   0.00000000   0.00000000   0.00000000
    -0.015684   0.00000000   0.00000000   0.00000000   0.00000000   0.00000000
   0.00000000   0.00000000     1.000000   0.00000000   0.00000000   0.00000000
     0.319583   0.00000000   0.00000000   0.00000000   0.00000000   0.00000000
   0.00000000   0.00000000   0.00000000     1.000000   0.00000000   0.00000000
     0.473258   0.00000000   0.00000000   0.00000000   0.00000000   0.00000000
   0.00000000   0.00000000   0.00000000   0.00000000     1.000000   0.00000000
     0.308320   0.00000000   0.00000000   0.00000000   0.00000000   0.00000000
   0.00000000   0.00000000   0.00000000   0.00000000   0.00000000     1.000000
     0.065951   0.00000000   0.00000000   0.00000000   0.00000000   0.00000000

    1.075627    0.613723    0.350174    0.199799    0.114000

     1.000000   0.00000000   0.00000000   0.00000000   0.00000000
   0.00000000     1.000000   0.00000000   0.00000000   0.00000000
   0.00000000   0.00000000     1.000000   0.00000000   0.00000000
   0.00000000   0.00000000   0.00000000     1.000000   0.00000000
   0.00000000   0.00000000   0.00000000   0.00000000     1.000000

    0.770707    0.452702    0.265911    0.156192

     1.000000   0.00000000   0.00000000   0.00000000
   0.00000000     1.000000   0.00000000   0.00000000
   0.00000000   0.00000000     1.000000   0.00000000
   0.00000000   0.00000000   0.00000000     1.000000

    0.787553    0.443445    0.249689

     1.000000   0.00000000   0.00000000
   0.00000000     1.000000   0.00000000
   0.00000000   0.00000000     1.000000

    0.769176    0.394840

     1.000000   0.00000000
   0.00000000     1.000000

    0.666542

     1.000000

Te:cc-pVDZ-ccECP
ccECP cc-pVDZ for Te | source recipes/Te/ccECP/Te.cc-pVDZ.gamess | ccECP from Guangming Wang et al. Journal of Chemical Physics (2022) https://doi.org/10.1063/5.0087300

  3
    0    1    2
    2    2    1
   11   11    1

   61.221383   29.235423   13.960971    6.666868    3.183670
    1.520318    0.726007    0.346694    0.165559    0.079060
    0.053793

     0.000095   0.00000000
    -0.000554   0.00000000
     0.003321   0.00000000
    -0.022845   0.00000000
     0.181678   0.00000000
    -0.486331   0.00000000
    -0.123985   0.00000000
     0.540846   0.00000000
     0.576067   0.00000000
     0.181822   0.00000000
   0.00000000     1.000000

   32.189072   15.412922    7.380087    3.533768    1.692055
    0.810198    0.387943    0.185757    0.088945    0.076006
    0.042589

    -0.000331   0.00000000
     0.002152   0.00000000
    -0.013183   0.00000000
     0.077631   0.00000000
    -0.217605   0.00000000
    -0.015684   0.00000000
     0.319583   0.00000000
     0.473258   0.00000000
     0.308320   0.00000000
   0.00000000     1.000000
     0.065951   0.00000000

    0.238157

     1.000000

Te:cc-pVQZ-ccECP
ccECP cc-pVQZ for Te | source recipes/Te/ccECP/Te.cc-pVQZ.gamess | ccECP from Guangming Wang et al. Journal of Chemical Physics (2022) https://doi.org/10.1063/5.0087300

  5
    0    1    2    3    4
    4    4    3    2    1
   13   13    3    2    1

   61.221383   29.235423   13.960971    6.666868    3.183670
    1.520318    0.726007    0.490488    0.346694    0.224433
    0.165559    0.102694    0.079060

     0.000095   0.00000000   0.00000000   0.00000000
    -0.000554   0.00000000   0.00000000   0.00000000
     0.003321   0.00000000   0.00000000   0.00000000
    -0.022845   0.00000000   0.00000000   0.00000000
     0.181678   0.00000000   0.00000000   0.00000000
    -0.486331   0.00000000   0.00000000   0.00000000
    -0.123985   0.00000000   0.00000000   0.00000000
   0.00000000     1.000000   0.00000000   0.00000000
     0.540846   0.00000000   0.00000000   0.00000000
   0.00000000   0.00000000     1.000000   0.00000000
     0.576067   0.00000000   0.00000000   0.00000000
   0.00000000   0.00000000   0.00000000     1.000000
     0.181822   0.00000000   0.00000000   0.00000000

   32.189072   15.412922    7.380087    3.533768    1.692055
    0.810198    0.488479    0.387943    0.192508    0.185757
    0.088945    0.075867    0.042589

    -0.000331   0.00000000   0.00000000   0.00000000
     0.002152   0.00000000   0.00000000   0.00000000
    -0.013183   0.00000000   0.00000000   0.00000000
     0.077631   0.00000000   0.00000000   0.00000000
    -0.217605   0.00000000   0.00000000   0.00000000
    -0.015684   0.00000000   0.00000000   0.00000000
   0.00000000     1.000000   0.00000000   0.00000000
     0.319583   0.00000000   0.00000000   0.00000000
   0.00000000   0.00000000     1.000000   0.00000000
     0.473258   0.00000000   0.00000000   0.00000000
     0.308320   0.00000000   0.00000000   0.00000000
   0.00000000   0.00000000   0.00000000     1.000000
     0.065951   0.00000000   0.00000000   0.00000000

    0.966444    0.396049    0.162301

     1.000000   0.00000000   0.00000000
   0.00000000     1.000000   0.00000000
   0.00000000   0.00000000     1.000000

    0.523179    0.216817

     1.000000   0.00000000
   0.00000000     1.000000

    0.440806

     1.000000

Te:cc-pVTZ-ccECP
ccECP cc-pVTZ for Te | source recipes/Te/ccECP/Te.cc-pVTZ.gamess | ccECP from Guangming Wang et al. Journal of Chemical Physics (2022) https://doi.org/10.1063/5.0087300

  4
    0    1    2    3
    3    3    2    1
   12   12    2    1

   61.221383   29.235423   13.960971    6.666868    3.183670
    1.520318    0.726007    0.486442    0.346694    0.165559
    0.109814    0.079060

     0.000095   0.00000000   0.00000000
    -0.000554   0.00000000   0.00000000
     0.003321   0.00000000   0.00000000
    -0.022845   0.00000000   0.00000000
     0.181678   0.00000000   0.00000000
    -0.486331   0.00000000   0.00000000
    -0.123985   0.00000000   0.00000000
   0.00000000     1.000000   0.00000000
     0.540846   0.00000000   0.00000000
     0.576067   0.00000000   0.00000000
   0.00000000   0.00000000     1.000000
     0.181822   0.00000000   0.00000000

   32.189072   15.412922    7.380087    3.533768    1.692055
    0.810198    0.519097    0.387943    0.185757    0.092371
    0.088945    0.042589

    -0.000331   0.00000000   0.00000000
     0.002152   0.00000000   0.00000000
    -0.013183   0.00000000   0.00000000
     0.077631   0.00000000   0.00000000
    -0.217605   0.00000000   0.00000000
    -0.015684   0.00000000   0.00000000
   0.00000000     1.000000   0.00000000
     0.319583   0.00000000   0.00000000
     0.473258   0.00000000   0.00000000
   0.00000000   0.00000000     1.000000
     0.308320   0.00000000   0.00000000
     0.065951   0.00000000   0.00000000

    0.314053    0.167486

     1.000000   0.00000000
   0.00000000     1.000000

    0.356372

     1.000000

