
F:aug-cc-pV5Z-ccECP
ccECP aug-cc-pV5Z for F | source recipes/F/ccECP/F.aug-cc-pV5Z.gamess | ccECP from Guangming Wang et al. Journal of Chemical Physics 151, 144110 (2019) https://doi.org/10.1063/1.5121006

  6
    0    1    2    3    4    5
    6    6    5    4    3    2
   15   15    5    4    3    2

   84.048652   41.094617   20.092738    9.824112    4.803386
    2.542428    2.348560    1.250265    1.148301    0.561449
    0.459697    0.274514    0.191146    0.134220    0.076458

   -0.00000280    0.00000000    0.00000000    0.00000000    0.00000000
    0.00000000
   -0.00035430    0.00000000    0.00000000    0.00000000    0.00000000
    0.00000000
    0.01840880    0.00000000    0.00000000    0.00000000    0.00000000
    0.00000000
   -0.12776610    0.00000000    0.00000000    0.00000000    0.00000000
    0.00000000
   -0.07028720    0.00000000    0.00000000    0.00000000    0.00000000
    0.00000000
    0.00000000    1.00000000    0.00000000    0.00000000    0.00000000
    0.00000000
    0.15716040    0.00000000    0.00000000    0.00000000    0.00000000
    0.00000000
    0.00000000    0.00000000    1.00000000    0.00000000    0.00000000
    0.00000000
    0.37690120    0.00000000    0.00000000    0.00000000    0.00000000
    0.00000000
    0.40951650    0.00000000    0.00000000    0.00000000    0.00000000
    0.00000000
    0.00000000    0.00000000    0.00000000    1.00000000    0.00000000
    0.00000000
    0.19708930    0.00000000    0.00000000    0.00000000    0.00000000
    0.00000000
    0.00000000    0.00000000    0.00000000    0.00000000    1.00000000
    0.00000000
    0.02434820    0.00000000    0.00000000    0.00000000    0.00000000
    0.00000000
    0.00000000    0.00000000    0.00000000    0.00000000    0.00000000
    1.00000000

   31.642619   16.243233    8.338204    4.280284    2.197215
    2.018698    1.505085    1.127906    0.578992    0.489019
    0.297216    0.170574    0.152571    0.078320    0.068230

    0.00296730    0.00000000    0.00000000    0.00000000    0.00000000
    0.00000000
    0.02980490    0.00000000    0.00000000    0.00000000    0.00000000
    0.00000000
    0.06694890    0.00000000    0.00000000    0.00000000    0.00000000
    0.00000000
    0.13377900    0.00000000    0.00000000    0.00000000    0.00000000
    0.00000000
    0.21483120    0.00000000    0.00000000    0.00000000    0.00000000
    0.00000000
    0.00000000    1.00000000    0.00000000    0.00000000    0.00000000
    0.00000000
    0.00000000    0.00000000    1.00000000    0.00000000    0.00000000
    0.00000000
    0.26648620    0.00000000    0.00000000    0.00000000    0.00000000
    0.00000000
    0.26189540    0.00000000    0.00000000    0.00000000    0.00000000
    0.00000000
    0.00000000    0.00000000    0.00000000    1.00000000    0.00000000
    0.00000000
    0.19202170    0.00000000    0.00000000    0.00000000    0.00000000
    0.00000000
    0.00000000    0.00000000    0.00000000    0.00000000    1.00000000
    0.00000000
    0.08284650    0.00000000    0.00000000    0.00000000    0.00000000
    0.00000000
    0.01330460    0.00000000    0.00000000    0.00000000    0.00000000
    0.00000000
    0.00000000    0.00000000    0.00000000    0.00000000    0.00000000
    1.00000000

    5.603581    3.901897    1.523306    0.517711    0.207084

    1.00000000    0.00000000    0.00000000    0.00000000    0.00000000
    0.00000000    1.00000000    0.00000000    0.00000000    0.00000000
    0.00000000    0.00000000    1.00000000    0.00000000    0.00000000
    0.00000000    0.00000000    0.00000000    1.00000000    0.00000000
    0.00000000    0.00000000    0.00000000    0.00000000    1.00000000

    4.297889    2.950321    0.981494    0.392598

    1.00000000    0.00000000    0.00000000    0.00000000
    0.00000000    1.00000000    0.00000000    0.00000000
    0.00000000    0.00000000    1.00000000    0.00000000
    0.00000000    0.00000000    0.00000000    1.00000000

    4.619953    1.638933    0.655573

    1.00000000    0.00000000    0.00000000
    0.00000000    1.00000000    0.00000000
    0.00000000    0.00000000    1.00000000

    2.963127    1.185251

    1.00000000    0.00000000
    0.00000000    1.00000000

F:aug-cc-pV6Z-ccECP
ccECP aug-cc-pV6Z for F | source recipes/F/ccECP/F.aug-cc-pV6Z.gamess | ccECP from Guangming Wang et al. Journal of Chemical Physics 151, 144110 (2019) https://doi.org/10.1063/1.5121006

  7
    0    1    2    3    4    5    6
    7    7    6    5    4    3    2
   16   16    6    5    4    3    2

   84.048652   41.094617   20.092738    9.824112    8.912111
    4.803386    3.027989    2.348560    1.314982    1.148301
    0.592958    0.561449    0.274514    0.233059    0.134220
    0.093224

   -0.00000280    0.00000000    0.00000000    0.00000000    0.00000000
    0.00000000    0.00000000
   -0.00035430    0.00000000    0.00000000    0.00000000    0.00000000
    0.00000000    0.00000000
    0.01840880    0.00000000    0.00000000    0.00000000    0.00000000
    0.00000000    0.00000000
   -0.12776610    0.00000000    0.00000000    0.00000000    0.00000000
    0.00000000    0.00000000
    0.00000000    0.00000000    0.00000000    0.00000000    0.00000000
    0.00000000    1.00000000
   -0.07028720    0.00000000    0.00000000    0.00000000    0.00000000
    0.00000000    0.00000000
    0.00000000    0.00000000    0.00000000    0.00000000    0.00000000
    1.00000000    0.00000000
    0.15716040    0.00000000    0.00000000    0.00000000    0.00000000
    0.00000000    0.00000000
    0.00000000    0.00000000    0.00000000    0.00000000    1.00000000
    0.00000000    0.00000000
    0.37690120    0.00000000    0.00000000    0.00000000    0.00000000
    0.00000000    0.00000000
    0.00000000    0.00000000    0.00000000    1.00000000    0.00000000
    0.00000000    0.00000000
    0.40951650    0.00000000    0.00000000    0.00000000    0.00000000
    0.00000000    0.00000000
    0.19708930    0.00000000    0.00000000    0.00000000    0.00000000
    0.00000000    0.00000000
    0.00000000    0.00000000    1.00000000    0.00000000    0.00000000
    0.00000000    0.00000000
    0.02434820    0.00000000    0.00000000    0.00000000    0.00000000
    0.00000000    0.00000000
    0.00000000    1.00000000    0.00000000    0.00000000    0.00000000
    0.00000000    0.00000000

   31.642619   16.243233    8.338204    4.280284    3.775099
    2.351442    2.197215    1.127906    0.954550    0.578992
    0.395349    0.297216    0.152571    0.148966    0.078320
    0.059586

    0.00296730    0.00000000    0.00000000    0.00000000    0.00000000
    0.00000000    0.00000000
    0.02980490    0.00000000    0.00000000    0.00000000    0.00000000
    0.00000000    0.00000000
    0.06694890    0.00000000    0.00000000    0.00000000    0.00000000
    0.00000000    0.00000000
    0.13377900    0.00000000    0.00000000    0.00000000    0.00000000
    0.00000000    0.00000000
    0.00000000    0.00000000    0.00000000    0.00000000    0.00000000
    0.00000000    1.00000000
    0.00000000    0.00000000    0.00000000    0.00000000    0.00000000
    1.00000000    0.00000000
    0.21483120    0.00000000    0.00000000    0.00000000    0.00000000
    0.00000000    0.00000000
    0.26648620    0.00000000    0.00000000    0.00000000    0.00000000
    0.00000000    0.00000000
    0.00000000    0.00000000    0.00000000    0.00000000    1.00000000
    0.00000000    0.00000000
    0.26189540    0.00000000    0.00000000    0.00000000    0.00000000
    0.00000000    0.00000000
    0.00000000    0.00000000    0.00000000    1.00000000    0.00000000
    0.00000000    0.00000000
    0.19202170    0.00000000    0.00000000    0.00000000    0.00000000
    0.00000000    0.00000000
    0.08284650    0.00000000    0.00000000    0.00000000    0.00000000
    0.00000000    0.00000000
    0.00000000    0.00000000    1.00000000    0.00000000    0.00000000
    0.00000000    0.00000000
    0.01330460    0.00000000    0.00000000    0.00000000    0.00000000
    0.00000000    0.00000000
    0.00000000    1.00000000    0.00000000    0.00000000    0.00000000
    0.00000000    0.00000000

   10.621414    4.506522    2.283487    1.013215    0.386789
    0.154716

    0.00000000    0.00000000    0.00000000    0.00000000    0.00000000
    1.00000000
    0.00000000    0.00000000    0.00000000    0.00000000    1.00000000
    0.00000000
    0.00000000    0.00000000    0.00000000    1.00000000    0.00000000
    0.00000000
    0.00000000    0.00000000    1.00000000    0.00000000    0.00000000
    0.00000000
    0.00000000    1.00000000    0.00000000    0.00000000    0.00000000
    0.00000000
    1.00000000    0.00000000    0.00000000    0.00000000    0.00000000
    0.00000000

    7.444477    3.355094    1.574750    0.622999    0.249200

    0.00000000    0.00000000    0.00000000    0.00000000    1.00000000
    0.00000000    0.00000000    0.00000000    1.00000000    0.00000000
    0.00000000    0.00000000    1.00000000    0.00000000    0.00000000
    0.00000000    1.00000000    0.00000000    0.00000000    0.00000000
    1.00000000    0.00000000    0.00000000    0.00000000    0.00000000

    6.536467    2.896899    1.163722    0.465489

    0.00000000    0.00000000    0.00000000    1.00000000
    0.00000000    0.00000000    1.00000000    0.00000000
    0.00000000    1.00000000    0.00000000    0.00000000
    1.00000000    0.00000000    0.00000000    0.00000000

    4.954963    1.955732    0.782293

    0.00000000    0.00000000    1.00000000
    0.00000000    1.00000000    0.00000000
    1.00000000    0.00000000    0.00000000

    3.576219    1.430488

    0.00000000    1.00000000
    1.00000000    0.00000000

F:aug-cc-pVDZ-ccECP
ccECP aug-cc-pVDZ for F | source recipes/F/ccECP/F.aug-cc-pVDZ.gamess | ccECP from Guangming Wang et al. Journal of Chemical Physics 151, 144110 (2019) https://doi.org/10.1063/1.5121006

  3
    0    1    2
    3    3    2
   12   12    2

   84.048652   41.094617   20.092738    9.824112    4.803386
    2.348560    1.148301    0.561449    0.344569    0.274514
    0.137828    0.134220

   -0.00000280    0.00000000    0.00000000
   -0.00035430    0.00000000    0.00000000
    0.01840880    0.00000000    0.00000000
   -0.12776610    0.00000000    0.00000000
   -0.07028720    0.00000000    0.00000000
    0.15716040    0.00000000    0.00000000
    0.37690120    0.00000000    0.00000000
    0.40951650    0.00000000    0.00000000
    0.00000000    1.00000000    0.00000000
    0.19708930    0.00000000    0.00000000
    0.00000000    0.00000000    1.00000000
    0.02434820    0.00000000    0.00000000

   31.642619   16.243233    8.338204    4.280284    2.197215
    1.127906    0.578992    0.364831    0.297216    0.152571
    0.145932    0.078320

    0.00296730    0.00000000    0.00000000
    0.02980490    0.00000000    0.00000000
    0.06694890    0.00000000    0.00000000
    0.13377900    0.00000000    0.00000000
    0.21483120    0.00000000    0.00000000
    0.26648620    0.00000000    0.00000000
    0.26189540    0.00000000    0.00000000
    0.00000000    1.00000000    0.00000000
    0.19202170    0.00000000    0.00000000
    0.08284650    0.00000000    0.00000000
    0.00000000    0.00000000    1.00000000
    0.01330460    0.00000000    0.00000000

    1.722479    0.688992

    1.00000000    0.00000000
    0.00000000    1.00000000

F:aug-cc-pVQZ-ccECP
ccECP aug-cc-pVQZ for F | source recipes/F/ccECP/F.aug-cc-pVQZ.gamess | ccECP from Guangming Wang et al. Journal of Chemical Physics 151, 144110 (2019) https://doi.org/10.1063/1.5121006

  5
    0    1    2    3    4
    5    5    4    3    2
   14   14    4    3    2

   84.048652   41.094617   20.092738    9.824112    4.803386
    2.348560    1.705653    1.148301    1.048013    0.561449
    0.294345    0.274514    0.134220    0.117738

   -0.00000280    0.00000000    0.00000000    0.00000000    0.00000000
   -0.00035430    0.00000000    0.00000000    0.00000000    0.00000000
    0.01840880    0.00000000    0.00000000    0.00000000    0.00000000
   -0.12776610    0.00000000    0.00000000    0.00000000    0.00000000
   -0.07028720    0.00000000    0.00000000    0.00000000    0.00000000
    0.15716040    0.00000000    0.00000000    0.00000000    0.00000000
    0.00000000    1.00000000    0.00000000    0.00000000    0.00000000
    0.37690120    0.00000000    0.00000000    0.00000000    0.00000000
    0.00000000    0.00000000    1.00000000    0.00000000    0.00000000
    0.40951650    0.00000000    0.00000000    0.00000000    0.00000000
    0.00000000    0.00000000    0.00000000    1.00000000    0.00000000
    0.19708930    0.00000000    0.00000000    0.00000000    0.00000000
    0.02434820    0.00000000    0.00000000    0.00000000    0.00000000
    0.00000000    0.00000000    0.00000000    0.00000000    1.00000000

   31.642619   16.243233    8.338204    4.280284    2.197215
    1.650688    1.127906    0.647240    0.578992    0.297216
    0.205806    0.152571    0.082322    0.078320

    0.00296730    0.00000000    0.00000000    0.00000000    0.00000000
    0.02980490    0.00000000    0.00000000    0.00000000    0.00000000
    0.06694890    0.00000000    0.00000000    0.00000000    0.00000000
    0.13377900    0.00000000    0.00000000    0.00000000    0.00000000
    0.21483120    0.00000000    0.00000000    0.00000000    0.00000000
    0.00000000    1.00000000    0.00000000    0.00000000    0.00000000
    0.26648620    0.00000000    0.00000000    0.00000000    0.00000000
    0.00000000    0.00000000    1.00000000    0.00000000    0.00000000
    0.26189540    0.00000000    0.00000000    0.00000000    0.00000000
    0.19202170    0.00000000    0.00000000    0.00000000    0.00000000
    0.00000000    0.00000000    0.00000000    1.00000000    0.00000000
    0.08284650    0.00000000    0.00000000    0.00000000    0.00000000
    0.00000000    0.00000000    0.00000000    0.00000000    1.00000000
    0.01330460    0.00000000    0.00000000    0.00000000    0.00000000

    4.998085    1.724392    0.587354    0.234942

    1.00000000    0.00000000    0.00000000    0.00000000
    0.00000000    1.00000000    0.00000000    0.00000000
    0.00000000    0.00000000    1.00000000    0.00000000
    0.00000000    0.00000000    0.00000000    1.00000000

    3.694285    1.178147    0.471259

    1.00000000    0.00000000    0.00000000
    0.00000000    1.00000000    0.00000000
    0.00000000    0.00000000    1.00000000

    2.406583    0.962633

    1.00000000    0.00000000
    0.00000000    1.00000000

F:aug-cc-pVTZ-ccECP
ccECP aug-cc-pVTZ for F | source recipes/F/ccECP/F.aug-cc-pVTZ.gamess | ccECP from Guangming Wang et al. Journal of Chemical Physics 151, 144110 (2019) https://doi.org/10.1063/1.5121006

  4
    0    1    2    3
    4    4    3    2
   13   13    3    2

   84.048652   41.094617   20.092738    9.824112    4.803386
    2.348560    2.289795    1.148301    0.561449    0.327712
    0.274514    0.134220    0.131085

   -0.00000280    0.00000000    0.00000000    0.00000000
   -0.00035430    0.00000000    0.00000000    0.00000000
    0.01840880    0.00000000    0.00000000    0.00000000
   -0.12776610    0.00000000    0.00000000    0.00000000
   -0.07028720    0.00000000    0.00000000    0.00000000
    0.15716040    0.00000000    0.00000000    0.00000000
    0.00000000    1.00000000    0.00000000    0.00000000
    0.37690120    0.00000000    0.00000000    0.00000000
    0.40951650    0.00000000    0.00000000    0.00000000
    0.00000000    0.00000000    1.00000000    0.00000000
    0.19708930    0.00000000    0.00000000    0.00000000
    0.02434820    0.00000000    0.00000000    0.00000000
    0.00000000    0.00000000    0.00000000    1.00000000

   31.642619   16.243233    8.338204    4.280284    2.197215
    1.127906    0.804181    0.578992    0.297216    0.243660
    0.152571    0.097464    0.078320

    0.00296730    0.00000000    0.00000000    0.00000000
    0.02980490    0.00000000    0.00000000    0.00000000
    0.06694890    0.00000000    0.00000000    0.00000000
    0.13377900    0.00000000    0.00000000    0.00000000
    0.21483120    0.00000000    0.00000000    0.00000000
    0.26648620    0.00000000    0.00000000    0.00000000
    0.00000000    1.00000000    0.00000000    0.00000000
    0.26189540    0.00000000    0.00000000    0.00000000
    0.19202170    0.00000000    0.00000000    0.00000000
    0.00000000    0.00000000    1.00000000    0.00000000
    0.08284650    0.00000000    0.00000000    0.00000000
    0.00000000    0.00000000    0.00000000    1.00000000
    0.01330460    0.00000000    0.00000000    0.00000000

    3.297425    0.900763    0.360305

    1.00000000    0.00000000    0.00000000
    0.00000000    1.00000000    0.00000000
    0.00000000    0.00000000    1.00000000

    1.859274    0.743710

    1.00000000    0.00000000
    0.00000000    1.00000000

F:cc-pV5Z-ccECP
ccECP cc-pV5Z for F | source recipes/F/ccECP/F.cc-pV5Z.gamess | ccECP from Guangming Wang et al. Journal of Chemical Physics 151, 144110 (2019) https://doi.org/10.1063/1.5121006

  6
    0    1    2    3    4    5
    5    5    4    3    2    1
   14   14    4    3    2    1

   84.048652   41.094617   20.092738    9.824112    4.803386
    2.542428    2.348560    1.250265    1.148301    0.561449
    0.459697    0.274514    0.191146    0.134220

   -0.00000280    0.00000000    0.00000000    0.00000000    0.00000000
   -0.00035430    0.00000000    0.00000000    0.00000000    0.00000000
    0.01840880    0.00000000    0.00000000    0.00000000    0.00000000
   -0.12776610    0.00000000    0.00000000    0.00000000    0.00000000
   -0.07028720    0.00000000    0.00000000    0.00000000    0.00000000
    0.00000000    1.00000000    0.00000000    0.00000000    0.00000000
    0.15716040    0.00000000    0.00000000    0.00000000    0.00000000
    0.00000000    0.00000000    1.00000000    0.00000000    0.00000000
    0.37690120    0.00000000    0.00000000    0.00000000    0.00000000
    0.40951650    0.00000000    0.00000000    0.00000000    0.00000000
    0.00000000    0.00000000    0.00000000    1.00000000    0.00000000
    0.19708930    0.00000000    0.00000000    0.00000000    0.00000000
    0.00000000    0.00000000    0.00000000    0.00000000    1.00000000
    0.02434820    0.00000000    0.00000000    0.00000000    0.00000000

   31.642619   16.243233    8.338204    4.280284    2.197215
    2.018698    1.505085    1.127906    0.578992    0.489019
    0.297216    0.170574    0.152571    0.078320

    0.00296730    0.00000000    0.00000000    0.00000000    0.00000000
    0.02980490    0.00000000    0.00000000    0.00000000    0.00000000
    0.06694890    0.00000000    0.00000000    0.00000000    0.00000000
    0.13377900    0.00000000    0.00000000    0.00000000    0.00000000
    0.21483120    0.00000000    0.00000000    0.00000000    0.00000000
    0.00000000    1.00000000    0.00000000    0.00000000    0.00000000
    0.00000000    0.00000000    1.00000000    0.00000000    0.00000000
    0.26648620    0.00000000    0.00000000    0.00000000    0.00000000
    0.26189540    0.00000000    0.00000000    0.00000000    0.00000000
    0.00000000    0.00000000    0.00000000    1.00000000    0.00000000
    0.19202170    0.00000000    0.00000000    0.00000000    0.00000000
    0.00000000    0.00000000    0.00000000    0.00000000    1.00000000
    0.08284650    0.00000000    0.00000000    0.00000000    0.00000000
    0.01330460    0.00000000    0.00000000    0.00000000    0.00000000

    5.603581    3.901897    1.523306    0.517711

    1.00000000    0.00000000    0.00000000    0.00000000
    0.00000000    1.00000000    0.00000000    0.00000000
    0.00000000    0.00000000    1.00000000    0.00000000
    0.00000000    0.00000000    0.00000000    1.00000000

    4.297889    2.950321    0.981494

    1.00000000    0.00000000    0.00000000
    0.00000000    1.00000000    0.00000000
    0.00000000    0.00000000    1.00000000

    4.619953    1.638933

    1.00000000    0.00000000
    0.00000000    1.00000000

    2.963127

    1.00000000

F:cc-pV6Z-ccECP
ccECP cc-pV6Z for F | source recipes/F/ccECP/F.cc-pV6Z.gamess | ccECP from Guangming Wang et al. Journal of Chemical Physics 151, 144110 (2019) https://doi.org/10.1063/1.5121006

  7
    0    1    2    3    4    5    6
    6    6    5    4    3    2    1
   15   15    5    4    3    2    1

   84.048652   41.094617   20.092738    9.824112    8.912111
    4.803386    3.027989    2.348560    1.314982    1.148301
    0.592958    0.561449    0.274514    0.233059    0.134220

   -0.00000280    0.00000000    0.00000000    0.00000000    0.00000000
    0.00000000
   -0.00035430    0.00000000    0.00000000    0.00000000    0.00000000
    0.00000000
    0.01840880    0.00000000    0.00000000    0.00000000    0.00000000
    0.00000000
   -0.12776610    0.00000000    0.00000000    0.00000000    0.00000000
    0.00000000
    0.00000000    0.00000000    0.00000000    0.00000000    0.00000000
    1.00000000
   -0.07028720    0.00000000    0.00000000    0.00000000    0.00000000
    0.00000000
    0.00000000    0.00000000    0.00000000    0.00000000    1.00000000
    0.00000000
    0.15716040    0.00000000    0.00000000    0.00000000    0.00000000
    0.00000000
    0.00000000    0.00000000    0.00000000    1.00000000    0.00000000
    0.00000000
    0.37690120    0.00000000    0.00000000    0.00000000    0.00000000
    0.00000000
    0.00000000    0.00000000    1.00000000    0.00000000    0.00000000
    0.00000000
    0.40951650    0.00000000    0.00000000    0.00000000    0.00000000
    0.00000000
    0.19708930    0.00000000    0.00000000    0.00000000    0.00000000
    0.00000000
    0.00000000    1.00000000    0.00000000    0.00000000    0.00000000
    0.00000000
    0.02434820    0.00000000    0.00000000    0.00000000    0.00000000
    0.00000000

   31.642619   16.243233    8.338204    4.280284    3.775099
    2.351442    2.197215    1.127906    0.954550    0.578992
    0.395349    0.297216    0.152571    0.148966    0.078320

    0.00296730    0.00000000    0.00000000    0.00000000    0.00000000
    0.00000000
    0.02980490    0.00000000    0.00000000    0.00000000    0.00000000
    0.00000000
    0.06694890    0.00000000    0.00000000    0.00000000    0.00000000
    0.00000000
    0.13377900    0.00000000    0.00000000    0.00000000    0.00000000
    0.00000000
    0.00000000    0.00000000    0.00000000    0.00000000    0.00000000
    1.00000000
    0.00000000    0.00000000    0.00000000    0.00000000    1.00000000
    0.00000000
    0.21483120    0.00000000    0.00000000    0.00000000    0.00000000
    0.00000000
    0.26648620    0.00000000    0.00000000    0.00000000    0.00000000
    0.00000000
    0.00000000    0.00000000    0.00000000    1.00000000    0.00000000
    0.00000000
    0.26189540    0.00000000    0.00000000    0.00000000    0.00000000
    0.00000000
    0.00000000    0.00000000    1.00000000    0.00000000    0.00000000
    0.00000000
    0.19202170    0.00000000    0.00000000    0.00000000    0.00000000
    0.00000000
    0.08284650    0.00000000    0.00000000    0.00000000    0.00000000
    0.00000000
    0.00000000    1.00000000    0.00000000    0.00000000    0.00000000
    0.00000000
    0.01330460    0.00000000    0.00000000    0.00000000    0.00000000
    0.00000000

   10.621414    4.506522    2.283487    1.013215    0.386789

    0.00000000    0.00000000    0.00000000    0.00000000    1.00000000
    0.00000000    0.00000000    0.00000000    1.00000000    0.00000000
    0.00000000    0.00000000    1.00000000    0.00000000    0.00000000
    0.00000000    1.00000000    0.00000000    0.00000000    0.00000000
    1.00000000    0.00000000    0.00000000    0.00000000    0.00000000

    7.444477    3.355094    1.574750    0.622999

    0.00000000    0.00000000    0.00000000    1.00000000
    0.00000000    0.00000000    1.00000000    0.00000000
    0.00000000    1.00000000    0.00000000    0.00000000
    1.00000000    0.00000000    0.00000000    0.00000000

    6.536467    2.896899    1.163722

    0.00000000    0.00000000    1.00000000
    0.00000000    1.00000000    0.00000000
    1.00000000    0.00000000    0.00000000

    4.954963    1.955732

    0.00000000    1.00000000
    1.00000000    0.00000000

    3.576219

    1.00000000

F:cc-pVDZ-ccECP
ccECP cc-pVDZ for F | source recipes/F/ccECP/F.cc-pVDZ.gamess | ccECP from Guangming Wang et al. Journal of Chemical Physics 151, 144110 (2019) https://doi.org/10.1063/1.5121006

  3
    0    1    2
    2    2    1
   11   11    1

   84.048652   41.094617   20.092738    9.824112    4.803386
    2.348560    1.148301    0.561449    0.344569    0.274514
    0.134220

   -0.00000280    0.00000000
   -0.00035430    0.00000000
    0.01840880    0.00000000
   -0.12776610    0.00000000
   -0.07028720    0.00000000
    0.15716040    0.00000000
    0.37690120    0.00000000
    0.40951650    0.00000000
    0.00000000    1.00000000
    0.19708930    0.00000000
    0.02434820    0.00000000

   31.642619   16.243233    8.338204    4.280284    2.197215
    1.127906    0.578992    0.364831    0.297216    0.152571
    0.078320

    0.00296730    0.00000000
    0.02980490    0.00000000
    0.06694890    0.00000000
    0.13377900    0.00000000
    0.21483120    0.00000000
    0.26648620    0.00000000
    0.26189540    0.00000000
    0.00000000    1.00000000
    0.19202170    0.00000000
    0.08284650    0.00000000
    0.01330460    0.00000000

    1.722479

    1.00000000

F:cc-pVQZ-ccECP
ccECP cc-pVQZ for F | source recipes/F/ccECP/F.cc-pVQZ.gamess | ccECP from Guangming Wang et al. Journal of Chemical Physics 151, 144110 (2019) https://doi.org/10.1063/1.5121006

  5
    0    1    2    3    4
    4    4    3    2    1
   13   13    3    2    1

   84.048652   41.094617   20.092738    9.824112    4.803386
    2.348560    1.705653    1.148301    1.048013    0.561449
    0.294345    0.274514    0.134220

   -0.00000280    0.00000000    0.00000000    0.00000000
   -0.00035430    0.00000000    0.00000000    0.00000000
    0.01840880    0.00000000    0.00000000    0.00000000
   -0.12776610    0.00000000    0.00000000    0.00000000
   -0.07028720    0.00000000    0.00000000    0.00000000
    0.15716040    0.00000000    0.00000000    0.00000000
    0.00000000    1.00000000    0.00000000    0.00000000
    0.37690120    0.00000000    0.00000000    0.00000000
    0.00000000    0.00000000    1.00000000    0.00000000
    0.40951650    0.00000000    0.00000000    0.00000000
    0.00000000    0.00000000    0.00000000    1.00000000
    0.19708930    0.00000000    0.00000000    0.00000000
    0.02434820    0.00000000    0.00000000    0.00000000

   31.642619   16.243233    8.338204    4.280284    2.197215
    1.650688    1.127906    0.647240    0.578992    0.297216
    0.205806    0.152571    0.078320

    0.00296730    0.00000000    0.00000000    0.00000000
    0.02980490    0.00000000    0.00000000    0.00000000
    0.06694890    0.00000000    0.00000000    0.00000000
    0.13377900    0.00000000    0.00000000    0.00000000
    0.21483120    0.00000000    0.00000000    0.00000000
    0.00000000    1.00000000    0.00000000    0.00000000
    0.26648620    0.00000000    0.00000000    0.00000000
    0.00000000    0.00000000    1.00000000    0.00000000
    0.26189540    0.00000000    0.00000000    0.00000000
    0.19202170    0.00000000    0.00000000    0.00000000
    0.00000000    0.00000000    0.00000000    1.00000000
    0.08284650    0.00000000    0.00000000    0.00000000
    0.01330460    0.00000000    0.00000000    0.00000000

    4.998085    1.724392    0.587354

    1.00000000    0.00000000    0.00000000
    0.00000000    1.00000000    0.00000000
    0.00000000    0.00000000    1.00000000

    3.694285    1.178147

    1.00000000    0.00000000
    0.00000000    1.00000000

    2.406583

    1.00000000

F:cc-pVTZ-ccECP
ccECP cc-pVTZ for F | source recipes/F/ccECP/F.cc-pVTZ.gamess | ccECP from Guangming Wang et al. Journal of Chemical Physics 151, 144110 (2019) https://doi.org/10.1063/1.5121006

  4
    0    1    2    3
    3    3    2    1
   12   12    2    1

   84.048652   41.094617   20.092738    9.824112    4.803386
    2.348560    2.289795    1.148301    0.561449    0.327712
    0.274514    0.134220

   -0.00000280    0.00000000    0.00000000
   -0.00035430    0.00000000    0.00000000
    0.01840880    0.00000000    0.00000000
   -0.12776610    0.00000000    0.00000000
   -0.07028720    0.00000000    0.00000000
    0.15716040    0.00000000    0.00000000
    0.00000000    1.00000000    0.00000000
    0.37690120    0.00000000    0.00000000
    0.40951650    0.00000000    0.00000000
    0.00000000    0.00000000    1.00000000
    0.19708930    0.00000000    0.00000000
    0.02434820    0.00000000    0.00000000

   31.642619   16.243233    8.338204    4.280284    2.197215
    1.127906    0.804181    0.578992    0.297216    0.243660
    0.152571    0.078320

    0.00296730    0.00000000    0.00000000
    0.02980490    0.00000000    0.00000000
    0.06694890    0.00000000    0.00000000
    0.13377900    0.00000000    0.00000000
    0.21483120    0.00000000    0.00000000
    0.26648620    0.00000000    0.00000000
    0.00000000    1.00000000    0.00000000
    0.26189540    0.00000000    0.00000000
    0.19202170    0.00000000    0.00000000
    0.00000000    0.00000000    1.00000000
    0.08284650    0.00000000    0.00000000
    0.01330460    0.00000000    0.00000000

    3.297425    0.900763

    1.00000000    0.00000000
    0.00000000    1.00000000

    1.859274

    1.00000000

