
Mg:aug-cc-pV5Z-ccECP
ccECP aug-cc-pV5Z for Mg | source recipes/Mg/ccECP/Mg.aug-cc-pV5Z.gamess | ccECP from Chandler Bennett et al. Journal of Chemical Physics 149, 104108 (2018) https://doi.org/10.1063/1.5038135

  6
    0    1    2    3    4    5
    6    6    5    4    3    2
   15   15    5    4    3    2

   51.711283   22.892200   10.134207    4.486338    1.986068
    0.879218    0.389223    0.352312    0.172306    0.155252
    0.076279    0.068414    0.033768    0.030148    0.013285

    0.00001300    0.00000000    0.00000000    0.00000000    0.00000000
    0.00000000
   -0.00007900    0.00000000    0.00000000    0.00000000    0.00000000
    0.00000000
    0.00038800    0.00000000    0.00000000    0.00000000    0.00000000
    0.00000000
   -0.00555700    0.00000000    0.00000000    0.00000000    0.00000000
    0.00000000
    0.04709800    0.00000000    0.00000000    0.00000000    0.00000000
    0.00000000
   -0.18005200    0.00000000    0.00000000    0.00000000    0.00000000
    0.00000000
   -0.07386000    0.00000000    0.00000000    0.00000000    0.00000000
    0.00000000
    0.00000000    0.00000000    0.00000000    0.00000000    0.00000000
    1.00000000
    0.23765800    0.00000000    0.00000000    0.00000000    0.00000000
    0.00000000
    0.00000000    0.00000000    0.00000000    0.00000000    1.00000000
    0.00000000
    0.58477700    0.00000000    0.00000000    0.00000000    0.00000000
    0.00000000
    0.00000000    0.00000000    0.00000000    1.00000000    0.00000000
    0.00000000
    0.23422500    0.00000000    0.00000000    0.00000000    0.00000000
    0.00000000
    0.00000000    0.00000000    1.00000000    0.00000000    0.00000000
    0.00000000
    0.00000000    1.00000000    0.00000000    0.00000000    0.00000000
    0.00000000

   13.152061    6.979476    3.703836    1.965535    1.043061
    0.553527    0.293743    0.161292    0.155882    0.082723
    0.078039    0.043899    0.037758    0.018268    0.008839

    0.00001800    0.00000000    0.00000000    0.00000000    0.00000000
    0.00000000
   -0.00004700    0.00000000    0.00000000    0.00000000    0.00000000
    0.00000000
    0.00057800    0.00000000    0.00000000    0.00000000    0.00000000
    0.00000000
    0.00074300    0.00000000    0.00000000    0.00000000    0.00000000
    0.00000000
   -0.00069400    0.00000000    0.00000000    0.00000000    0.00000000
    0.00000000
   -0.00734300    0.00000000    0.00000000    0.00000000    0.00000000
    0.00000000
    0.01552600    0.00000000    0.00000000    0.00000000    0.00000000
    0.00000000
    0.00000000    0.00000000    0.00000000    0.00000000    0.00000000
    1.00000000
   -0.00661900    0.00000000    0.00000000    0.00000000    0.00000000
    0.00000000
    0.07163400    0.00000000    0.00000000    0.00000000    0.00000000
    0.00000000
    0.00000000    0.00000000    0.00000000    0.00000000    1.00000000
    0.00000000
   -0.01927600    0.00000000    0.00000000    0.00000000    0.00000000
    0.00000000
    0.00000000    0.00000000    0.00000000    1.00000000    0.00000000
    0.00000000
    0.00000000    0.00000000    1.00000000    0.00000000    0.00000000
    0.00000000
    0.00000000    1.00000000    0.00000000    0.00000000    0.00000000
    0.00000000

    1.156556    0.525745    0.238992    0.108641    0.049386

    0.00000000    0.00000000    0.00000000    0.00000000    1.00000000
    0.00000000    0.00000000    0.00000000    1.00000000    0.00000000
    0.00000000    0.00000000    1.00000000    0.00000000    0.00000000
    0.00000000    1.00000000    0.00000000    0.00000000    0.00000000
    1.00000000    0.00000000    0.00000000    0.00000000    0.00000000

    0.449952    0.264174    0.155101    0.091063

    0.00000000    0.00000000    0.00000000    1.00000000
    0.00000000    0.00000000    1.00000000    0.00000000
    0.00000000    1.00000000    0.00000000    0.00000000
    1.00000000    0.00000000    0.00000000    0.00000000

    0.444056    0.240029    0.129745

    0.00000000    0.00000000    1.00000000
    0.00000000    1.00000000    0.00000000
    1.00000000    0.00000000    0.00000000

    0.375278    0.150114

    0.00000000    1.00000000
    1.00000000    0.00000000

Mg:aug-cc-pV6Z-ccECP
ccECP aug-cc-pV6Z for Mg | source recipes/Mg/ccECP/Mg.aug-cc-pV6Z.gamess | ccECP from Chandler Bennett et al. Journal of Chemical Physics 149, 104108 (2018) https://doi.org/10.1063/1.5038135

  7
    0    1    2    3    4    5    6
    7    7    6    5    4    3    2
   16   16    6    5    4    3    2

   51.711283   22.892200   10.134207    4.486338    1.986068
    0.879218    0.792756    0.389223    0.362365    0.172306
    0.165635    0.076279    0.075711    0.034607    0.033768
    0.015819

    0.00001300    0.00000000    0.00000000    0.00000000    0.00000000
    0.00000000    0.00000000
   -0.00007900    0.00000000    0.00000000    0.00000000    0.00000000
    0.00000000    0.00000000
    0.00038800    0.00000000    0.00000000    0.00000000    0.00000000
    0.00000000    0.00000000
   -0.00555700    0.00000000    0.00000000    0.00000000    0.00000000
    0.00000000    0.00000000
    0.04709800    0.00000000    0.00000000    0.00000000    0.00000000
    0.00000000    0.00000000
   -0.18005200    0.00000000    0.00000000    0.00000000    0.00000000
    0.00000000    0.00000000
    0.00000000    0.00000000    0.00000000    0.00000000    0.00000000
    0.00000000    1.00000000
   -0.07386000    0.00000000    0.00000000    0.00000000    0.00000000
    0.00000000    0.00000000
    0.00000000    0.00000000    0.00000000    0.00000000    0.00000000
    1.00000000    0.00000000
    0.23765800    0.00000000    0.00000000    0.00000000    0.00000000
    0.00000000    0.00000000
    0.00000000    0.00000000    0.00000000    0.00000000    1.00000000
    0.00000000    0.00000000
    0.58477700    0.00000000    0.00000000    0.00000000    0.00000000
    0.00000000    0.00000000
    0.00000000    0.00000000    0.00000000    1.00000000    0.00000000
    0.00000000    0.00000000
    0.00000000    0.00000000    1.00000000    0.00000000    0.00000000
    0.00000000    0.00000000
    0.23422500    0.00000000    0.00000000    0.00000000    0.00000000
    0.00000000    0.00000000
    0.00000000    1.00000000    0.00000000    0.00000000    0.00000000
    0.00000000    0.00000000

   13.152061    6.979476    3.703836    1.965535    1.043061
    0.553527    0.293743    0.269423    0.155882    0.147438
    0.082723    0.080683    0.044153    0.043899    0.024162
    0.013222

    0.00001800    0.00000000    0.00000000    0.00000000    0.00000000
    0.00000000    0.00000000
   -0.00004700    0.00000000    0.00000000    0.00000000    0.00000000
    0.00000000    0.00000000
    0.00057800    0.00000000    0.00000000    0.00000000    0.00000000
    0.00000000    0.00000000
    0.00074300    0.00000000    0.00000000    0.00000000    0.00000000
    0.00000000    0.00000000
   -0.00069400    0.00000000    0.00000000    0.00000000    0.00000000
    0.00000000    0.00000000
   -0.00734300    0.00000000    0.00000000    0.00000000    0.00000000
    0.00000000    0.00000000
    0.01552600    0.00000000    0.00000000    0.00000000    0.00000000
    0.00000000    0.00000000
    0.00000000    0.00000000    0.00000000    0.00000000    0.00000000
    0.00000000    1.00000000
   -0.00661900    0.00000000    0.00000000    0.00000000    0.00000000
    0.00000000    0.00000000
    0.00000000    0.00000000    0.00000000    0.00000000    0.00000000
    1.00000000    0.00000000
    0.07163400    0.00000000    0.00000000    0.00000000    0.00000000
    0.00000000    0.00000000
    0.00000000    0.00000000    0.00000000    0.00000000    1.00000000
    0.00000000    0.00000000
    0.00000000    0.00000000    0.00000000    1.00000000    0.00000000
    0.00000000    0.00000000
   -0.01927600    0.00000000    0.00000000    0.00000000    0.00000000
    0.00000000    0.00000000
    0.00000000    0.00000000    1.00000000    0.00000000    0.00000000
    0.00000000    0.00000000
    0.00000000    1.00000000    0.00000000    0.00000000    0.00000000
    0.00000000    0.00000000

    1.404763    0.661820    0.311800    0.146897    0.069207
    0.032605

    0.00000000    0.00000000    0.00000000    0.00000000    0.00000000
    1.00000000
    0.00000000    0.00000000    0.00000000    0.00000000    1.00000000
    0.00000000
    0.00000000    0.00000000    0.00000000    1.00000000    0.00000000
    0.00000000
    0.00000000    0.00000000    1.00000000    0.00000000    0.00000000
    0.00000000
    0.00000000    1.00000000    0.00000000    0.00000000    0.00000000
    0.00000000
    1.00000000    0.00000000    0.00000000    0.00000000    0.00000000
    0.00000000

    0.477051    0.301277    0.190268    0.120162    0.075887

    0.00000000    0.00000000    0.00000000    0.00000000    1.00000000
    0.00000000    0.00000000    0.00000000    1.00000000    0.00000000
    0.00000000    0.00000000    1.00000000    0.00000000    0.00000000
    0.00000000    1.00000000    0.00000000    0.00000000    0.00000000
    1.00000000    0.00000000    0.00000000    0.00000000    0.00000000

    0.445609    0.279983    0.175917    0.110531

    0.00000000    0.00000000    0.00000000    1.00000000
    0.00000000    0.00000000    1.00000000    0.00000000
    0.00000000    1.00000000    0.00000000    0.00000000
    1.00000000    0.00000000    0.00000000    0.00000000

    0.417778    0.253187    0.153440

    0.00000000    0.00000000    1.00000000
    0.00000000    1.00000000    0.00000000
    1.00000000    0.00000000    0.00000000

    0.354832    0.141933

    0.00000000    1.00000000
    1.00000000    0.00000000

Mg:aug-cc-pVDZ-ccECP
ccECP aug-cc-pVDZ for Mg | source recipes/Mg/ccECP/Mg.aug-cc-pVDZ.gamess | ccECP from Chandler Bennett et al. Journal of Chemical Physics 149, 104108 (2018) https://doi.org/10.1063/1.5038135

  3
    0    1    2
    3    3    2
   12   12    2

   51.711283   22.892200   10.134207    4.486338    1.986068
    0.879218    0.389223    0.172306    0.125638    0.076279
    0.050283    0.033768

    0.00001300    0.00000000    0.00000000
   -0.00007900    0.00000000    0.00000000
    0.00038800    0.00000000    0.00000000
   -0.00555700    0.00000000    0.00000000
    0.04709800    0.00000000    0.00000000
   -0.18005200    0.00000000    0.00000000
   -0.07386000    0.00000000    0.00000000
    0.23765800    0.00000000    0.00000000
    0.00000000    1.00000000    0.00000000
    0.58477700    0.00000000    0.00000000
    0.00000000    0.00000000    1.00000000
    0.23422500    0.00000000    0.00000000

   13.152061    6.979476    3.703836    1.965535    1.043061
    0.553527    0.412739    0.293743    0.165957    0.155882
    0.082723    0.043899

    0.00001800    0.00000000    0.00000000
   -0.00004700    0.00000000    0.00000000
    0.00057800    0.00000000    0.00000000
    0.00074300    0.00000000    0.00000000
   -0.00069400    0.00000000    0.00000000
   -0.00734300    0.00000000    0.00000000
    0.00000000    1.00000000    0.00000000
    0.01552600    0.00000000    0.00000000
    0.00000000    0.00000000    1.00000000
   -0.00661900    0.00000000    0.00000000
    0.07163400    0.00000000    0.00000000
   -0.01927600    0.00000000    0.00000000

    0.235359    0.093299

    1.00000000    0.00000000
    0.00000000    1.00000000

Mg:aug-cc-pVQZ-ccECP
ccECP aug-cc-pVQZ for Mg | source recipes/Mg/ccECP/Mg.aug-cc-pVQZ.gamess | ccECP from Chandler Bennett et al. Journal of Chemical Physics 149, 104108 (2018) https://doi.org/10.1063/1.5038135

  5
    0    1    2    3    4
    5    5    4    3    2
   14   14    4    3    2

   51.711283   22.892200   10.134207    4.486338    1.986068
    0.879218    0.389223    0.357224    0.172306    0.161610
    0.076279    0.073113    0.033768    0.033077

    0.00001300    0.00000000    0.00000000    0.00000000    0.00000000
   -0.00007900    0.00000000    0.00000000    0.00000000    0.00000000
    0.00038800    0.00000000    0.00000000    0.00000000    0.00000000
   -0.00555700    0.00000000    0.00000000    0.00000000    0.00000000
    0.04709800    0.00000000    0.00000000    0.00000000    0.00000000
   -0.18005200    0.00000000    0.00000000    0.00000000    0.00000000
   -0.07386000    0.00000000    0.00000000    0.00000000    0.00000000
    0.00000000    0.00000000    0.00000000    0.00000000    1.00000000
    0.23765800    0.00000000    0.00000000    0.00000000    0.00000000
    0.00000000    0.00000000    0.00000000    1.00000000    0.00000000
    0.58477700    0.00000000    0.00000000    0.00000000    0.00000000
    0.00000000    0.00000000    1.00000000    0.00000000    0.00000000
    0.23422500    0.00000000    0.00000000    0.00000000    0.00000000
    0.00000000    1.00000000    0.00000000    0.00000000    0.00000000

   13.152061    6.979476    3.703836    1.965535    1.043061
    0.553527    0.293743    0.165441    0.155882    0.082723
    0.077463    0.043899    0.036270    0.016982

    0.00001800    0.00000000    0.00000000    0.00000000    0.00000000
   -0.00004700    0.00000000    0.00000000    0.00000000    0.00000000
    0.00057800    0.00000000    0.00000000    0.00000000    0.00000000
    0.00074300    0.00000000    0.00000000    0.00000000    0.00000000
   -0.00069400    0.00000000    0.00000000    0.00000000    0.00000000
   -0.00734300    0.00000000    0.00000000    0.00000000    0.00000000
    0.01552600    0.00000000    0.00000000    0.00000000    0.00000000
    0.00000000    0.00000000    0.00000000    0.00000000    1.00000000
   -0.00661900    0.00000000    0.00000000    0.00000000    0.00000000
    0.07163400    0.00000000    0.00000000    0.00000000    0.00000000
    0.00000000    0.00000000    0.00000000    1.00000000    0.00000000
   -0.01927600    0.00000000    0.00000000    0.00000000    0.00000000
    0.00000000    0.00000000    1.00000000    0.00000000    0.00000000
    0.00000000    1.00000000    0.00000000    0.00000000    0.00000000

    0.353995    0.189695    0.101651    0.054472

    0.00000000    0.00000000    0.00000000    1.00000000
    0.00000000    0.00000000    1.00000000    0.00000000
    0.00000000    1.00000000    0.00000000    0.00000000
    1.00000000    0.00000000    0.00000000    0.00000000

    0.423382    0.213707    0.107871

    0.00000000    0.00000000    1.00000000
    0.00000000    1.00000000    0.00000000
    1.00000000    0.00000000    0.00000000

    0.333120    0.133430

    0.00000000    1.00000000
    1.00000000    0.00000000

Mg:aug-cc-pVTZ-ccECP
ccECP aug-cc-pVTZ for Mg | source recipes/Mg/ccECP/Mg.aug-cc-pVTZ.gamess | ccECP from Chandler Bennett et al. Journal of Chemical Physics 149, 104108 (2018) https://doi.org/10.1063/1.5038135

  4
    0    1    2    3
    4    4    3    2
   13   13    3    2

   51.711283   22.892200   10.134207    4.486338    1.986068
    0.879218    0.389223    0.216678    0.172306    0.076279
    0.050770    0.033768    0.011896

    0.00001300    0.00000000    0.00000000    0.00000000
   -0.00007900    0.00000000    0.00000000    0.00000000
    0.00038800    0.00000000    0.00000000    0.00000000
   -0.00555700    0.00000000    0.00000000    0.00000000
    0.04709800    0.00000000    0.00000000    0.00000000
   -0.18005200    0.00000000    0.00000000    0.00000000
   -0.07386000    0.00000000    0.00000000    0.00000000
    0.00000000    0.00000000    0.00000000    1.00000000
    0.23765800    0.00000000    0.00000000    0.00000000
    0.58477700    0.00000000    0.00000000    0.00000000
    0.00000000    0.00000000    1.00000000    0.00000000
    0.23422500    0.00000000    0.00000000    0.00000000
    0.00000000    1.00000000    0.00000000    0.00000000

   13.152061    6.979476    3.703836    1.965535    1.043061
    0.553527    0.293743    0.155882    0.152062    0.082723
    0.079564    0.043899    0.041631

    0.00001800    0.00000000    0.00000000    0.00000000
   -0.00004700    0.00000000    0.00000000    0.00000000
    0.00057800    0.00000000    0.00000000    0.00000000
    0.00074300    0.00000000    0.00000000    0.00000000
   -0.00069400    0.00000000    0.00000000    0.00000000
   -0.00734300    0.00000000    0.00000000    0.00000000
    0.01552600    0.00000000    0.00000000    0.00000000
   -0.00661900    0.00000000    0.00000000    0.00000000
    0.00000000    0.00000000    0.00000000    1.00000000
    0.07163400    0.00000000    0.00000000    0.00000000
    0.00000000    0.00000000    1.00000000    0.00000000
   -0.01927600    0.00000000    0.00000000    0.00000000
    0.00000000    1.00000000    0.00000000    0.00000000

    0.289092    0.126659    0.055493

    0.00000000    0.00000000    1.00000000
    0.00000000    1.00000000    0.00000000
    1.00000000    0.00000000    0.00000000

    0.253861    0.103982

    0.00000000    1.00000000
    1.00000000    0.00000000

Mg:cc-pV5Z-ccECP
ccECP cc-pV5Z for Mg | source recipes/Mg/ccECP/Mg.cc-pV5Z.gamess | ccECP from Chandler Bennett et al. Journal of Chemical Physics 149, 104108 (2018) https://doi.org/10.1063/1.5038135

  6
    0    1    2    3    4    5
    5    5    4    3    2    1
   14   14    4    3    2    1

   51.711283   22.892200   10.134207    4.486338    1.986068
    0.879218    0.389223    0.345047    0.172306    0.152041
    0.076279    0.066995    0.033768    0.029521

    0.00001300    0.00000000    0.00000000    0.00000000    0.00000000
   -0.00007900    0.00000000    0.00000000    0.00000000    0.00000000
    0.00038800    0.00000000    0.00000000    0.00000000    0.00000000
   -0.00555700    0.00000000    0.00000000    0.00000000    0.00000000
    0.04709800    0.00000000    0.00000000    0.00000000    0.00000000
   -0.18005200    0.00000000    0.00000000    0.00000000    0.00000000
   -0.07386000    0.00000000    0.00000000    0.00000000    0.00000000
    0.00000000    0.00000000    0.00000000    0.00000000    1.00000000
    0.23765800    0.00000000    0.00000000    0.00000000    0.00000000
    0.00000000    0.00000000    0.00000000    1.00000000    0.00000000
    0.58477700    0.00000000    0.00000000    0.00000000    0.00000000
    0.00000000    0.00000000    1.00000000    0.00000000    0.00000000
    0.23422500    0.00000000    0.00000000    0.00000000    0.00000000
    0.00000000    1.00000000    0.00000000    0.00000000    0.00000000

   13.152061    6.979476    3.703836    1.965535    1.043061
    0.553527    0.293743    0.164892    0.155882    0.082723
    0.081236    0.043899    0.040022    0.019717

    0.00001800    0.00000000    0.00000000    0.00000000    0.00000000
   -0.00004700    0.00000000    0.00000000    0.00000000    0.00000000
    0.00057800    0.00000000    0.00000000    0.00000000    0.00000000
    0.00074300    0.00000000    0.00000000    0.00000000    0.00000000
   -0.00069400    0.00000000    0.00000000    0.00000000    0.00000000
   -0.00734300    0.00000000    0.00000000    0.00000000    0.00000000
    0.01552600    0.00000000    0.00000000    0.00000000    0.00000000
    0.00000000    0.00000000    0.00000000    0.00000000    1.00000000
   -0.00661900    0.00000000    0.00000000    0.00000000    0.00000000
    0.07163400    0.00000000    0.00000000    0.00000000    0.00000000
    0.00000000    0.00000000    0.00000000    1.00000000    0.00000000
   -0.01927600    0.00000000    0.00000000    0.00000000    0.00000000
    0.00000000    0.00000000    1.00000000    0.00000000    0.00000000
    0.00000000    1.00000000    0.00000000    0.00000000    0.00000000

    1.168674    0.531245    0.241489    0.109774

    0.00000000    0.00000000    0.00000000    1.00000000
    0.00000000    0.00000000    1.00000000    0.00000000
    0.00000000    1.00000000    0.00000000    0.00000000
    1.00000000    0.00000000    0.00000000    0.00000000

    0.449319    0.263812    0.154893

    0.00000000    0.00000000    1.00000000
    0.00000000    1.00000000    0.00000000
    1.00000000    0.00000000    0.00000000

    0.443952    0.239979

    0.00000000    1.00000000
    1.00000000    0.00000000

    0.374983

    1.00000000

Mg:cc-pV6Z-ccECP
ccECP cc-pV6Z for Mg | source recipes/Mg/ccECP/Mg.cc-pV6Z.gamess | ccECP from Chandler Bennett et al. Journal of Chemical Physics 149, 104108 (2018) https://doi.org/10.1063/1.5038135

  7
    0    1    2    3    4    5    6
    6    6    5    4    3    2    1
   15   15    5    4    3    2    1

   51.711283   22.892200   10.134207    4.486338    1.986068
    0.879218    0.792756    0.389223    0.362365    0.172306
    0.165635    0.076279    0.075711    0.034607    0.033768

    0.00001300    0.00000000    0.00000000    0.00000000    0.00000000
    0.00000000
   -0.00007900    0.00000000    0.00000000    0.00000000    0.00000000
    0.00000000
    0.00038800    0.00000000    0.00000000    0.00000000    0.00000000
    0.00000000
   -0.00555700    0.00000000    0.00000000    0.00000000    0.00000000
    0.00000000
    0.04709800    0.00000000    0.00000000    0.00000000    0.00000000
    0.00000000
   -0.18005200    0.00000000    0.00000000    0.00000000    0.00000000
    0.00000000
    0.00000000    0.00000000    0.00000000    0.00000000    0.00000000
    1.00000000
   -0.07386000    0.00000000    0.00000000    0.00000000    0.00000000
    0.00000000
    0.00000000    0.00000000    0.00000000    0.00000000    1.00000000
    0.00000000
    0.23765800    0.00000000    0.00000000    0.00000000    0.00000000
    0.00000000
    0.00000000    0.00000000    0.00000000    1.00000000    0.00000000
    0.00000000
    0.58477700    0.00000000    0.00000000    0.00000000    0.00000000
    0.00000000
    0.00000000    0.00000000    1.00000000    0.00000000    0.00000000
    0.00000000
    0.00000000    1.00000000    0.00000000    0.00000000    0.00000000
    0.00000000
    0.23422500    0.00000000    0.00000000    0.00000000    0.00000000
    0.00000000

   13.152061    6.979476    3.703836    1.965535    1.043061
    0.553527    0.293743    0.269423    0.155882    0.147438
    0.082723    0.080683    0.044153    0.043899    0.024162

    0.00001800    0.00000000    0.00000000    0.00000000    0.00000000
    0.00000000
   -0.00004700    0.00000000    0.00000000    0.00000000    0.00000000
    0.00000000
    0.00057800    0.00000000    0.00000000    0.00000000    0.00000000
    0.00000000
    0.00074300    0.00000000    0.00000000    0.00000000    0.00000000
    0.00000000
   -0.00069400    0.00000000    0.00000000    0.00000000    0.00000000
    0.00000000
   -0.00734300    0.00000000    0.00000000    0.00000000    0.00000000
    0.00000000
    0.01552600    0.00000000    0.00000000    0.00000000    0.00000000
    0.00000000
    0.00000000    0.00000000    0.00000000    0.00000000    0.00000000
    1.00000000
   -0.00661900    0.00000000    0.00000000    0.00000000    0.00000000
    0.00000000
    0.00000000    0.00000000    0.00000000    0.00000000    1.00000000
    0.00000000
    0.07163400    0.00000000    0.00000000    0.00000000    0.00000000
    0.00000000
    0.00000000    0.00000000    0.00000000    1.00000000    0.00000000
    0.00000000
    0.00000000    0.00000000    1.00000000    0.00000000    0.00000000
    0.00000000
   -0.01927600    0.00000000    0.00000000    0.00000000    0.00000000
    0.00000000
    0.00000000    1.00000000    0.00000000    0.00000000    0.00000000
    0.00000000

    1.404763    0.661820    0.311800    0.146897    0.069207

    0.00000000    0.00000000    0.00000000    0.00000000    1.00000000
    0.00000000    0.00000000    0.00000000    1.00000000    0.00000000
    0.00000000    0.00000000    1.00000000    0.00000000    0.00000000
    0.00000000    1.00000000    0.00000000    0.00000000    0.00000000
    1.00000000    0.00000000    0.00000000    0.00000000    0.00000000

    0.477051    0.301277    0.190268    0.120162

    0.00000000    0.00000000    0.00000000    1.00000000
    0.00000000    0.00000000    1.00000000    0.00000000
    0.00000000    1.00000000    0.00000000    0.00000000
    1.00000000    0.00000000    0.00000000    0.00000000

    0.445609    0.279983    0.175917

    0.00000000    0.00000000    1.00000000
    0.00000000    1.00000000    0.00000000
    1.00000000    0.00000000    0.00000000

    0.417778    0.253187

    0.00000000    1.00000000
    1.00000000    0.00000000

    0.354832

    1.00000000

Mg:cc-pVDZ-ccECP
ccECP cc-pVDZ for Mg | source recipes/Mg/ccECP/Mg.cc-pVDZ.gamess | ccECP from Chandler Bennett et al. Journal of Chemical Physics 149, 104108 (2018) https://doi.org/10.1063/1.5038135

  3
    0    1    2
    2    2    1
   11   11    1

   51.711283   22.892200   10.134207    4.486338    1.986068
    0.879218    0.389223    0.172306    0.076279    0.033768
    0.029784

    0.00001300    0.00000000
   -0.00007900    0.00000000
    0.00038800    0.00000000
   -0.00555700    0.00000000
    0.04709800    0.00000000
   -0.18005200    0.00000000
   -0.07386000    0.00000000
    0.23765800    0.00000000
    0.58477700    0.00000000
    0.23422500    0.00000000
    0.00000000    1.00000000

   13.152061    6.979476    3.703836    1.965535    1.043061
    0.553527    0.293743    0.155882    0.082723    0.043899
    0.020348

    0.00001800    0.00000000
   -0.00004700    0.00000000
    0.00057800    0.00000000
    0.00074300    0.00000000
   -0.00069400    0.00000000
   -0.00734300    0.00000000
    0.01552600    0.00000000
   -0.00661900    0.00000000
    0.07163400    0.00000000
   -0.01927600    0.00000000
    0.00000000    1.00000000

    0.145290

    1.00000000

Mg:cc-pVQZ-ccECP
ccECP cc-pVQZ for Mg | source recipes/Mg/ccECP/Mg.cc-pVQZ.gamess | ccECP from Chandler Bennett et al. Journal of Chemical Physics 149, 104108 (2018) https://doi.org/10.1063/1.5038135

  5
    0    1    2    3    4
    4    4    3    2    1
   13   13    3    2    1

   51.711283   22.892200   10.134207    4.486338    1.986068
    0.879218    0.389223    0.172306    0.156651    0.076279
    0.069571    0.033768    0.030897

    0.00001300    0.00000000    0.00000000    0.00000000
   -0.00007900    0.00000000    0.00000000    0.00000000
    0.00038800    0.00000000    0.00000000    0.00000000
   -0.00555700    0.00000000    0.00000000    0.00000000
    0.04709800    0.00000000    0.00000000    0.00000000
   -0.18005200    0.00000000    0.00000000    0.00000000
   -0.07386000    0.00000000    0.00000000    0.00000000
    0.23765800    0.00000000    0.00000000    0.00000000
    0.00000000    0.00000000    0.00000000    1.00000000
    0.58477700    0.00000000    0.00000000    0.00000000
    0.00000000    0.00000000    1.00000000    0.00000000
    0.23422500    0.00000000    0.00000000    0.00000000
    0.00000000    1.00000000    0.00000000    0.00000000

   13.152061    6.979476    3.703836    1.965535    1.043061
    0.553527    0.293743    0.165122    0.155882    0.082723
    0.064751    0.043899    0.025392

    0.00001800    0.00000000    0.00000000    0.00000000
   -0.00004700    0.00000000    0.00000000    0.00000000
    0.00057800    0.00000000    0.00000000    0.00000000
    0.00074300    0.00000000    0.00000000    0.00000000
   -0.00069400    0.00000000    0.00000000    0.00000000
   -0.00734300    0.00000000    0.00000000    0.00000000
    0.01552600    0.00000000    0.00000000    0.00000000
    0.00000000    0.00000000    0.00000000    1.00000000
   -0.00661900    0.00000000    0.00000000    0.00000000
    0.07163400    0.00000000    0.00000000    0.00000000
    0.00000000    0.00000000    1.00000000    0.00000000
   -0.01927600    0.00000000    0.00000000    0.00000000
    0.00000000    1.00000000    0.00000000    0.00000000

    0.355719    0.194029    0.105834

    0.00000000    0.00000000    1.00000000
    0.00000000    1.00000000    0.00000000
    1.00000000    0.00000000    0.00000000

    0.357087    0.180053

    0.00000000    1.00000000
    1.00000000    0.00000000

    0.306900

    1.00000000

Mg:cc-pVTZ-ccECP
ccECP cc-pVTZ for Mg | source recipes/Mg/ccECP/Mg.cc-pVTZ.gamess | ccECP from Chandler Bennett et al. Journal of Chemical Physics 149, 104108 (2018) https://doi.org/10.1063/1.5038135

  4
    0    1    2    3
    3    3    2    1
   12   12    2    1

   51.711283   22.892200   10.134207    4.486338    1.986068
    0.879218    0.389223    0.172306    0.167485    0.076279
    0.036514    0.033768

    0.00001300    0.00000000    0.00000000
   -0.00007900    0.00000000    0.00000000
    0.00038800    0.00000000    0.00000000
   -0.00555700    0.00000000    0.00000000
    0.04709800    0.00000000    0.00000000
   -0.18005200    0.00000000    0.00000000
   -0.07386000    0.00000000    0.00000000
    0.23765800    0.00000000    0.00000000
    0.00000000    0.00000000    1.00000000
    0.58477700    0.00000000    0.00000000
    0.00000000    1.00000000    0.00000000
    0.23422500    0.00000000    0.00000000

   13.152061    6.979476    3.703836    1.965535    1.043061
    0.553527    0.293743    0.155882    0.082723    0.072377
    0.043899    0.030867

    0.00001800    0.00000000    0.00000000
   -0.00004700    0.00000000    0.00000000
    0.00057800    0.00000000    0.00000000
    0.00074300    0.00000000    0.00000000
   -0.00069400    0.00000000    0.00000000
   -0.00734300    0.00000000    0.00000000
    0.01552600    0.00000000    0.00000000
   -0.00661900    0.00000000    0.00000000
    0.07163400    0.00000000    0.00000000
    0.00000000    0.00000000    1.00000000
   -0.01927600    0.00000000    0.00000000
    0.00000000    1.00000000    0.00000000

    0.286399    0.122209

    0.00000000    1.00000000
    1.00000000    0.00000000

    0.250810

    1.00000000

