
Au:aug-cc-pCV5Z-ccECP
ccECP aug-cc-pCV5Z for Au | source recipes/Au/ccECP/Au.aug-cc-pCV5Z.gamess | ccECP from Guangming Wang et al. Journal of Chemical Physics (2022) https://doi.org/10.1063/5.0087300

  7
    0    1    2    3    4    5    6
   10   10    9    6    5    4    3
   16   16   16    6    5    4    3

   233.341004   110.996840    52.799544    25.115957    11.947287
     6.315600     5.683146     3.947200     2.703388     1.285961
     0.611713     0.290983     0.138416     0.065842     0.031320
     0.012528

    -0.000105     0.000072    -0.000156    -0.001758     0.010058     0.001404
   0.00000000   0.00000000   0.00000000   0.00000000
     0.000385    -0.000323     0.000712     0.008773    -0.049929    -0.007979
   0.00000000   0.00000000   0.00000000   0.00000000
     0.001111     0.000316    -0.000846    -0.028823     0.156536     0.034261
   0.00000000   0.00000000   0.00000000   0.00000000
    -0.038601     0.010717    -0.021672     0.111162    -0.466578    -0.197184
   0.00000000   0.00000000   0.00000000   0.00000000
     0.334238    -0.109611     0.229289    -0.551502     1.628856     1.322620
   0.00000000   0.00000000   0.00000000   0.00000000
   0.00000000   0.00000000   0.00000000   0.00000000   0.00000000   0.00000000
   0.00000000   0.00000000     1.000000   0.00000000
    -0.888770     0.321561    -0.678624     1.578957    -4.766145    -5.570623
   0.00000000   0.00000000   0.00000000   0.00000000
   0.00000000   0.00000000   0.00000000   0.00000000   0.00000000   0.00000000
   0.00000000   0.00000000   0.00000000     1.000000
     0.057386    -0.049719    -0.025990    -0.843162     7.659884    12.638433
   0.00000000   0.00000000   0.00000000   0.00000000
     0.975214    -0.452819     1.743661    -3.597385    -5.108447   -17.699730
   0.00000000   0.00000000   0.00000000   0.00000000
     0.311645    -0.237397    -0.299680     6.000266    -1.643959    18.590548
   0.00000000   0.00000000   0.00000000   0.00000000
     0.041748     0.086608    -1.790830    -2.640695     6.974489   -15.321089
   0.00000000   0.00000000   0.00000000   0.00000000
    -0.010342     0.457628     0.057210    -1.282614    -6.775952     8.997019
   0.00000000   0.00000000   0.00000000   0.00000000
     0.006023     0.512455     0.801268     0.962417     2.604668    -2.702689
   0.00000000   0.00000000   0.00000000   0.00000000
    -0.001482     0.160898     0.245944     0.351161     0.068460    -0.058971
     1.000000   0.00000000   0.00000000   0.00000000
   0.00000000   0.00000000   0.00000000   0.00000000   0.00000000   0.00000000
   0.00000000     1.000000   0.00000000   0.00000000

    78.542818    41.429605    21.853204    11.527083     6.080282
     5.985900     3.745100     3.207215     1.691735     0.892353
     0.470697     0.248282     0.130963     0.069080     0.036438
     0.014575

     0.000137    -0.000178    -0.000205     0.003965     0.017998    -0.029630
   0.00000000   0.00000000   0.00000000   0.00000000
    -0.000508     0.000822     0.000926    -0.019465    -0.087943     0.150395
   0.00000000   0.00000000   0.00000000   0.00000000
    -0.004642     0.000761     0.002117     0.065370     0.278747    -0.509613
   0.00000000   0.00000000   0.00000000   0.00000000
     0.084821    -0.044189    -0.069501    -0.241186    -0.874779     1.707350
   0.00000000   0.00000000   0.00000000   0.00000000
    -0.325006     0.187638     0.282640     0.622965     2.518648    -5.367945
   0.00000000   0.00000000   0.00000000   0.00000000
   0.00000000   0.00000000   0.00000000   0.00000000   0.00000000   0.00000000
   0.00000000   0.00000000     1.000000   0.00000000
   0.00000000   0.00000000   0.00000000   0.00000000   0.00000000   0.00000000
   0.00000000   0.00000000   0.00000000     1.000000
     0.026103    -0.008202     0.116135     0.168322    -3.870311    11.367191
   0.00000000   0.00000000   0.00000000   0.00000000
     0.521552    -0.412309    -1.254795    -3.385317     0.893409   -14.707604
   0.00000000   0.00000000   0.00000000   0.00000000
     0.443256    -0.396189     0.003371     4.305941     4.522885    13.315427
   0.00000000   0.00000000   0.00000000   0.00000000
     0.178236     0.212335     1.473058    -0.970392    -7.140992    -8.458143
   0.00000000   0.00000000   0.00000000   0.00000000
     0.021703     0.583458     0.055366    -1.701447     4.928889     2.707019
   0.00000000   0.00000000   0.00000000   0.00000000
     0.006551     0.371497    -0.730411     0.691105    -1.048923     0.853844
   0.00000000   0.00000000   0.00000000   0.00000000
    -0.001264     0.078421    -0.325634     0.519993    -0.260752    -0.876783
   0.00000000   0.00000000   0.00000000   0.00000000
     0.000487     0.004772    -0.024197     0.056938    -0.295455    -0.158432
     1.000000   0.00000000   0.00000000   0.00000000
   0.00000000   0.00000000   0.00000000   0.00000000   0.00000000   0.00000000
   0.00000000     1.000000   0.00000000   0.00000000

    49.279958    27.345106    15.173609     8.419730     5.518500
     4.672050     3.452400     2.592488     1.438554     0.798243
     0.442940     0.245784     0.136384     0.075678     0.041993
     0.016797

     0.000688    -0.000828    -0.000447     0.000761    -0.010725   0.00000000
   0.00000000   0.00000000   0.00000000
    -0.003808     0.004639     0.003130    -0.002013     0.051355   0.00000000
   0.00000000   0.00000000   0.00000000
     0.014465    -0.018104    -0.015273    -0.003185    -0.158122   0.00000000
   0.00000000   0.00000000   0.00000000
    -0.025143     0.032697     0.017951    -0.029720     0.299426   0.00000000
   0.00000000   0.00000000   0.00000000
   0.00000000   0.00000000   0.00000000   0.00000000   0.00000000   0.00000000
   0.00000000     1.000000   0.00000000
    -0.076979     0.104271     0.245262     0.640288     0.491496   0.00000000
   0.00000000   0.00000000   0.00000000
   0.00000000   0.00000000   0.00000000   0.00000000   0.00000000   0.00000000
   0.00000000   0.00000000     1.000000
     0.131790    -0.195658    -0.529108    -1.977592    -3.806850   0.00000000
   0.00000000   0.00000000   0.00000000
     0.271828    -0.495151    -0.881386     0.570186     5.842244   0.00000000
   0.00000000   0.00000000   0.00000000
     0.326047    -0.283091     0.829583     2.052667    -3.856495   0.00000000
   0.00000000   0.00000000   0.00000000
     0.254021     0.251562     0.765746    -1.774404     0.014404   0.00000000
   0.00000000   0.00000000   0.00000000
     0.176388     0.431950    -0.267981    -0.295272     1.694786   0.00000000
   0.00000000   0.00000000   0.00000000
     0.077763     0.289043    -0.487977     0.422872    -0.490312   0.00000000
   0.00000000   0.00000000   0.00000000
     0.025410     0.097154    -0.206665     0.403024    -0.439521   0.00000000
   0.00000000   0.00000000   0.00000000
     0.001610     0.011940    -0.026578     0.035907    -0.092635     1.000000
   0.00000000   0.00000000   0.00000000
   0.00000000   0.00000000   0.00000000   0.00000000   0.00000000   0.00000000
     1.000000   0.00000000   0.00000000

     3.574400     2.060000     1.187200     0.684200     0.273700
     0.109500

     1.000000   0.00000000   0.00000000   0.00000000   0.00000000   0.00000000
   0.00000000     1.000000   0.00000000   0.00000000   0.00000000   0.00000000
   0.00000000   0.00000000     1.000000   0.00000000   0.00000000   0.00000000
   0.00000000   0.00000000   0.00000000     1.000000   0.00000000   0.00000000
   0.00000000   0.00000000   0.00000000   0.00000000     1.000000   0.00000000
   0.00000000   0.00000000   0.00000000   0.00000000   0.00000000     1.000000

     3.428200     2.035500     1.208600     0.499600     0.206500

     1.000000   0.00000000   0.00000000   0.00000000   0.00000000
   0.00000000     1.000000   0.00000000   0.00000000   0.00000000
   0.00000000   0.00000000     1.000000   0.00000000   0.00000000
   0.00000000   0.00000000   0.00000000     1.000000   0.00000000
   0.00000000   0.00000000   0.00000000   0.00000000     1.000000

     3.174900     1.864600     0.810700     0.352500

     1.000000   0.00000000   0.00000000   0.00000000
   0.00000000     1.000000   0.00000000   0.00000000
   0.00000000   0.00000000     1.000000   0.00000000
   0.00000000   0.00000000   0.00000000     1.000000

     3.172700     1.682200     0.891900

     1.000000   0.00000000   0.00000000
   0.00000000     1.000000   0.00000000
   0.00000000   0.00000000     1.000000

Au:aug-cc-pCVDZ-ccECP
ccECP aug-cc-pCVDZ for Au | source recipes/Au/ccECP/Au.aug-cc-pCVDZ.gamess | ccECP from Guangming Wang et al. Journal of Chemical Physics (2022) https://doi.org/10.1063/5.0087300

  4
    0    1    2    3
    6    6    5    3
   15   15   15    3

   233.341004   110.996840    52.799544    25.115957    11.947287
     5.683146     2.703388     2.064300     1.285961     0.611713
     0.290983     0.138416     0.065842     0.031320     0.012528

    -0.000105     0.000072    -0.000156   0.00000000   0.00000000   0.00000000
     0.000385    -0.000323     0.000712   0.00000000   0.00000000   0.00000000
     0.001111     0.000316    -0.000846   0.00000000   0.00000000   0.00000000
    -0.038601     0.010717    -0.021672   0.00000000   0.00000000   0.00000000
     0.334238    -0.109611     0.229289   0.00000000   0.00000000   0.00000000
    -0.888770     0.321561    -0.678624   0.00000000   0.00000000   0.00000000
     0.057386    -0.049719    -0.025990   0.00000000   0.00000000   0.00000000
   0.00000000   0.00000000   0.00000000   0.00000000   0.00000000     1.000000
     0.975214    -0.452819     1.743661   0.00000000   0.00000000   0.00000000
     0.311645    -0.237397    -0.299680   0.00000000   0.00000000   0.00000000
     0.041748     0.086608    -1.790830   0.00000000   0.00000000   0.00000000
    -0.010342     0.457628     0.057210   0.00000000   0.00000000   0.00000000
     0.006023     0.512455     0.801268   0.00000000   0.00000000   0.00000000
    -0.001482     0.160898     0.245944     1.000000   0.00000000   0.00000000
   0.00000000   0.00000000   0.00000000   0.00000000     1.000000   0.00000000

    78.542818    41.429605    21.853204    11.527083     6.080282
     3.207215     2.260600     1.691735     0.892353     0.470697
     0.248282     0.130963     0.069080     0.036438     0.014575

     0.000137    -0.000178    -0.000205   0.00000000   0.00000000   0.00000000
    -0.000508     0.000822     0.000926   0.00000000   0.00000000   0.00000000
    -0.004642     0.000761     0.002117   0.00000000   0.00000000   0.00000000
     0.084821    -0.044189    -0.069501   0.00000000   0.00000000   0.00000000
    -0.325006     0.187638     0.282640   0.00000000   0.00000000   0.00000000
     0.026103    -0.008202     0.116135   0.00000000   0.00000000   0.00000000
   0.00000000   0.00000000   0.00000000   0.00000000   0.00000000     1.000000
     0.521552    -0.412309    -1.254795   0.00000000   0.00000000   0.00000000
     0.443256    -0.396189     0.003371   0.00000000   0.00000000   0.00000000
     0.178236     0.212335     1.473058   0.00000000   0.00000000   0.00000000
     0.021703     0.583458     0.055366   0.00000000   0.00000000   0.00000000
     0.006551     0.371497    -0.730411   0.00000000   0.00000000   0.00000000
    -0.001264     0.078421    -0.325634   0.00000000   0.00000000   0.00000000
     0.000487     0.004772    -0.024197     1.000000   0.00000000   0.00000000
   0.00000000   0.00000000   0.00000000   0.00000000     1.000000   0.00000000

    49.279958    27.345106    15.173609     8.419730     4.672050
     2.592488     2.016700     1.438554     0.798243     0.442940
     0.245784     0.136384     0.075678     0.041993     0.016797

     0.000688    -0.000828   0.00000000   0.00000000   0.00000000
    -0.003808     0.004639   0.00000000   0.00000000   0.00000000
     0.014465    -0.018104   0.00000000   0.00000000   0.00000000
    -0.025143     0.032697   0.00000000   0.00000000   0.00000000
    -0.076979     0.104271   0.00000000   0.00000000   0.00000000
     0.131790    -0.195658   0.00000000   0.00000000   0.00000000
   0.00000000   0.00000000   0.00000000   0.00000000     1.000000
     0.271828    -0.495151   0.00000000   0.00000000   0.00000000
     0.326047    -0.283091   0.00000000   0.00000000   0.00000000
     0.254021     0.251562   0.00000000   0.00000000   0.00000000
     0.176388     0.431950   0.00000000   0.00000000   0.00000000
     0.077763     0.289043   0.00000000   0.00000000   0.00000000
     0.025410     0.097154   0.00000000   0.00000000   0.00000000
     0.001610     0.011940     1.000000   0.00000000   0.00000000
   0.00000000   0.00000000   0.00000000     1.000000   0.00000000

     2.099500     0.891900     0.378900

     1.000000   0.00000000   0.00000000
   0.00000000     1.000000   0.00000000
   0.00000000   0.00000000     1.000000

Au:aug-cc-pCVQZ-ccECP
ccECP aug-cc-pCVQZ for Au | source recipes/Au/ccECP/Au.aug-cc-pCVQZ.gamess | ccECP from Guangming Wang et al. Journal of Chemical Physics (2022) https://doi.org/10.1063/5.0087300

  6
    0    1    2    3    4    5
    9    9    8    5    4    3
   16   16   16    5    4    3

   233.341004   110.996840    52.799544    25.115957    11.947287
     5.683146     2.703388     1.285961     1.234000     0.772300
     0.611713     0.290983     0.138416     0.065842     0.031320
     0.012528

    -0.000105     0.000072    -0.000156    -0.001758     0.010058   0.00000000
   0.00000000   0.00000000   0.00000000
     0.000385    -0.000323     0.000712     0.008773    -0.049929   0.00000000
   0.00000000   0.00000000   0.00000000
     0.001111     0.000316    -0.000846    -0.028823     0.156536   0.00000000
   0.00000000   0.00000000   0.00000000
    -0.038601     0.010717    -0.021672     0.111162    -0.466578   0.00000000
   0.00000000   0.00000000   0.00000000
     0.334238    -0.109611     0.229289    -0.551502     1.628856   0.00000000
   0.00000000   0.00000000   0.00000000
    -0.888770     0.321561    -0.678624     1.578957    -4.766145   0.00000000
   0.00000000   0.00000000   0.00000000
     0.057386    -0.049719    -0.025990    -0.843162     7.659884   0.00000000
   0.00000000   0.00000000   0.00000000
     0.975214    -0.452819     1.743661    -3.597385    -5.108447   0.00000000
   0.00000000   0.00000000   0.00000000
   0.00000000   0.00000000   0.00000000   0.00000000   0.00000000   0.00000000
   0.00000000     1.000000   0.00000000
   0.00000000   0.00000000   0.00000000   0.00000000   0.00000000   0.00000000
   0.00000000   0.00000000     1.000000
     0.311645    -0.237397    -0.299680     6.000266    -1.643959   0.00000000
   0.00000000   0.00000000   0.00000000
     0.041748     0.086608    -1.790830    -2.640695     6.974489   0.00000000
   0.00000000   0.00000000   0.00000000
    -0.010342     0.457628     0.057210    -1.282614    -6.775952   0.00000000
   0.00000000   0.00000000   0.00000000
     0.006023     0.512455     0.801268     0.962417     2.604668   0.00000000
   0.00000000   0.00000000   0.00000000
    -0.001482     0.160898     0.245944     0.351161     0.068460     1.000000
   0.00000000   0.00000000   0.00000000
   0.00000000   0.00000000   0.00000000   0.00000000   0.00000000   0.00000000
     1.000000   0.00000000   0.00000000

    78.542818    41.429605    21.853204    11.527083     6.080282
     3.207215     2.693700     1.691735     1.685700     0.892353
     0.470697     0.248282     0.130963     0.069080     0.036438
     0.014575

     0.000137    -0.000178    -0.000205     0.003965     0.017998   0.00000000
   0.00000000   0.00000000   0.00000000
    -0.000508     0.000822     0.000926    -0.019465    -0.087943   0.00000000
   0.00000000   0.00000000   0.00000000
    -0.004642     0.000761     0.002117     0.065370     0.278747   0.00000000
   0.00000000   0.00000000   0.00000000
     0.084821    -0.044189    -0.069501    -0.241186    -0.874779   0.00000000
   0.00000000   0.00000000   0.00000000
    -0.325006     0.187638     0.282640     0.622965     2.518648   0.00000000
   0.00000000   0.00000000   0.00000000
     0.026103    -0.008202     0.116135     0.168322    -3.870311   0.00000000
   0.00000000   0.00000000   0.00000000
   0.00000000   0.00000000   0.00000000   0.00000000   0.00000000   0.00000000
   0.00000000     1.000000   0.00000000
     0.521552    -0.412309    -1.254795    -3.385317     0.893409   0.00000000
   0.00000000   0.00000000   0.00000000
   0.00000000   0.00000000   0.00000000   0.00000000   0.00000000   0.00000000
   0.00000000   0.00000000     1.000000
     0.443256    -0.396189     0.003371     4.305941     4.522885   0.00000000
   0.00000000   0.00000000   0.00000000
     0.178236     0.212335     1.473058    -0.970392    -7.140992   0.00000000
   0.00000000   0.00000000   0.00000000
     0.021703     0.583458     0.055366    -1.701447     4.928889   0.00000000
   0.00000000   0.00000000   0.00000000
     0.006551     0.371497    -0.730411     0.691105    -1.048923   0.00000000
   0.00000000   0.00000000   0.00000000
    -0.001264     0.078421    -0.325634     0.519993    -0.260752   0.00000000
   0.00000000   0.00000000   0.00000000
     0.000487     0.004772    -0.024197     0.056938    -0.295455     1.000000
   0.00000000   0.00000000   0.00000000
   0.00000000   0.00000000   0.00000000   0.00000000   0.00000000   0.00000000
     1.000000   0.00000000   0.00000000

    49.279958    27.345106    15.173609     8.419730     4.672050
     3.714900     2.592488     1.692000     1.438554     0.798243
     0.442940     0.245784     0.136384     0.075678     0.041993
     0.016797

     0.000688    -0.000828    -0.000447     0.000761   0.00000000   0.00000000
   0.00000000   0.00000000
    -0.003808     0.004639     0.003130    -0.002013   0.00000000   0.00000000
   0.00000000   0.00000000
     0.014465    -0.018104    -0.015273    -0.003185   0.00000000   0.00000000
   0.00000000   0.00000000
    -0.025143     0.032697     0.017951    -0.029720   0.00000000   0.00000000
   0.00000000   0.00000000
    -0.076979     0.104271     0.245262     0.640288   0.00000000   0.00000000
   0.00000000   0.00000000
   0.00000000   0.00000000   0.00000000   0.00000000   0.00000000   0.00000000
     1.000000   0.00000000
     0.131790    -0.195658    -0.529108    -1.977592   0.00000000   0.00000000
   0.00000000   0.00000000
   0.00000000   0.00000000   0.00000000   0.00000000   0.00000000   0.00000000
   0.00000000     1.000000
     0.271828    -0.495151    -0.881386     0.570186   0.00000000   0.00000000
   0.00000000   0.00000000
     0.326047    -0.283091     0.829583     2.052667   0.00000000   0.00000000
   0.00000000   0.00000000
     0.254021     0.251562     0.765746    -1.774404   0.00000000   0.00000000
   0.00000000   0.00000000
     0.176388     0.431950    -0.267981    -0.295272   0.00000000   0.00000000
   0.00000000   0.00000000
     0.077763     0.289043    -0.487977     0.422872   0.00000000   0.00000000
   0.00000000   0.00000000
     0.025410     0.097154    -0.206665     0.403024   0.00000000   0.00000000
   0.00000000   0.00000000
     0.001610     0.011940    -0.026578     0.035907     1.000000   0.00000000
   0.00000000   0.00000000
   0.00000000   0.00000000   0.00000000   0.00000000   0.00000000     1.000000
   0.00000000   0.00000000

     2.577400     1.493500     0.865400     0.338400     0.132300

     1.000000   0.00000000   0.00000000   0.00000000   0.00000000
   0.00000000     1.000000   0.00000000   0.00000000   0.00000000
   0.00000000   0.00000000     1.000000   0.00000000   0.00000000
   0.00000000   0.00000000   0.00000000     1.000000   0.00000000
   0.00000000   0.00000000   0.00000000   0.00000000     1.000000

     3.036800     1.577500     0.701800     0.312200

     1.000000   0.00000000   0.00000000   0.00000000
   0.00000000     1.000000   0.00000000   0.00000000
   0.00000000   0.00000000     1.000000   0.00000000
   0.00000000   0.00000000   0.00000000     1.000000

     2.747700     1.267200     0.584400

     1.000000   0.00000000   0.00000000
   0.00000000     1.000000   0.00000000
   0.00000000   0.00000000     1.000000

Au:aug-cc-pCVTZ-ccECP
ccECP aug-cc-pCVTZ for Au | source recipes/Au/ccECP/Au.aug-cc-pCVTZ.gamess | ccECP from Guangming Wang et al. Journal of Chemical Physics (2022) https://doi.org/10.1063/5.0087300

  5
    0    1    2    3    4
    8    8    7    4    3
   16   16   16    4    3

   233.341004   110.996840    52.799544    25.115957    11.947287
     5.683146     2.703388     1.983400     1.285961     1.244800
     0.611713     0.290983     0.138416     0.065842     0.031320
     0.012528

    -0.000105     0.000072    -0.000156    -0.001758   0.00000000   0.00000000
   0.00000000   0.00000000
     0.000385    -0.000323     0.000712     0.008773   0.00000000   0.00000000
   0.00000000   0.00000000
     0.001111     0.000316    -0.000846    -0.028823   0.00000000   0.00000000
   0.00000000   0.00000000
    -0.038601     0.010717    -0.021672     0.111162   0.00000000   0.00000000
   0.00000000   0.00000000
     0.334238    -0.109611     0.229289    -0.551502   0.00000000   0.00000000
   0.00000000   0.00000000
    -0.888770     0.321561    -0.678624     1.578957   0.00000000   0.00000000
   0.00000000   0.00000000
     0.057386    -0.049719    -0.025990    -0.843162   0.00000000   0.00000000
   0.00000000   0.00000000
   0.00000000   0.00000000   0.00000000   0.00000000   0.00000000   0.00000000
     1.000000   0.00000000
     0.975214    -0.452819     1.743661    -3.597385   0.00000000   0.00000000
   0.00000000   0.00000000
   0.00000000   0.00000000   0.00000000   0.00000000   0.00000000   0.00000000
   0.00000000     1.000000
     0.311645    -0.237397    -0.299680     6.000266   0.00000000   0.00000000
   0.00000000   0.00000000
     0.041748     0.086608    -1.790830    -2.640695   0.00000000   0.00000000
   0.00000000   0.00000000
    -0.010342     0.457628     0.057210    -1.282614   0.00000000   0.00000000
   0.00000000   0.00000000
     0.006023     0.512455     0.801268     0.962417   0.00000000   0.00000000
   0.00000000   0.00000000
    -0.001482     0.160898     0.245944     0.351161     1.000000   0.00000000
   0.00000000   0.00000000
   0.00000000   0.00000000   0.00000000   0.00000000   0.00000000     1.000000
   0.00000000   0.00000000

    78.542818    41.429605    21.853204    11.527083     6.080282
     3.207215     2.663700     1.691735     1.141000     0.892353
     0.470697     0.248282     0.130963     0.069080     0.036438
     0.014575

     0.000137    -0.000178    -0.000205     0.003965   0.00000000   0.00000000
   0.00000000   0.00000000
    -0.000508     0.000822     0.000926    -0.019465   0.00000000   0.00000000
   0.00000000   0.00000000
    -0.004642     0.000761     0.002117     0.065370   0.00000000   0.00000000
   0.00000000   0.00000000
     0.084821    -0.044189    -0.069501    -0.241186   0.00000000   0.00000000
   0.00000000   0.00000000
    -0.325006     0.187638     0.282640     0.622965   0.00000000   0.00000000
   0.00000000   0.00000000
     0.026103    -0.008202     0.116135     0.168322   0.00000000   0.00000000
   0.00000000   0.00000000
   0.00000000   0.00000000   0.00000000   0.00000000   0.00000000   0.00000000
     1.000000   0.00000000
     0.521552    -0.412309    -1.254795    -3.385317   0.00000000   0.00000000
   0.00000000   0.00000000
   0.00000000   0.00000000   0.00000000   0.00000000   0.00000000   0.00000000
   0.00000000     1.000000
     0.443256    -0.396189     0.003371     4.305941   0.00000000   0.00000000
   0.00000000   0.00000000
     0.178236     0.212335     1.473058    -0.970392   0.00000000   0.00000000
   0.00000000   0.00000000
     0.021703     0.583458     0.055366    -1.701447   0.00000000   0.00000000
   0.00000000   0.00000000
     0.006551     0.371497    -0.730411     0.691105   0.00000000   0.00000000
   0.00000000   0.00000000
    -0.001264     0.078421    -0.325634     0.519993   0.00000000   0.00000000
   0.00000000   0.00000000
     0.000487     0.004772    -0.024197     0.056938     1.000000   0.00000000
   0.00000000   0.00000000
   0.00000000   0.00000000   0.00000000   0.00000000   0.00000000     1.000000
   0.00000000   0.00000000

    49.279958    27.345106    15.173609     8.419730     4.672050
     3.469600     2.592488     1.438554     1.217100     0.798243
     0.442940     0.245784     0.136384     0.075678     0.041993
     0.016797

     0.000688    -0.000828    -0.000447   0.00000000   0.00000000   0.00000000
   0.00000000
    -0.003808     0.004639     0.003130   0.00000000   0.00000000   0.00000000
   0.00000000
     0.014465    -0.018104    -0.015273   0.00000000   0.00000000   0.00000000
   0.00000000
    -0.025143     0.032697     0.017951   0.00000000   0.00000000   0.00000000
   0.00000000
    -0.076979     0.104271     0.245262   0.00000000   0.00000000   0.00000000
   0.00000000
   0.00000000   0.00000000   0.00000000   0.00000000   0.00000000     1.000000
   0.00000000
     0.131790    -0.195658    -0.529108   0.00000000   0.00000000   0.00000000
   0.00000000
     0.271828    -0.495151    -0.881386   0.00000000   0.00000000   0.00000000
   0.00000000
   0.00000000   0.00000000   0.00000000   0.00000000   0.00000000   0.00000000
     1.000000
     0.326047    -0.283091     0.829583   0.00000000   0.00000000   0.00000000
   0.00000000
     0.254021     0.251562     0.765746   0.00000000   0.00000000   0.00000000
   0.00000000
     0.176388     0.431950    -0.267981   0.00000000   0.00000000   0.00000000
   0.00000000
     0.077763     0.289043    -0.487977   0.00000000   0.00000000   0.00000000
   0.00000000
     0.025410     0.097154    -0.206665   0.00000000   0.00000000   0.00000000
   0.00000000
     0.001610     0.011940    -0.026578     1.000000   0.00000000   0.00000000
   0.00000000
   0.00000000   0.00000000   0.00000000   0.00000000     1.000000   0.00000000
   0.00000000

     2.316100     1.235300     0.487800     0.192600

     1.000000   0.00000000   0.00000000   0.00000000
   0.00000000     1.000000   0.00000000   0.00000000
   0.00000000   0.00000000     1.000000   0.00000000
   0.00000000   0.00000000   0.00000000     1.000000

     2.728300     1.225700     0.550700

     1.000000   0.00000000   0.00000000
   0.00000000     1.000000   0.00000000
   0.00000000   0.00000000     1.000000

Au:aug-cc-pV5Z-ccECP
ccECP aug-cc-pV5Z for Au | source recipes/Au/ccECP/Au.aug-cc-pV5Z.gamess | ccECP from Guangming Wang et al. Journal of Chemical Physics (2022) https://doi.org/10.1063/5.0087300

  7
    0    1    2    3    4    5    6
    8    8    7    5    4    3    2
   14   14   14    5    4    3    2

   233.341004   110.996840    52.799544    25.115957    11.947287
     5.683146     2.703388     1.285961     0.611713     0.290983
     0.138416     0.065842     0.031320     0.012528

    -0.000105     0.000072    -0.000156    -0.001758     0.010058     0.001404
   0.00000000   0.00000000
     0.000385    -0.000323     0.000712     0.008773    -0.049929    -0.007979
   0.00000000   0.00000000
     0.001111     0.000316    -0.000846    -0.028823     0.156536     0.034261
   0.00000000   0.00000000
    -0.038601     0.010717    -0.021672     0.111162    -0.466578    -0.197184
   0.00000000   0.00000000
     0.334238    -0.109611     0.229289    -0.551502     1.628856     1.322620
   0.00000000   0.00000000
    -0.888770     0.321561    -0.678624     1.578957    -4.766145    -5.570623
   0.00000000   0.00000000
     0.057386    -0.049719    -0.025990    -0.843162     7.659884    12.638433
   0.00000000   0.00000000
     0.975214    -0.452819     1.743661    -3.597385    -5.108447   -17.699730
   0.00000000   0.00000000
     0.311645    -0.237397    -0.299680     6.000266    -1.643959    18.590548
   0.00000000   0.00000000
     0.041748     0.086608    -1.790830    -2.640695     6.974489   -15.321089
   0.00000000   0.00000000
    -0.010342     0.457628     0.057210    -1.282614    -6.775952     8.997019
   0.00000000   0.00000000
     0.006023     0.512455     0.801268     0.962417     2.604668    -2.702689
   0.00000000   0.00000000
    -0.001482     0.160898     0.245944     0.351161     0.068460    -0.058971
     1.000000   0.00000000
   0.00000000   0.00000000   0.00000000   0.00000000   0.00000000   0.00000000
   0.00000000     1.000000

    78.542818    41.429605    21.853204    11.527083     6.080282
     3.207215     1.691735     0.892353     0.470697     0.248282
     0.130963     0.069080     0.036438     0.014575

     0.000137    -0.000178    -0.000205     0.003965     0.017998    -0.029630
   0.00000000   0.00000000
    -0.000508     0.000822     0.000926    -0.019465    -0.087943     0.150395
   0.00000000   0.00000000
    -0.004642     0.000761     0.002117     0.065370     0.278747    -0.509613
   0.00000000   0.00000000
     0.084821    -0.044189    -0.069501    -0.241186    -0.874779     1.707350
   0.00000000   0.00000000
    -0.325006     0.187638     0.282640     0.622965     2.518648    -5.367945
   0.00000000   0.00000000
     0.026103    -0.008202     0.116135     0.168322    -3.870311    11.367191
   0.00000000   0.00000000
     0.521552    -0.412309    -1.254795    -3.385317     0.893409   -14.707604
   0.00000000   0.00000000
     0.443256    -0.396189     0.003371     4.305941     4.522885    13.315427
   0.00000000   0.00000000
     0.178236     0.212335     1.473058    -0.970392    -7.140992    -8.458143
   0.00000000   0.00000000
     0.021703     0.583458     0.055366    -1.701447     4.928889     2.707019
   0.00000000   0.00000000
     0.006551     0.371497    -0.730411     0.691105    -1.048923     0.853844
   0.00000000   0.00000000
    -0.001264     0.078421    -0.325634     0.519993    -0.260752    -0.876783
   0.00000000   0.00000000
     0.000487     0.004772    -0.024197     0.056938    -0.295455    -0.158432
     1.000000   0.00000000
   0.00000000   0.00000000   0.00000000   0.00000000   0.00000000   0.00000000
   0.00000000     1.000000

    49.279958    27.345106    15.173609     8.419730     4.672050
     2.592488     1.438554     0.798243     0.442940     0.245784
     0.136384     0.075678     0.041993     0.016797

     0.000688    -0.000828    -0.000447     0.000761    -0.010725   0.00000000
   0.00000000
    -0.003808     0.004639     0.003130    -0.002013     0.051355   0.00000000
   0.00000000
     0.014465    -0.018104    -0.015273    -0.003185    -0.158122   0.00000000
   0.00000000
    -0.025143     0.032697     0.017951    -0.029720     0.299426   0.00000000
   0.00000000
    -0.076979     0.104271     0.245262     0.640288     0.491496   0.00000000
   0.00000000
     0.131790    -0.195658    -0.529108    -1.977592    -3.806850   0.00000000
   0.00000000
     0.271828    -0.495151    -0.881386     0.570186     5.842244   0.00000000
   0.00000000
     0.326047    -0.283091     0.829583     2.052667    -3.856495   0.00000000
   0.00000000
     0.254021     0.251562     0.765746    -1.774404     0.014404   0.00000000
   0.00000000
     0.176388     0.431950    -0.267981    -0.295272     1.694786   0.00000000
   0.00000000
     0.077763     0.289043    -0.487977     0.422872    -0.490312   0.00000000
   0.00000000
     0.025410     0.097154    -0.206665     0.403024    -0.439521   0.00000000
   0.00000000
     0.001610     0.011940    -0.026578     0.035907    -0.092635     1.000000
   0.00000000
   0.00000000   0.00000000   0.00000000   0.00000000   0.00000000   0.00000000
     1.000000

     2.307800     1.133800     0.557100     0.273700     0.109500

     1.000000   0.00000000   0.00000000   0.00000000   0.00000000
   0.00000000     1.000000   0.00000000   0.00000000   0.00000000
   0.00000000   0.00000000     1.000000   0.00000000   0.00000000
   0.00000000   0.00000000   0.00000000     1.000000   0.00000000
   0.00000000   0.00000000   0.00000000   0.00000000     1.000000

     2.557000     1.130200     0.499600     0.206500

     1.000000   0.00000000   0.00000000   0.00000000
   0.00000000     1.000000   0.00000000   0.00000000
   0.00000000   0.00000000     1.000000   0.00000000
   0.00000000   0.00000000   0.00000000     1.000000

     2.014800     0.810700     0.352500

     1.000000   0.00000000   0.00000000
   0.00000000     1.000000   0.00000000
   0.00000000   0.00000000     1.000000

     1.682200     0.891900

     1.000000   0.00000000
   0.00000000     1.000000

Au:aug-cc-pVDZ-ccECP
ccECP aug-cc-pVDZ for Au | source recipes/Au/ccECP/Au.aug-cc-pVDZ.gamess | ccECP from Guangming Wang et al. Journal of Chemical Physics (2022) https://doi.org/10.1063/5.0087300

  4
    0    1    2    3
    5    5    4    2
   14   14   14    2

   233.341004   110.996840    52.799544    25.115957    11.947287
     5.683146     2.703388     1.285961     0.611713     0.290983
     0.138416     0.065842     0.031320     0.012528

    -0.000105     0.000072    -0.000156   0.00000000   0.00000000
     0.000385    -0.000323     0.000712   0.00000000   0.00000000
     0.001111     0.000316    -0.000846   0.00000000   0.00000000
    -0.038601     0.010717    -0.021672   0.00000000   0.00000000
     0.334238    -0.109611     0.229289   0.00000000   0.00000000
    -0.888770     0.321561    -0.678624   0.00000000   0.00000000
     0.057386    -0.049719    -0.025990   0.00000000   0.00000000
     0.975214    -0.452819     1.743661   0.00000000   0.00000000
     0.311645    -0.237397    -0.299680   0.00000000   0.00000000
     0.041748     0.086608    -1.790830   0.00000000   0.00000000
    -0.010342     0.457628     0.057210   0.00000000   0.00000000
     0.006023     0.512455     0.801268   0.00000000   0.00000000
    -0.001482     0.160898     0.245944     1.000000   0.00000000
   0.00000000   0.00000000   0.00000000   0.00000000     1.000000

    78.542818    41.429605    21.853204    11.527083     6.080282
     3.207215     1.691735     0.892353     0.470697     0.248282
     0.130963     0.069080     0.036438     0.014575

     0.000137    -0.000178    -0.000205   0.00000000   0.00000000
    -0.000508     0.000822     0.000926   0.00000000   0.00000000
    -0.004642     0.000761     0.002117   0.00000000   0.00000000
     0.084821    -0.044189    -0.069501   0.00000000   0.00000000
    -0.325006     0.187638     0.282640   0.00000000   0.00000000
     0.026103    -0.008202     0.116135   0.00000000   0.00000000
     0.521552    -0.412309    -1.254795   0.00000000   0.00000000
     0.443256    -0.396189     0.003371   0.00000000   0.00000000
     0.178236     0.212335     1.473058   0.00000000   0.00000000
     0.021703     0.583458     0.055366   0.00000000   0.00000000
     0.006551     0.371497    -0.730411   0.00000000   0.00000000
    -0.001264     0.078421    -0.325634   0.00000000   0.00000000
     0.000487     0.004772    -0.024197     1.000000   0.00000000
   0.00000000   0.00000000   0.00000000   0.00000000     1.000000

    49.279958    27.345106    15.173609     8.419730     4.672050
     2.592488     1.438554     0.798243     0.442940     0.245784
     0.136384     0.075678     0.041993     0.016797

     0.000688    -0.000828   0.00000000   0.00000000
    -0.003808     0.004639   0.00000000   0.00000000
     0.014465    -0.018104   0.00000000   0.00000000
    -0.025143     0.032697   0.00000000   0.00000000
    -0.076979     0.104271   0.00000000   0.00000000
     0.131790    -0.195658   0.00000000   0.00000000
     0.271828    -0.495151   0.00000000   0.00000000
     0.326047    -0.283091   0.00000000   0.00000000
     0.254021     0.251562   0.00000000   0.00000000
     0.176388     0.431950   0.00000000   0.00000000
     0.077763     0.289043   0.00000000   0.00000000
     0.025410     0.097154   0.00000000   0.00000000
     0.001610     0.011940     1.000000   0.00000000
   0.00000000   0.00000000   0.00000000     1.000000

     0.891900     0.378900

     1.000000   0.00000000
   0.00000000     1.000000

Au:aug-cc-pVQZ-ccECP
ccECP aug-cc-pVQZ for Au | source recipes/Au/ccECP/Au.aug-cc-pVQZ.gamess | ccECP from Guangming Wang et al. Journal of Chemical Physics (2022) https://doi.org/10.1063/5.0087300

  6
    0    1    2    3    4    5
    7    7    6    4    3    2
   14   14   14    4    3    2

   233.341004   110.996840    52.799544    25.115957    11.947287
     5.683146     2.703388     1.285961     0.611713     0.290983
     0.138416     0.065842     0.031320     0.012528

    -0.000105     0.000072    -0.000156    -0.001758     0.010058   0.00000000
   0.00000000
     0.000385    -0.000323     0.000712     0.008773    -0.049929   0.00000000
   0.00000000
     0.001111     0.000316    -0.000846    -0.028823     0.156536   0.00000000
   0.00000000
    -0.038601     0.010717    -0.021672     0.111162    -0.466578   0.00000000
   0.00000000
     0.334238    -0.109611     0.229289    -0.551502     1.628856   0.00000000
   0.00000000
    -0.888770     0.321561    -0.678624     1.578957    -4.766145   0.00000000
   0.00000000
     0.057386    -0.049719    -0.025990    -0.843162     7.659884   0.00000000
   0.00000000
     0.975214    -0.452819     1.743661    -3.597385    -5.108447   0.00000000
   0.00000000
     0.311645    -0.237397    -0.299680     6.000266    -1.643959   0.00000000
   0.00000000
     0.041748     0.086608    -1.790830    -2.640695     6.974489   0.00000000
   0.00000000
    -0.010342     0.457628     0.057210    -1.282614    -6.775952   0.00000000
   0.00000000
     0.006023     0.512455     0.801268     0.962417     2.604668   0.00000000
   0.00000000
    -0.001482     0.160898     0.245944     0.351161     0.068460     1.000000
   0.00000000
   0.00000000   0.00000000   0.00000000   0.00000000   0.00000000   0.00000000
     1.000000

    78.542818    41.429605    21.853204    11.527083     6.080282
     3.207215     1.691735     0.892353     0.470697     0.248282
     0.130963     0.069080     0.036438     0.014575

     0.000137    -0.000178    -0.000205     0.003965     0.017998   0.00000000
   0.00000000
    -0.000508     0.000822     0.000926    -0.019465    -0.087943   0.00000000
   0.00000000
    -0.004642     0.000761     0.002117     0.065370     0.278747   0.00000000
   0.00000000
     0.084821    -0.044189    -0.069501    -0.241186    -0.874779   0.00000000
   0.00000000
    -0.325006     0.187638     0.282640     0.622965     2.518648   0.00000000
   0.00000000
     0.026103    -0.008202     0.116135     0.168322    -3.870311   0.00000000
   0.00000000
     0.521552    -0.412309    -1.254795    -3.385317     0.893409   0.00000000
   0.00000000
     0.443256    -0.396189     0.003371     4.305941     4.522885   0.00000000
   0.00000000
     0.178236     0.212335     1.473058    -0.970392    -7.140992   0.00000000
   0.00000000
     0.021703     0.583458     0.055366    -1.701447     4.928889   0.00000000
   0.00000000
     0.006551     0.371497    -0.730411     0.691105    -1.048923   0.00000000
   0.00000000
    -0.001264     0.078421    -0.325634     0.519993    -0.260752   0.00000000
   0.00000000
     0.000487     0.004772    -0.024197     0.056938    -0.295455     1.000000
   0.00000000
   0.00000000   0.00000000   0.00000000   0.00000000   0.00000000   0.00000000
     1.000000

    49.279958    27.345106    15.173609     8.419730     4.672050
     2.592488     1.438554     0.798243     0.442940     0.245784
     0.136384     0.075678     0.041993     0.016797

     0.000688    -0.000828    -0.000447     0.000761   0.00000000   0.00000000
    -0.003808     0.004639     0.003130    -0.002013   0.00000000   0.00000000
     0.014465    -0.018104    -0.015273    -0.003185   0.00000000   0.00000000
    -0.025143     0.032697     0.017951    -0.029720   0.00000000   0.00000000
    -0.076979     0.104271     0.245262     0.640288   0.00000000   0.00000000
     0.131790    -0.195658    -0.529108    -1.977592   0.00000000   0.00000000
     0.271828    -0.495151    -0.881386     0.570186   0.00000000   0.00000000
     0.326047    -0.283091     0.829583     2.052667   0.00000000   0.00000000
     0.254021     0.251562     0.765746    -1.774404   0.00000000   0.00000000
     0.176388     0.431950    -0.267981    -0.295272   0.00000000   0.00000000
     0.077763     0.289043    -0.487977     0.422872   0.00000000   0.00000000
     0.025410     0.097154    -0.206665     0.403024   0.00000000   0.00000000
     0.001610     0.011940    -0.026578     0.035907     1.000000   0.00000000
   0.00000000   0.00000000   0.00000000   0.00000000   0.00000000     1.000000

     1.872500     0.796000     0.338400     0.132300

     1.000000   0.00000000   0.00000000   0.00000000
   0.00000000     1.000000   0.00000000   0.00000000
   0.00000000   0.00000000     1.000000   0.00000000
   0.00000000   0.00000000   0.00000000     1.000000

     1.903700     0.701800     0.312200

     1.000000   0.00000000   0.00000000
   0.00000000     1.000000   0.00000000
   0.00000000   0.00000000     1.000000

     1.267200     0.584400

     1.000000   0.00000000
   0.00000000     1.000000

Au:aug-cc-pVTZ-ccECP
ccECP aug-cc-pVTZ for Au | source recipes/Au/ccECP/Au.aug-cc-pVTZ.gamess | ccECP from Guangming Wang et al. Journal of Chemical Physics (2022) https://doi.org/10.1063/5.0087300

  5
    0    1    2    3    4
    6    6    5    3    2
   14   14   14    3    2

   233.341004   110.996840    52.799544    25.115957    11.947287
     5.683146     2.703388     1.285961     0.611713     0.290983
     0.138416     0.065842     0.031320     0.012528

    -0.000105     0.000072    -0.000156    -0.001758   0.00000000   0.00000000
     0.000385    -0.000323     0.000712     0.008773   0.00000000   0.00000000
     0.001111     0.000316    -0.000846    -0.028823   0.00000000   0.00000000
    -0.038601     0.010717    -0.021672     0.111162   0.00000000   0.00000000
     0.334238    -0.109611     0.229289    -0.551502   0.00000000   0.00000000
    -0.888770     0.321561    -0.678624     1.578957   0.00000000   0.00000000
     0.057386    -0.049719    -0.025990    -0.843162   0.00000000   0.00000000
     0.975214    -0.452819     1.743661    -3.597385   0.00000000   0.00000000
     0.311645    -0.237397    -0.299680     6.000266   0.00000000   0.00000000
     0.041748     0.086608    -1.790830    -2.640695   0.00000000   0.00000000
    -0.010342     0.457628     0.057210    -1.282614   0.00000000   0.00000000
     0.006023     0.512455     0.801268     0.962417   0.00000000   0.00000000
    -0.001482     0.160898     0.245944     0.351161     1.000000   0.00000000
   0.00000000   0.00000000   0.00000000   0.00000000   0.00000000     1.000000

    78.542818    41.429605    21.853204    11.527083     6.080282
     3.207215     1.691735     0.892353     0.470697     0.248282
     0.130963     0.069080     0.036438     0.014575

     0.000137    -0.000178    -0.000205     0.003965   0.00000000   0.00000000
    -0.000508     0.000822     0.000926    -0.019465   0.00000000   0.00000000
    -0.004642     0.000761     0.002117     0.065370   0.00000000   0.00000000
     0.084821    -0.044189    -0.069501    -0.241186   0.00000000   0.00000000
    -0.325006     0.187638     0.282640     0.622965   0.00000000   0.00000000
     0.026103    -0.008202     0.116135     0.168322   0.00000000   0.00000000
     0.521552    -0.412309    -1.254795    -3.385317   0.00000000   0.00000000
     0.443256    -0.396189     0.003371     4.305941   0.00000000   0.00000000
     0.178236     0.212335     1.473058    -0.970392   0.00000000   0.00000000
     0.021703     0.583458     0.055366    -1.701447   0.00000000   0.00000000
     0.006551     0.371497    -0.730411     0.691105   0.00000000   0.00000000
    -0.001264     0.078421    -0.325634     0.519993   0.00000000   0.00000000
     0.000487     0.004772    -0.024197     0.056938     1.000000   0.00000000
   0.00000000   0.00000000   0.00000000   0.00000000   0.00000000     1.000000

    49.279958    27.345106    15.173609     8.419730     4.672050
     2.592488     1.438554     0.798243     0.442940     0.245784
     0.136384     0.075678     0.041993     0.016797

     0.000688    -0.000828    -0.000447   0.00000000   0.00000000
    -0.003808     0.004639     0.003130   0.00000000   0.00000000
     0.014465    -0.018104    -0.015273   0.00000000   0.00000000
    -0.025143     0.032697     0.017951   0.00000000   0.00000000
    -0.076979     0.104271     0.245262   0.00000000   0.00000000
     0.131790    -0.195658    -0.529108   0.00000000   0.00000000
     0.271828    -0.495151    -0.881386   0.00000000   0.00000000
     0.326047    -0.283091     0.829583   0.00000000   0.00000000
     0.254021     0.251562     0.765746   0.00000000   0.00000000
     0.176388     0.431950    -0.267981   0.00000000   0.00000000
     0.077763     0.289043    -0.487977   0.00000000   0.00000000
     0.025410     0.097154    -0.206665   0.00000000   0.00000000
     0.001610     0.011940    -0.026578     1.000000   0.00000000
   0.00000000   0.00000000   0.00000000   0.00000000     1.000000

     1.438500     0.487800     0.192600

     1.000000   0.00000000   0.00000000
   0.00000000     1.000000   0.00000000
   0.00000000   0.00000000     1.000000

     1.225700     0.550700

     1.000000   0.00000000
   0.00000000     1.000000

Au:cc-pCV5Z-ccECP
ccECP cc-pCV5Z for Au | source recipes/Au/ccECP/Au.cc-pCV5Z.gamess | ccECP from Guangming Wang et al. Journal of Chemical Physics (2022) https://doi.org/10.1063/5.0087300

  7
    0    1    2    3    4    5    6
    9    9    8    5    4    3    2
   15   15   15    5    4    3    2

   233.341004   110.996840    52.799544    25.115957    11.947287
     6.315600     5.683146     3.947200     2.703388     1.285961
     0.611713     0.290983     0.138416     0.065842     0.031320

    -0.000105     0.000072    -0.000156    -0.001758     0.010058     0.001404
   0.00000000   0.00000000   0.00000000
     0.000385    -0.000323     0.000712     0.008773    -0.049929    -0.007979
   0.00000000   0.00000000   0.00000000
     0.001111     0.000316    -0.000846    -0.028823     0.156536     0.034261
   0.00000000   0.00000000   0.00000000
    -0.038601     0.010717    -0.021672     0.111162    -0.466578    -0.197184
   0.00000000   0.00000000   0.00000000
     0.334238    -0.109611     0.229289    -0.551502     1.628856     1.322620
   0.00000000   0.00000000   0.00000000
   0.00000000   0.00000000   0.00000000   0.00000000   0.00000000   0.00000000
   0.00000000     1.000000   0.00000000
    -0.888770     0.321561    -0.678624     1.578957    -4.766145    -5.570623
   0.00000000   0.00000000   0.00000000
   0.00000000   0.00000000   0.00000000   0.00000000   0.00000000   0.00000000
   0.00000000   0.00000000     1.000000
     0.057386    -0.049719    -0.025990    -0.843162     7.659884    12.638433
   0.00000000   0.00000000   0.00000000
     0.975214    -0.452819     1.743661    -3.597385    -5.108447   -17.699730
   0.00000000   0.00000000   0.00000000
     0.311645    -0.237397    -0.299680     6.000266    -1.643959    18.590548
   0.00000000   0.00000000   0.00000000
     0.041748     0.086608    -1.790830    -2.640695     6.974489   -15.321089
   0.00000000   0.00000000   0.00000000
    -0.010342     0.457628     0.057210    -1.282614    -6.775952     8.997019
   0.00000000   0.00000000   0.00000000
     0.006023     0.512455     0.801268     0.962417     2.604668    -2.702689
   0.00000000   0.00000000   0.00000000
    -0.001482     0.160898     0.245944     0.351161     0.068460    -0.058971
     1.000000   0.00000000   0.00000000

    78.542818    41.429605    21.853204    11.527083     6.080282
     5.985900     3.745100     3.207215     1.691735     0.892353
     0.470697     0.248282     0.130963     0.069080     0.036438

     0.000137    -0.000178    -0.000205     0.003965     0.017998    -0.029630
   0.00000000   0.00000000   0.00000000
    -0.000508     0.000822     0.000926    -0.019465    -0.087943     0.150395
   0.00000000   0.00000000   0.00000000
    -0.004642     0.000761     0.002117     0.065370     0.278747    -0.509613
   0.00000000   0.00000000   0.00000000
     0.084821    -0.044189    -0.069501    -0.241186    -0.874779     1.707350
   0.00000000   0.00000000   0.00000000
    -0.325006     0.187638     0.282640     0.622965     2.518648    -5.367945
   0.00000000   0.00000000   0.00000000
   0.00000000   0.00000000   0.00000000   0.00000000   0.00000000   0.00000000
   0.00000000     1.000000   0.00000000
   0.00000000   0.00000000   0.00000000   0.00000000   0.00000000   0.00000000
   0.00000000   0.00000000     1.000000
     0.026103    -0.008202     0.116135     0.168322    -3.870311    11.367191
   0.00000000   0.00000000   0.00000000
     0.521552    -0.412309    -1.254795    -3.385317     0.893409   -14.707604
   0.00000000   0.00000000   0.00000000
     0.443256    -0.396189     0.003371     4.305941     4.522885    13.315427
   0.00000000   0.00000000   0.00000000
     0.178236     0.212335     1.473058    -0.970392    -7.140992    -8.458143
   0.00000000   0.00000000   0.00000000
     0.021703     0.583458     0.055366    -1.701447     4.928889     2.707019
   0.00000000   0.00000000   0.00000000
     0.006551     0.371497    -0.730411     0.691105    -1.048923     0.853844
   0.00000000   0.00000000   0.00000000
    -0.001264     0.078421    -0.325634     0.519993    -0.260752    -0.876783
   0.00000000   0.00000000   0.00000000
     0.000487     0.004772    -0.024197     0.056938    -0.295455    -0.158432
     1.000000   0.00000000   0.00000000

    49.279958    27.345106    15.173609     8.419730     5.518500
     4.672050     3.452400     2.592488     1.438554     0.798243
     0.442940     0.245784     0.136384     0.075678     0.041993

     0.000688    -0.000828    -0.000447     0.000761    -0.010725   0.00000000
   0.00000000   0.00000000
    -0.003808     0.004639     0.003130    -0.002013     0.051355   0.00000000
   0.00000000   0.00000000
     0.014465    -0.018104    -0.015273    -0.003185    -0.158122   0.00000000
   0.00000000   0.00000000
    -0.025143     0.032697     0.017951    -0.029720     0.299426   0.00000000
   0.00000000   0.00000000
   0.00000000   0.00000000   0.00000000   0.00000000   0.00000000   0.00000000
     1.000000   0.00000000
    -0.076979     0.104271     0.245262     0.640288     0.491496   0.00000000
   0.00000000   0.00000000
   0.00000000   0.00000000   0.00000000   0.00000000   0.00000000   0.00000000
   0.00000000     1.000000
     0.131790    -0.195658    -0.529108    -1.977592    -3.806850   0.00000000
   0.00000000   0.00000000
     0.271828    -0.495151    -0.881386     0.570186     5.842244   0.00000000
   0.00000000   0.00000000
     0.326047    -0.283091     0.829583     2.052667    -3.856495   0.00000000
   0.00000000   0.00000000
     0.254021     0.251562     0.765746    -1.774404     0.014404   0.00000000
   0.00000000   0.00000000
     0.176388     0.431950    -0.267981    -0.295272     1.694786   0.00000000
   0.00000000   0.00000000
     0.077763     0.289043    -0.487977     0.422872    -0.490312   0.00000000
   0.00000000   0.00000000
     0.025410     0.097154    -0.206665     0.403024    -0.439521   0.00000000
   0.00000000   0.00000000
     0.001610     0.011940    -0.026578     0.035907    -0.092635     1.000000
   0.00000000   0.00000000

     3.574400     2.060000     1.187200     0.684200     0.273700

     1.000000   0.00000000   0.00000000   0.00000000   0.00000000
   0.00000000     1.000000   0.00000000   0.00000000   0.00000000
   0.00000000   0.00000000     1.000000   0.00000000   0.00000000
   0.00000000   0.00000000   0.00000000     1.000000   0.00000000
   0.00000000   0.00000000   0.00000000   0.00000000     1.000000

     3.428200     2.035500     1.208600     0.499600

     1.000000   0.00000000   0.00000000   0.00000000
   0.00000000     1.000000   0.00000000   0.00000000
   0.00000000   0.00000000     1.000000   0.00000000
   0.00000000   0.00000000   0.00000000     1.000000

     3.174900     1.864600     0.810700

     1.000000   0.00000000   0.00000000
   0.00000000     1.000000   0.00000000
   0.00000000   0.00000000     1.000000

     3.172700     1.682200

     1.000000   0.00000000
   0.00000000     1.000000

Au:cc-pCVDZ-ccECP
ccECP cc-pCVDZ for Au | source recipes/Au/ccECP/Au.cc-pCVDZ.gamess | ccECP from Guangming Wang et al. Journal of Chemical Physics (2022) https://doi.org/10.1063/5.0087300

  4
    0    1    2    3
    5    5    4    2
   14   14   14    2

   233.341004   110.996840    52.799544    25.115957    11.947287
     5.683146     2.703388     2.064300     1.285961     0.611713
     0.290983     0.138416     0.065842     0.031320

    -0.000105     0.000072    -0.000156   0.00000000   0.00000000
     0.000385    -0.000323     0.000712   0.00000000   0.00000000
     0.001111     0.000316    -0.000846   0.00000000   0.00000000
    -0.038601     0.010717    -0.021672   0.00000000   0.00000000
     0.334238    -0.109611     0.229289   0.00000000   0.00000000
    -0.888770     0.321561    -0.678624   0.00000000   0.00000000
     0.057386    -0.049719    -0.025990   0.00000000   0.00000000
   0.00000000   0.00000000   0.00000000   0.00000000     1.000000
     0.975214    -0.452819     1.743661   0.00000000   0.00000000
     0.311645    -0.237397    -0.299680   0.00000000   0.00000000
     0.041748     0.086608    -1.790830   0.00000000   0.00000000
    -0.010342     0.457628     0.057210   0.00000000   0.00000000
     0.006023     0.512455     0.801268   0.00000000   0.00000000
    -0.001482     0.160898     0.245944     1.000000   0.00000000

    78.542818    41.429605    21.853204    11.527083     6.080282
     3.207215     2.260600     1.691735     0.892353     0.470697
     0.248282     0.130963     0.069080     0.036438

     0.000137    -0.000178    -0.000205   0.00000000   0.00000000
    -0.000508     0.000822     0.000926   0.00000000   0.00000000
    -0.004642     0.000761     0.002117   0.00000000   0.00000000
     0.084821    -0.044189    -0.069501   0.00000000   0.00000000
    -0.325006     0.187638     0.282640   0.00000000   0.00000000
     0.026103    -0.008202     0.116135   0.00000000   0.00000000
   0.00000000   0.00000000   0.00000000   0.00000000     1.000000
     0.521552    -0.412309    -1.254795   0.00000000   0.00000000
     0.443256    -0.396189     0.003371   0.00000000   0.00000000
     0.178236     0.212335     1.473058   0.00000000   0.00000000
     0.021703     0.583458     0.055366   0.00000000   0.00000000
     0.006551     0.371497    -0.730411   0.00000000   0.00000000
    -0.001264     0.078421    -0.325634   0.00000000   0.00000000
     0.000487     0.004772    -0.024197     1.000000   0.00000000

    49.279958    27.345106    15.173609     8.419730     4.672050
     2.592488     2.016700     1.438554     0.798243     0.442940
     0.245784     0.136384     0.075678     0.041993

     0.000688    -0.000828   0.00000000   0.00000000
    -0.003808     0.004639   0.00000000   0.00000000
     0.014465    -0.018104   0.00000000   0.00000000
    -0.025143     0.032697   0.00000000   0.00000000
    -0.076979     0.104271   0.00000000   0.00000000
     0.131790    -0.195658   0.00000000   0.00000000
   0.00000000   0.00000000   0.00000000     1.000000
     0.271828    -0.495151   0.00000000   0.00000000
     0.326047    -0.283091   0.00000000   0.00000000
     0.254021     0.251562   0.00000000   0.00000000
     0.176388     0.431950   0.00000000   0.00000000
     0.077763     0.289043   0.00000000   0.00000000
     0.025410     0.097154   0.00000000   0.00000000
     0.001610     0.011940     1.000000   0.00000000

     2.099500     0.891900

     1.000000   0.00000000
   0.00000000     1.000000

Au:cc-pCVQZ-ccECP
ccECP cc-pCVQZ for Au | source recipes/Au/ccECP/Au.cc-pCVQZ.gamess | ccECP from Guangming Wang et al. Journal of Chemical Physics (2022) https://doi.org/10.1063/5.0087300

  6
    0    1    2    3    4    5
    8    8    7    4    3    2
   15   15   15    4    3    2

   233.341004   110.996840    52.799544    25.115957    11.947287
     5.683146     2.703388     1.285961     1.234000     0.772300
     0.611713     0.290983     0.138416     0.065842     0.031320

    -0.000105     0.000072    -0.000156    -0.001758     0.010058   0.00000000
   0.00000000   0.00000000
     0.000385    -0.000323     0.000712     0.008773    -0.049929   0.00000000
   0.00000000   0.00000000
     0.001111     0.000316    -0.000846    -0.028823     0.156536   0.00000000
   0.00000000   0.00000000
    -0.038601     0.010717    -0.021672     0.111162    -0.466578   0.00000000
   0.00000000   0.00000000
     0.334238    -0.109611     0.229289    -0.551502     1.628856   0.00000000
   0.00000000   0.00000000
    -0.888770     0.321561    -0.678624     1.578957    -4.766145   0.00000000
   0.00000000   0.00000000
     0.057386    -0.049719    -0.025990    -0.843162     7.659884   0.00000000
   0.00000000   0.00000000
     0.975214    -0.452819     1.743661    -3.597385    -5.108447   0.00000000
   0.00000000   0.00000000
   0.00000000   0.00000000   0.00000000   0.00000000   0.00000000   0.00000000
     1.000000   0.00000000
   0.00000000   0.00000000   0.00000000   0.00000000   0.00000000   0.00000000
   0.00000000     1.000000
     0.311645    -0.237397    -0.299680     6.000266    -1.643959   0.00000000
   0.00000000   0.00000000
     0.041748     0.086608    -1.790830    -2.640695     6.974489   0.00000000
   0.00000000   0.00000000
    -0.010342     0.457628     0.057210    -1.282614    -6.775952   0.00000000
   0.00000000   0.00000000
     0.006023     0.512455     0.801268     0.962417     2.604668   0.00000000
   0.00000000   0.00000000
    -0.001482     0.160898     0.245944     0.351161     0.068460     1.000000
   0.00000000   0.00000000

    78.542818    41.429605    21.853204    11.527083     6.080282
     3.207215     2.693700     1.691735     1.685700     0.892353
     0.470697     0.248282     0.130963     0.069080     0.036438

     0.000137    -0.000178    -0.000205     0.003965     0.017998   0.00000000
   0.00000000   0.00000000
    -0.000508     0.000822     0.000926    -0.019465    -0.087943   0.00000000
   0.00000000   0.00000000
    -0.004642     0.000761     0.002117     0.065370     0.278747   0.00000000
   0.00000000   0.00000000
     0.084821    -0.044189    -0.069501    -0.241186    -0.874779   0.00000000
   0.00000000   0.00000000
    -0.325006     0.187638     0.282640     0.622965     2.518648   0.00000000
   0.00000000   0.00000000
     0.026103    -0.008202     0.116135     0.168322    -3.870311   0.00000000
   0.00000000   0.00000000
   0.00000000   0.00000000   0.00000000   0.00000000   0.00000000   0.00000000
     1.000000   0.00000000
     0.521552    -0.412309    -1.254795    -3.385317     0.893409   0.00000000
   0.00000000   0.00000000
   0.00000000   0.00000000   0.00000000   0.00000000   0.00000000   0.00000000
   0.00000000     1.000000
     0.443256    -0.396189     0.003371     4.305941     4.522885   0.00000000
   0.00000000   0.00000000
     0.178236     0.212335     1.473058    -0.970392    -7.140992   0.00000000
   0.00000000   0.00000000
     0.021703     0.583458     0.055366    -1.701447     4.928889   0.00000000
   0.00000000   0.00000000
     0.006551     0.371497    -0.730411     0.691105    -1.048923   0.00000000
   0.00000000   0.00000000
    -0.001264     0.078421    -0.325634     0.519993    -0.260752   0.00000000
   0.00000000   0.00000000
     0.000487     0.004772    -0.024197     0.056938    -0.295455     1.000000
   0.00000000   0.00000000

    49.279958    27.345106    15.173609     8.419730     4.672050
     3.714900     2.592488     1.692000     1.438554     0.798243
     0.442940     0.245784     0.136384     0.075678     0.041993

     0.000688    -0.000828    -0.000447     0.000761   0.00000000   0.00000000
   0.00000000
    -0.003808     0.004639     0.003130    -0.002013   0.00000000   0.00000000
   0.00000000
     0.014465    -0.018104    -0.015273    -0.003185   0.00000000   0.00000000
   0.00000000
    -0.025143     0.032697     0.017951    -0.029720   0.00000000   0.00000000
   0.00000000
    -0.076979     0.104271     0.245262     0.640288   0.00000000   0.00000000
   0.00000000
   0.00000000   0.00000000   0.00000000   0.00000000   0.00000000     1.000000
   0.00000000
     0.131790    -0.195658    -0.529108    -1.977592   0.00000000   0.00000000
   0.00000000
   0.00000000   0.00000000   0.00000000   0.00000000   0.00000000   0.00000000
     1.000000
     0.271828    -0.495151    -0.881386     0.570186   0.00000000   0.00000000
   0.00000000
     0.326047    -0.283091     0.829583     2.052667   0.00000000   0.00000000
   0.00000000
     0.254021     0.251562     0.765746    -1.774404   0.00000000   0.00000000
   0.00000000
     0.176388     0.431950    -0.267981    -0.295272   0.00000000   0.00000000
   0.00000000
     0.077763     0.289043    -0.487977     0.422872   0.00000000   0.00000000
   0.00000000
     0.025410     0.097154    -0.206665     0.403024   0.00000000   0.00000000
   0.00000000
     0.001610     0.011940    -0.026578     0.035907     1.000000   0.00000000
   0.00000000

     2.577400     1.493500     0.865400     0.338400

     1.000000   0.00000000   0.00000000   0.00000000
   0.00000000     1.000000   0.00000000   0.00000000
   0.00000000   0.00000000     1.000000   0.00000000
   0.00000000   0.00000000   0.00000000     1.000000

     3.036800     1.577500     0.701800

     1.000000   0.00000000   0.00000000
   0.00000000     1.000000   0.00000000
   0.00000000   0.00000000     1.000000

     2.747700     1.267200

     1.000000   0.00000000
   0.00000000     1.000000

Au:cc-pCVTZ-ccECP
ccECP cc-pCVTZ for Au | source recipes/Au/ccECP/Au.cc-pCVTZ.gamess | ccECP from Guangming Wang et al. Journal of Chemical Physics (2022) https://doi.org/10.1063/5.0087300

  5
    0    1    2    3    4
    7    7    6    3    2
   15   15   15    3    2

   233.341004   110.996840    52.799544    25.115957    11.947287
     5.683146     2.703388     1.983400     1.285961     1.244800
     0.611713     0.290983     0.138416     0.065842     0.031320

    -0.000105     0.000072    -0.000156    -0.001758   0.00000000   0.00000000
   0.00000000
     0.000385    -0.000323     0.000712     0.008773   0.00000000   0.00000000
   0.00000000
     0.001111     0.000316    -0.000846    -0.028823   0.00000000   0.00000000
   0.00000000
    -0.038601     0.010717    -0.021672     0.111162   0.00000000   0.00000000
   0.00000000
     0.334238    -0.109611     0.229289    -0.551502   0.00000000   0.00000000
   0.00000000
    -0.888770     0.321561    -0.678624     1.578957   0.00000000   0.00000000
   0.00000000
     0.057386    -0.049719    -0.025990    -0.843162   0.00000000   0.00000000
   0.00000000
   0.00000000   0.00000000   0.00000000   0.00000000   0.00000000     1.000000
   0.00000000
     0.975214    -0.452819     1.743661    -3.597385   0.00000000   0.00000000
   0.00000000
   0.00000000   0.00000000   0.00000000   0.00000000   0.00000000   0.00000000
     1.000000
     0.311645    -0.237397    -0.299680     6.000266   0.00000000   0.00000000
   0.00000000
     0.041748     0.086608    -1.790830    -2.640695   0.00000000   0.00000000
   0.00000000
    -0.010342     0.457628     0.057210    -1.282614   0.00000000   0.00000000
   0.00000000
     0.006023     0.512455     0.801268     0.962417   0.00000000   0.00000000
   0.00000000
    -0.001482     0.160898     0.245944     0.351161     1.000000   0.00000000
   0.00000000

    78.542818    41.429605    21.853204    11.527083     6.080282
     3.207215     2.663700     1.691735     1.141000     0.892353
     0.470697     0.248282     0.130963     0.069080     0.036438

     0.000137    -0.000178    -0.000205     0.003965   0.00000000   0.00000000
   0.00000000
    -0.000508     0.000822     0.000926    -0.019465   0.00000000   0.00000000
   0.00000000
    -0.004642     0.000761     0.002117     0.065370   0.00000000   0.00000000
   0.00000000
     0.084821    -0.044189    -0.069501    -0.241186   0.00000000   0.00000000
   0.00000000
    -0.325006     0.187638     0.282640     0.622965   0.00000000   0.00000000
   0.00000000
     0.026103    -0.008202     0.116135     0.168322   0.00000000   0.00000000
   0.00000000
   0.00000000   0.00000000   0.00000000   0.00000000   0.00000000     1.000000
   0.00000000
     0.521552    -0.412309    -1.254795    -3.385317   0.00000000   0.00000000
   0.00000000
   0.00000000   0.00000000   0.00000000   0.00000000   0.00000000   0.00000000
     1.000000
     0.443256    -0.396189     0.003371     4.305941   0.00000000   0.00000000
   0.00000000
     0.178236     0.212335     1.473058    -0.970392   0.00000000   0.00000000
   0.00000000
     0.021703     0.583458     0.055366    -1.701447   0.00000000   0.00000000
   0.00000000
     0.006551     0.371497    -0.730411     0.691105   0.00000000   0.00000000
   0.00000000
    -0.001264     0.078421    -0.325634     0.519993   0.00000000   0.00000000
   0.00000000
     0.000487     0.004772    -0.024197     0.056938     1.000000   0.00000000
   0.00000000

    49.279958    27.345106    15.173609     8.419730     4.672050
     3.469600     2.592488     1.438554     1.217100     0.798243
     0.442940     0.245784     0.136384     0.075678     0.041993

     0.000688    -0.000828    -0.000447   0.00000000   0.00000000   0.00000000
    -0.003808     0.004639     0.003130   0.00000000   0.00000000   0.00000000
     0.014465    -0.018104    -0.015273   0.00000000   0.00000000   0.00000000
    -0.025143     0.032697     0.017951   0.00000000   0.00000000   0.00000000
    -0.076979     0.104271     0.245262   0.00000000   0.00000000   0.00000000
   0.00000000   0.00000000   0.00000000   0.00000000     1.000000   0.00000000
     0.131790    -0.195658    -0.529108   0.00000000   0.00000000   0.00000000
     0.271828    -0.495151    -0.881386   0.00000000   0.00000000   0.00000000
   0.00000000   0.00000000   0.00000000   0.00000000   0.00000000     1.000000
     0.326047    -0.283091     0.829583   0.00000000   0.00000000   0.00000000
     0.254021     0.251562     0.765746   0.00000000   0.00000000   0.00000000
     0.176388     0.431950    -0.267981   0.00000000   0.00000000   0.00000000
     0.077763     0.289043    -0.487977   0.00000000   0.00000000   0.00000000
     0.025410     0.097154    -0.206665   0.00000000   0.00000000   0.00000000
     0.001610     0.011940    -0.026578     1.000000   0.00000000   0.00000000

     2.316100     1.235300     0.487800

     1.000000   0.00000000   0.00000000
   0.00000000     1.000000   0.00000000
   0.00000000   0.00000000     1.000000

     2.728300     1.225700

     1.000000   0.00000000
   0.00000000     1.000000

Au:cc-pV5Z-ccECP
ccECP cc-pV5Z for Au | source recipes/Au/ccECP/Au.cc-pV5Z.gamess | ccECP from Guangming Wang et al. Journal of Chemical Physics (2022) https://doi.org/10.1063/5.0087300

  7
    0    1    2    3    4    5    6
    7    7    6    4    3    2    1
   13   13   13    4    3    2    1

   233.341004   110.996840    52.799544    25.115957    11.947287
     5.683146     2.703388     1.285961     0.611713     0.290983
     0.138416     0.065842     0.031320

    -0.000105     0.000072    -0.000156    -0.001758     0.010058     0.001404
   0.00000000
     0.000385    -0.000323     0.000712     0.008773    -0.049929    -0.007979
   0.00000000
     0.001111     0.000316    -0.000846    -0.028823     0.156536     0.034261
   0.00000000
    -0.038601     0.010717    -0.021672     0.111162    -0.466578    -0.197184
   0.00000000
     0.334238    -0.109611     0.229289    -0.551502     1.628856     1.322620
   0.00000000
    -0.888770     0.321561    -0.678624     1.578957    -4.766145    -5.570623
   0.00000000
     0.057386    -0.049719    -0.025990    -0.843162     7.659884    12.638433
   0.00000000
     0.975214    -0.452819     1.743661    -3.597385    -5.108447   -17.699730
   0.00000000
     0.311645    -0.237397    -0.299680     6.000266    -1.643959    18.590548
   0.00000000
     0.041748     0.086608    -1.790830    -2.640695     6.974489   -15.321089
   0.00000000
    -0.010342     0.457628     0.057210    -1.282614    -6.775952     8.997019
   0.00000000
     0.006023     0.512455     0.801268     0.962417     2.604668    -2.702689
   0.00000000
    -0.001482     0.160898     0.245944     0.351161     0.068460    -0.058971
     1.000000

    78.542818    41.429605    21.853204    11.527083     6.080282
     3.207215     1.691735     0.892353     0.470697     0.248282
     0.130963     0.069080     0.036438

     0.000137    -0.000178    -0.000205     0.003965     0.017998    -0.029630
   0.00000000
    -0.000508     0.000822     0.000926    -0.019465    -0.087943     0.150395
   0.00000000
    -0.004642     0.000761     0.002117     0.065370     0.278747    -0.509613
   0.00000000
     0.084821    -0.044189    -0.069501    -0.241186    -0.874779     1.707350
   0.00000000
    -0.325006     0.187638     0.282640     0.622965     2.518648    -5.367945
   0.00000000
     0.026103    -0.008202     0.116135     0.168322    -3.870311    11.367191
   0.00000000
     0.521552    -0.412309    -1.254795    -3.385317     0.893409   -14.707604
   0.00000000
     0.443256    -0.396189     0.003371     4.305941     4.522885    13.315427
   0.00000000
     0.178236     0.212335     1.473058    -0.970392    -7.140992    -8.458143
   0.00000000
     0.021703     0.583458     0.055366    -1.701447     4.928889     2.707019
   0.00000000
     0.006551     0.371497    -0.730411     0.691105    -1.048923     0.853844
   0.00000000
    -0.001264     0.078421    -0.325634     0.519993    -0.260752    -0.876783
   0.00000000
     0.000487     0.004772    -0.024197     0.056938    -0.295455    -0.158432
     1.000000

    49.279958    27.345106    15.173609     8.419730     4.672050
     2.592488     1.438554     0.798243     0.442940     0.245784
     0.136384     0.075678     0.041993

     0.000688    -0.000828    -0.000447     0.000761    -0.010725   0.00000000
    -0.003808     0.004639     0.003130    -0.002013     0.051355   0.00000000
     0.014465    -0.018104    -0.015273    -0.003185    -0.158122   0.00000000
    -0.025143     0.032697     0.017951    -0.029720     0.299426   0.00000000
    -0.076979     0.104271     0.245262     0.640288     0.491496   0.00000000
     0.131790    -0.195658    -0.529108    -1.977592    -3.806850   0.00000000
     0.271828    -0.495151    -0.881386     0.570186     5.842244   0.00000000
     0.326047    -0.283091     0.829583     2.052667    -3.856495   0.00000000
     0.254021     0.251562     0.765746    -1.774404     0.014404   0.00000000
     0.176388     0.431950    -0.267981    -0.295272     1.694786   0.00000000
     0.077763     0.289043    -0.487977     0.422872    -0.490312   0.00000000
     0.025410     0.097154    -0.206665     0.403024    -0.439521   0.00000000
     0.001610     0.011940    -0.026578     0.035907    -0.092635     1.000000

     2.307800     1.133800     0.557100     0.273700

     1.000000   0.00000000   0.00000000   0.00000000
   0.00000000     1.000000   0.00000000   0.00000000
   0.00000000   0.00000000     1.000000   0.00000000
   0.00000000   0.00000000   0.00000000     1.000000

     2.557000     1.130200     0.499600

     1.000000   0.00000000   0.00000000
   0.00000000     1.000000   0.00000000
   0.00000000   0.00000000     1.000000

     2.014800     0.810700

     1.000000   0.00000000
   0.00000000     1.000000

     1.682200

     1.000000

Au:cc-pVDZ-ccECP
ccECP cc-pVDZ for Au | source recipes/Au/ccECP/Au.cc-pVDZ.gamess | ccECP from Guangming Wang et al. Journal of Chemical Physics (2022) https://doi.org/10.1063/5.0087300

  4
    0    1    2    3
    4    4    3    1
   13   13   13    1

   233.341004   110.996840    52.799544    25.115957    11.947287
     5.683146     2.703388     1.285961     0.611713     0.290983
     0.138416     0.065842     0.031320

    -0.000105     0.000072    -0.000156   0.00000000
     0.000385    -0.000323     0.000712   0.00000000
     0.001111     0.000316    -0.000846   0.00000000
    -0.038601     0.010717    -0.021672   0.00000000
     0.334238    -0.109611     0.229289   0.00000000
    -0.888770     0.321561    -0.678624   0.00000000
     0.057386    -0.049719    -0.025990   0.00000000
     0.975214    -0.452819     1.743661   0.00000000
     0.311645    -0.237397    -0.299680   0.00000000
     0.041748     0.086608    -1.790830   0.00000000
    -0.010342     0.457628     0.057210   0.00000000
     0.006023     0.512455     0.801268   0.00000000
    -0.001482     0.160898     0.245944     1.000000

    78.542818    41.429605    21.853204    11.527083     6.080282
     3.207215     1.691735     0.892353     0.470697     0.248282
     0.130963     0.069080     0.036438

     0.000137    -0.000178    -0.000205   0.00000000
    -0.000508     0.000822     0.000926   0.00000000
    -0.004642     0.000761     0.002117   0.00000000
     0.084821    -0.044189    -0.069501   0.00000000
    -0.325006     0.187638     0.282640   0.00000000
     0.026103    -0.008202     0.116135   0.00000000
     0.521552    -0.412309    -1.254795   0.00000000
     0.443256    -0.396189     0.003371   0.00000000
     0.178236     0.212335     1.473058   0.00000000
     0.021703     0.583458     0.055366   0.00000000
     0.006551     0.371497    -0.730411   0.00000000
    -0.001264     0.078421    -0.325634   0.00000000
     0.000487     0.004772    -0.024197     1.000000

    49.279958    27.345106    15.173609     8.419730     4.672050
     2.592488     1.438554     0.798243     0.442940     0.245784
     0.136384     0.075678     0.041993

     0.000688    -0.000828   0.00000000
    -0.003808     0.004639   0.00000000
     0.014465    -0.018104   0.00000000
    -0.025143     0.032697   0.00000000
    -0.076979     0.104271   0.00000000
     0.131790    -0.195658   0.00000000
     0.271828    -0.495151   0.00000000
     0.326047    -0.283091   0.00000000
     0.254021     0.251562   0.00000000
     0.176388     0.431950   0.00000000
     0.077763     0.289043   0.00000000
     0.025410     0.097154   0.00000000
     0.001610     0.011940     1.000000

     0.891900

     1.000000

Au:cc-pVQZ-ccECP
ccECP cc-pVQZ for Au | source recipes/Au/ccECP/Au.cc-pVQZ.gamess | ccECP from Guangming Wang et al. Journal of Chemical Physics (2022) https://doi.org/10.1063/5.0087300

  6
    0    1    2    3    4    5
    6    6    5    3    2    1
   13   13   13    3    2    1

   233.341004   110.996840    52.799544    25.115957    11.947287
     5.683146     2.703388     1.285961     0.611713     0.290983
     0.138416     0.065842     0.031320

    -0.000105     0.000072    -0.000156    -0.001758     0.010058   0.00000000
     0.000385    -0.000323     0.000712     0.008773    -0.049929   0.00000000
     0.001111     0.000316    -0.000846    -0.028823     0.156536   0.00000000
    -0.038601     0.010717    -0.021672     0.111162    -0.466578   0.00000000
     0.334238    -0.109611     0.229289    -0.551502     1.628856   0.00000000
    -0.888770     0.321561    -0.678624     1.578957    -4.766145   0.00000000
     0.057386    -0.049719    -0.025990    -0.843162     7.659884   0.00000000
     0.975214    -0.452819     1.743661    -3.597385    -5.108447   0.00000000
     0.311645    -0.237397    -0.299680     6.000266    -1.643959   0.00000000
     0.041748     0.086608    -1.790830    -2.640695     6.974489   0.00000000
    -0.010342     0.457628     0.057210    -1.282614    -6.775952   0.00000000
     0.006023     0.512455     0.801268     0.962417     2.604668   0.00000000
    -0.001482     0.160898     0.245944     0.351161     0.068460     1.000000

    78.542818    41.429605    21.853204    11.527083     6.080282
     3.207215     1.691735     0.892353     0.470697     0.248282
     0.130963     0.069080     0.036438

     0.000137    -0.000178    -0.000205     0.003965     0.017998   0.00000000
    -0.000508     0.000822     0.000926    -0.019465    -0.087943   0.00000000
    -0.004642     0.000761     0.002117     0.065370     0.278747   0.00000000
     0.084821    -0.044189    -0.069501    -0.241186    -0.874779   0.00000000
    -0.325006     0.187638     0.282640     0.622965     2.518648   0.00000000
     0.026103    -0.008202     0.116135     0.168322    -3.870311   0.00000000
     0.521552    -0.412309    -1.254795    -3.385317     0.893409   0.00000000
     0.443256    -0.396189     0.003371     4.305941     4.522885   0.00000000
     0.178236     0.212335     1.473058    -0.970392    -7.140992   0.00000000
     0.021703     0.583458     0.055366    -1.701447     4.928889   0.00000000
     0.006551     0.371497    -0.730411     0.691105    -1.048923   0.00000000
    -0.001264     0.078421    -0.325634     0.519993    -0.260752   0.00000000
     0.000487     0.004772    -0.024197     0.056938    -0.295455     1.000000

    49.279958    27.345106    15.173609     8.419730     4.672050
     2.592488     1.438554     0.798243     0.442940     0.245784
     0.136384     0.075678     0.041993

     0.000688    -0.000828    -0.000447     0.000761   0.00000000
    -0.003808     0.004639     0.003130    -0.002013   0.00000000
     0.014465    -0.018104    -0.015273    -0.003185   0.00000000
    -0.025143     0.032697     0.017951    -0.029720   0.00000000
    -0.076979     0.104271     0.245262     0.640288   0.00000000
     0.131790    -0.195658    -0.529108    -1.977592   0.00000000
     0.271828    -0.495151    -0.881386     0.570186   0.00000000
     0.326047    -0.283091     0.829583     2.052667   0.00000000
     0.254021     0.251562     0.765746    -1.774404   0.00000000
     0.176388     0.431950    -0.267981    -0.295272   0.00000000
     0.077763     0.289043    -0.487977     0.422872   0.00000000
     0.025410     0.097154    -0.206665     0.403024   0.00000000
     0.001610     0.011940    -0.026578     0.035907     1.000000

     1.872500     0.796000     0.338400

     1.000000   0.00000000   0.00000000
   0.00000000     1.000000   0.00000000
   0.00000000   0.00000000     1.000000

     1.903700     0.701800

     1.000000   0.00000000
   0.00000000     1.000000

     1.267200

     1.000000

Au:cc-pVTZ-ccECP
ccECP cc-pVTZ for Au | source recipes/Au/ccECP/Au.cc-pVTZ.gamess | ccECP from Guangming Wang et al. Journal of Chemical Physics (2022) https://doi.org/10.1063/5.0087300

  5
    0    1    2    3    4
    5    5    4    2    1
   13   13   13    2    1

   233.341004   110.996840    52.799544    25.115957    11.947287
     5.683146     2.703388     1.285961     0.611713     0.290983
     0.138416     0.065842     0.031320

    -0.000105     0.000072    -0.000156    -0.001758   0.00000000
     0.000385    -0.000323     0.000712     0.008773   0.00000000
     0.001111     0.000316    -0.000846    -0.028823   0.00000000
    -0.038601     0.010717    -0.021672     0.111162   0.00000000
     0.334238    -0.109611     0.229289    -0.551502   0.00000000
    -0.888770     0.321561    -0.678624     1.578957   0.00000000
     0.057386    -0.049719    -0.025990    -0.843162   0.00000000
     0.975214    -0.452819     1.743661    -3.597385   0.00000000
     0.311645    -0.237397    -0.299680     6.000266   0.00000000
     0.041748     0.086608    -1.790830    -2.640695   0.00000000
    -0.010342     0.457628     0.057210    -1.282614   0.00000000
     0.006023     0.512455     0.801268     0.962417   0.00000000
    -0.001482     0.160898     0.245944     0.351161     1.000000

    78.542818    41.429605    21.853204    11.527083     6.080282
     3.207215     1.691735     0.892353     0.470697     0.248282
     0.130963     0.069080     0.036438

     0.000137    -0.000178    -0.000205     0.003965   0.00000000
    -0.000508     0.000822     0.000926    -0.019465   0.00000000
    -0.004642     0.000761     0.002117     0.065370   0.00000000
     0.084821    -0.044189    -0.069501    -0.241186   0.00000000
    -0.325006     0.187638     0.282640     0.622965   0.00000000
     0.026103    -0.008202     0.116135     0.168322   0.00000000
     0.521552    -0.412309    -1.254795    -3.385317   0.00000000
     0.443256    -0.396189     0.003371     4.305941   0.00000000
     0.178236     0.212335     1.473058    -0.970392   0.00000000
     0.021703     0.583458     0.055366    -1.701447   0.00000000
     0.006551     0.371497    -0.730411     0.691105   0.00000000
    -0.001264     0.078421    -0.325634     0.519993   0.00000000
     0.000487     0.004772    -0.024197     0.056938     1.000000

    49.279958    27.345106    15.173609     8.419730     4.672050
     2.592488     1.438554     0.798243     0.442940     0.245784
     0.136384     0.075678     0.041993

     0.000688    -0.000828    -0.000447   0.00000000
    -0.003808     0.004639     0.003130   0.00000000
     0.014465    -0.018104    -0.015273   0.00000000
    -0.025143     0.032697     0.017951   0.00000000
    -0.076979     0.104271     0.245262   0.00000000
     0.131790    -0.195658    -0.529108   0.00000000
     0.271828    -0.495151    -0.881386   0.00000000
     0.326047    -0.283091     0.829583   0.00000000
     0.254021     0.251562     0.765746   0.00000000
     0.176388     0.431950    -0.267981   0.00000000
     0.077763     0.289043    -0.487977   0.00000000
     0.025410     0.097154    -0.206665   0.00000000
     0.001610     0.011940    -0.026578     1.000000

     1.438500     0.487800

     1.000000   0.00000000
   0.00000000     1.000000

     1.225700

     1.000000

