
W:aug-cc-pCV5Z-ccECP
ccECP aug-cc-pCV5Z for W | source recipes/W/ccECP/W.aug-cc-pCV5Z.gamess | ccECP from Guangming Wang et al. Journal of Chemical Physics (2022) https://doi.org/10.1063/5.0087300

  7
    0    1    2    3    4    5    6
   10   10    9    6    5    4    3
   16   16   16    6    5    4    3

   74.376481   39.115990   20.571835   10.819115    5.689976
    4.760000    2.992465    2.800000    1.573794    0.827688
    0.435297    0.228931    0.120399    0.063320    0.033301
    0.013320

    -0.001943     0.000543    -0.000723     0.001189    -0.003448    -0.007198
   0.00000000   0.00000000   0.00000000   0.00000000
     0.017833    -0.005268     0.007492    -0.012299     0.012403     0.028788
   0.00000000   0.00000000   0.00000000   0.00000000
    -0.117540     0.036666    -0.054596     0.090706     0.012715    -0.004903
   0.00000000   0.00000000   0.00000000   0.00000000
     0.471463    -0.153622     0.233521    -0.397491    -0.193600    -0.284520
   0.00000000   0.00000000   0.00000000   0.00000000
    -0.655046     0.225025    -0.341100     0.605795     0.057617     0.103448
   0.00000000   0.00000000   0.00000000   0.00000000
   0.00000000   0.00000000   0.00000000   0.00000000   0.00000000   0.00000000
   0.00000000   0.00000000     1.000000   0.00000000
    -0.399173     0.140074    -0.249111     0.501906     1.980190     4.211131
   0.00000000   0.00000000   0.00000000   0.00000000
   0.00000000   0.00000000   0.00000000   0.00000000   0.00000000   0.00000000
   0.00000000   0.00000000   0.00000000     1.000000
     0.440734    -0.169850     0.263863    -0.857207    -3.521248   -12.780355
   0.00000000   0.00000000   0.00000000   0.00000000
     0.743098    -0.392735     0.951309    -2.459031    -1.542366    16.345474
   0.00000000   0.00000000   0.00000000   0.00000000
     0.261234    -0.230076     0.314455     3.142185     9.303153    -9.463902
   0.00000000   0.00000000   0.00000000   0.00000000
     0.028154     0.050209    -1.462869     1.378958    -9.669727    -2.778531
   0.00000000   0.00000000   0.00000000   0.00000000
    -0.001891     0.441577    -0.753064    -2.606927     2.092967    10.902513
   0.00000000   0.00000000   0.00000000   0.00000000
     0.001524     0.452557     0.479974    -0.912496     3.747935    -9.851572
   0.00000000   0.00000000   0.00000000   0.00000000
    -0.000367     0.285977     0.913763     1.669934    -2.554118     3.605315
     1.000000   0.00000000   0.00000000   0.00000000
   0.00000000   0.00000000   0.00000000   0.00000000   0.00000000   0.00000000
   0.00000000     1.000000   0.00000000   0.00000000

   70.819882   37.221301   19.562660   10.281684    5.403817
    4.691800    2.933700    2.840122    1.492703    0.784530
    0.412331    0.216712    0.113899    0.059863    0.031462
    0.012585

    -0.000490     0.000163     0.000303    -0.000287    -0.003145    -0.009862
   0.00000000   0.00000000   0.00000000   0.00000000
     0.003813    -0.001343    -0.002446    -0.000323     0.012985     0.049919
   0.00000000   0.00000000   0.00000000   0.00000000
    -0.025616     0.009623     0.017437     0.019041    -0.015558    -0.176523
   0.00000000   0.00000000   0.00000000   0.00000000
     0.138740    -0.054556    -0.100369    -0.154508    -0.104533     0.617598
   0.00000000   0.00000000   0.00000000   0.00000000
    -0.324560     0.133038     0.254215     0.432420     0.377080    -1.643567
   0.00000000   0.00000000   0.00000000   0.00000000
   0.00000000   0.00000000   0.00000000   0.00000000   0.00000000   0.00000000
   0.00000000   0.00000000     1.000000   0.00000000
   0.00000000   0.00000000   0.00000000   0.00000000   0.00000000   0.00000000
   0.00000000   0.00000000   0.00000000     1.000000
    -0.052031     0.016039     0.008313     0.127307     0.719006     1.655354
   0.00000000   0.00000000   0.00000000   0.00000000
     0.389641    -0.166103    -0.306300    -1.400487    -4.461602     2.387718
   0.00000000   0.00000000   0.00000000   0.00000000
     0.505922    -0.285080    -0.886702    -0.505955     6.226316    -8.580390
   0.00000000   0.00000000   0.00000000   0.00000000
     0.253444    -0.196871     0.536764     3.530620    -3.033959    12.973874
   0.00000000   0.00000000   0.00000000   0.00000000
     0.053377     0.313765     1.436864    -2.620064    -2.069095   -13.123983
   0.00000000   0.00000000   0.00000000   0.00000000
     0.005287     0.600814    -0.560326    -0.404750     4.178160     8.988283
   0.00000000   0.00000000   0.00000000   0.00000000
     0.001309     0.278010    -0.664182     0.899083    -2.215449    -3.325943
   0.00000000   0.00000000   0.00000000   0.00000000
    -0.000050     0.026886    -0.091688     0.172905     0.040468     0.162004
     1.000000   0.00000000   0.00000000   0.00000000
   0.00000000   0.00000000   0.00000000   0.00000000   0.00000000   0.00000000
   0.00000000     1.000000   0.00000000   0.00000000

   61.907933   32.585172   17.151169    9.027499    4.751614
    3.909000    2.501007    2.445100    1.316402    0.692887
    0.364700    0.191960    0.101038    0.053181    0.027992
    0.011197

    -0.000024     0.000005    -0.000179    -0.001192     0.000666   0.00000000
   0.00000000   0.00000000   0.00000000
     0.000233    -0.000160     0.000632     0.005075    -0.003231   0.00000000
   0.00000000   0.00000000   0.00000000
    -0.002245     0.002296     0.000545    -0.011115     0.013751   0.00000000
   0.00000000   0.00000000   0.00000000
     0.020877    -0.024432    -0.026852    -0.011167    -0.088681   0.00000000
   0.00000000   0.00000000   0.00000000
    -0.090172     0.112596     0.145145     0.167220     0.432719   0.00000000
   0.00000000   0.00000000   0.00000000
   0.00000000   0.00000000   0.00000000   0.00000000   0.00000000   0.00000000
   0.00000000     1.000000   0.00000000
     0.023170    -0.039514    -0.035419     0.015095    -0.496755   0.00000000
   0.00000000   0.00000000   0.00000000
   0.00000000   0.00000000   0.00000000   0.00000000   0.00000000   0.00000000
   0.00000000   0.00000000     1.000000
     0.205899    -0.295539    -0.610909    -1.515591    -1.869884   0.00000000
   0.00000000   0.00000000   0.00000000
     0.321552    -0.461445    -0.499162     1.242898     4.519622   0.00000000
   0.00000000   0.00000000   0.00000000
     0.323472    -0.080208     1.209396     1.191021    -4.549621   0.00000000
   0.00000000   0.00000000   0.00000000
     0.230789     0.499620     0.263814    -2.283323     1.997248   0.00000000
   0.00000000   0.00000000   0.00000000
     0.111668     0.418172    -0.665665     0.787104     0.590398   0.00000000
   0.00000000   0.00000000   0.00000000
     0.026522     0.115203    -0.302443     0.389678    -0.875841   0.00000000
   0.00000000   0.00000000   0.00000000
     0.001600     0.006691    -0.034465     0.120442    -0.121609     1.000000
   0.00000000   0.00000000   0.00000000
   0.00000000   0.00000000   0.00000000   0.00000000   0.00000000   0.00000000
     1.000000   0.00000000   0.00000000

    2.088100    1.152400    0.636000    0.351000    0.130000
    0.048200

     1.000000   0.00000000   0.00000000   0.00000000   0.00000000   0.00000000
   0.00000000     1.000000   0.00000000   0.00000000   0.00000000   0.00000000
   0.00000000   0.00000000     1.000000   0.00000000   0.00000000   0.00000000
   0.00000000   0.00000000   0.00000000     1.000000   0.00000000   0.00000000
   0.00000000   0.00000000   0.00000000   0.00000000     1.000000   0.00000000
   0.00000000   0.00000000   0.00000000   0.00000000   0.00000000     1.000000

    2.348500    1.243400    0.658400    0.246500    0.092300

     1.000000   0.00000000   0.00000000   0.00000000   0.00000000
   0.00000000     1.000000   0.00000000   0.00000000   0.00000000
   0.00000000   0.00000000     1.000000   0.00000000   0.00000000
   0.00000000   0.00000000   0.00000000     1.000000   0.00000000
   0.00000000   0.00000000   0.00000000   0.00000000     1.000000

    2.204700    1.126200    0.422200    0.158300

     1.000000   0.00000000   0.00000000   0.00000000
   0.00000000     1.000000   0.00000000   0.00000000
   0.00000000   0.00000000     1.000000   0.00000000
   0.00000000   0.00000000   0.00000000     1.000000

    2.062300    0.804800    0.314100

     1.000000   0.00000000   0.00000000
   0.00000000     1.000000   0.00000000
   0.00000000   0.00000000     1.000000

W:aug-cc-pCVDZ-ccECP
ccECP aug-cc-pCVDZ for W | source recipes/W/ccECP/W.aug-cc-pCVDZ.gamess | ccECP from Guangming Wang et al. Journal of Chemical Physics (2022) https://doi.org/10.1063/5.0087300

  4
    0    1    2    3
    6    6    5    3
   15   15   15    3

   74.376481   39.115990   20.571835   10.819115    5.689976
    2.992465    1.573794    1.403900    0.827688    0.435297
    0.228931    0.120399    0.063320    0.033301    0.013320

    -0.001943     0.000543    -0.000723   0.00000000   0.00000000   0.00000000
     0.017833    -0.005268     0.007492   0.00000000   0.00000000   0.00000000
    -0.117540     0.036666    -0.054596   0.00000000   0.00000000   0.00000000
     0.471463    -0.153622     0.233521   0.00000000   0.00000000   0.00000000
    -0.655046     0.225025    -0.341100   0.00000000   0.00000000   0.00000000
    -0.399173     0.140074    -0.249111   0.00000000   0.00000000   0.00000000
     0.440734    -0.169850     0.263863   0.00000000   0.00000000   0.00000000
   0.00000000   0.00000000   0.00000000   0.00000000   0.00000000     1.000000
     0.743098    -0.392735     0.951309   0.00000000   0.00000000   0.00000000
     0.261234    -0.230076     0.314455   0.00000000   0.00000000   0.00000000
     0.028154     0.050209    -1.462869   0.00000000   0.00000000   0.00000000
    -0.001891     0.441577    -0.753064   0.00000000   0.00000000   0.00000000
     0.001524     0.452557     0.479974   0.00000000   0.00000000   0.00000000
    -0.000367     0.285977     0.913763     1.000000   0.00000000   0.00000000
   0.00000000   0.00000000   0.00000000   0.00000000     1.000000   0.00000000

   70.819882   37.221301   19.562660   10.281684    5.403817
    2.840122    1.978700    1.492703    0.784530    0.412331
    0.216712    0.113899    0.059863    0.031462    0.012585

    -0.000490     0.000163     0.000303   0.00000000   0.00000000   0.00000000
     0.003813    -0.001343    -0.002446   0.00000000   0.00000000   0.00000000
    -0.025616     0.009623     0.017437   0.00000000   0.00000000   0.00000000
     0.138740    -0.054556    -0.100369   0.00000000   0.00000000   0.00000000
    -0.324560     0.133038     0.254215   0.00000000   0.00000000   0.00000000
    -0.052031     0.016039     0.008313   0.00000000   0.00000000   0.00000000
   0.00000000   0.00000000   0.00000000   0.00000000   0.00000000     1.000000
     0.389641    -0.166103    -0.306300   0.00000000   0.00000000   0.00000000
     0.505922    -0.285080    -0.886702   0.00000000   0.00000000   0.00000000
     0.253444    -0.196871     0.536764   0.00000000   0.00000000   0.00000000
     0.053377     0.313765     1.436864   0.00000000   0.00000000   0.00000000
     0.005287     0.600814    -0.560326   0.00000000   0.00000000   0.00000000
     0.001309     0.278010    -0.664182   0.00000000   0.00000000   0.00000000
    -0.000050     0.026886    -0.091688     1.000000   0.00000000   0.00000000
   0.00000000   0.00000000   0.00000000   0.00000000     1.000000   0.00000000

   61.907933   32.585172   17.151169    9.027499    4.751614
    2.501007    1.339800    1.316402    0.692887    0.364700
    0.191960    0.101038    0.053181    0.027992    0.011197

    -0.000024     0.000005   0.00000000   0.00000000   0.00000000
     0.000233    -0.000160   0.00000000   0.00000000   0.00000000
    -0.002245     0.002296   0.00000000   0.00000000   0.00000000
     0.020877    -0.024432   0.00000000   0.00000000   0.00000000
    -0.090172     0.112596   0.00000000   0.00000000   0.00000000
     0.023170    -0.039514   0.00000000   0.00000000   0.00000000
   0.00000000   0.00000000   0.00000000   0.00000000     1.000000
     0.205899    -0.295539   0.00000000   0.00000000   0.00000000
     0.321552    -0.461445   0.00000000   0.00000000   0.00000000
     0.323472    -0.080208   0.00000000   0.00000000   0.00000000
     0.230789     0.499620   0.00000000   0.00000000   0.00000000
     0.111668     0.418172   0.00000000   0.00000000   0.00000000
     0.026522     0.115203   0.00000000   0.00000000   0.00000000
     0.001600     0.006691     1.000000   0.00000000   0.00000000
   0.00000000   0.00000000   0.00000000     1.000000   0.00000000

    1.286100    0.476900    0.176800

     1.000000   0.00000000   0.00000000
   0.00000000     1.000000   0.00000000
   0.00000000   0.00000000     1.000000

W:aug-cc-pCVQZ-ccECP
ccECP aug-cc-pCVQZ for W | source recipes/W/ccECP/W.aug-cc-pCVQZ.gamess | ccECP from Guangming Wang et al. Journal of Chemical Physics (2022) https://doi.org/10.1063/5.0087300

  6
    0    1    2    3    4    5
    9    9    8    5    4    3
   16   16   16    5    4    3

   74.376481   39.115990   20.571835   10.819115    5.689976
    2.992465    1.573794    0.827688    0.667600    0.435297
    0.417600    0.228931    0.120399    0.063320    0.033301
    0.013320

    -0.001943     0.000543    -0.000723     0.001189    -0.003448   0.00000000
   0.00000000   0.00000000   0.00000000
     0.017833    -0.005268     0.007492    -0.012299     0.012403   0.00000000
   0.00000000   0.00000000   0.00000000
    -0.117540     0.036666    -0.054596     0.090706     0.012715   0.00000000
   0.00000000   0.00000000   0.00000000
     0.471463    -0.153622     0.233521    -0.397491    -0.193600   0.00000000
   0.00000000   0.00000000   0.00000000
    -0.655046     0.225025    -0.341100     0.605795     0.057617   0.00000000
   0.00000000   0.00000000   0.00000000
    -0.399173     0.140074    -0.249111     0.501906     1.980190   0.00000000
   0.00000000   0.00000000   0.00000000
     0.440734    -0.169850     0.263863    -0.857207    -3.521248   0.00000000
   0.00000000   0.00000000   0.00000000
     0.743098    -0.392735     0.951309    -2.459031    -1.542366   0.00000000
   0.00000000   0.00000000   0.00000000
   0.00000000   0.00000000   0.00000000   0.00000000   0.00000000   0.00000000
   0.00000000     1.000000   0.00000000
     0.261234    -0.230076     0.314455     3.142185     9.303153   0.00000000
   0.00000000   0.00000000   0.00000000
   0.00000000   0.00000000   0.00000000   0.00000000   0.00000000   0.00000000
   0.00000000   0.00000000     1.000000
     0.028154     0.050209    -1.462869     1.378958    -9.669727   0.00000000
   0.00000000   0.00000000   0.00000000
    -0.001891     0.441577    -0.753064    -2.606927     2.092967   0.00000000
   0.00000000   0.00000000   0.00000000
     0.001524     0.452557     0.479974    -0.912496     3.747935   0.00000000
   0.00000000   0.00000000   0.00000000
    -0.000367     0.285977     0.913763     1.669934    -2.554118     1.000000
   0.00000000   0.00000000   0.00000000
   0.00000000   0.00000000   0.00000000   0.00000000   0.00000000   0.00000000
     1.000000   0.00000000   0.00000000

   70.819882   37.221301   19.562660   10.281684    5.403817
    2.840122    1.808000    1.492703    1.130000    0.784530
    0.412331    0.216712    0.113899    0.059863    0.031462
    0.012585

    -0.000490     0.000163     0.000303    -0.000287    -0.003145   0.00000000
   0.00000000   0.00000000   0.00000000
     0.003813    -0.001343    -0.002446    -0.000323     0.012985   0.00000000
   0.00000000   0.00000000   0.00000000
    -0.025616     0.009623     0.017437     0.019041    -0.015558   0.00000000
   0.00000000   0.00000000   0.00000000
     0.138740    -0.054556    -0.100369    -0.154508    -0.104533   0.00000000
   0.00000000   0.00000000   0.00000000
    -0.324560     0.133038     0.254215     0.432420     0.377080   0.00000000
   0.00000000   0.00000000   0.00000000
    -0.052031     0.016039     0.008313     0.127307     0.719006   0.00000000
   0.00000000   0.00000000   0.00000000
   0.00000000   0.00000000   0.00000000   0.00000000   0.00000000   0.00000000
   0.00000000     1.000000   0.00000000
     0.389641    -0.166103    -0.306300    -1.400487    -4.461602   0.00000000
   0.00000000   0.00000000   0.00000000
   0.00000000   0.00000000   0.00000000   0.00000000   0.00000000   0.00000000
   0.00000000   0.00000000     1.000000
     0.505922    -0.285080    -0.886702    -0.505955     6.226316   0.00000000
   0.00000000   0.00000000   0.00000000
     0.253444    -0.196871     0.536764     3.530620    -3.033959   0.00000000
   0.00000000   0.00000000   0.00000000
     0.053377     0.313765     1.436864    -2.620064    -2.069095   0.00000000
   0.00000000   0.00000000   0.00000000
     0.005287     0.600814    -0.560326    -0.404750     4.178160   0.00000000
   0.00000000   0.00000000   0.00000000
     0.001309     0.278010    -0.664182     0.899083    -2.215449   0.00000000
   0.00000000   0.00000000   0.00000000
    -0.000050     0.026886    -0.091688     0.172905     0.040468     1.000000
   0.00000000   0.00000000   0.00000000
   0.00000000   0.00000000   0.00000000   0.00000000   0.00000000   0.00000000
     1.000000   0.00000000   0.00000000

   61.907933   32.585172   17.151169    9.027499    4.751614
    2.684500    2.501007    1.316402    0.929000    0.692887
    0.364700    0.191960    0.101038    0.053181    0.027992
    0.011197

    -0.000024     0.000005    -0.000179    -0.001192   0.00000000   0.00000000
   0.00000000   0.00000000
     0.000233    -0.000160     0.000632     0.005075   0.00000000   0.00000000
   0.00000000   0.00000000
    -0.002245     0.002296     0.000545    -0.011115   0.00000000   0.00000000
   0.00000000   0.00000000
     0.020877    -0.024432    -0.026852    -0.011167   0.00000000   0.00000000
   0.00000000   0.00000000
    -0.090172     0.112596     0.145145     0.167220   0.00000000   0.00000000
   0.00000000   0.00000000
   0.00000000   0.00000000   0.00000000   0.00000000   0.00000000   0.00000000
     1.000000   0.00000000
     0.023170    -0.039514    -0.035419     0.015095   0.00000000   0.00000000
   0.00000000   0.00000000
     0.205899    -0.295539    -0.610909    -1.515591   0.00000000   0.00000000
   0.00000000   0.00000000
   0.00000000   0.00000000   0.00000000   0.00000000   0.00000000   0.00000000
   0.00000000     1.000000
     0.321552    -0.461445    -0.499162     1.242898   0.00000000   0.00000000
   0.00000000   0.00000000
     0.323472    -0.080208     1.209396     1.191021   0.00000000   0.00000000
   0.00000000   0.00000000
     0.230789     0.499620     0.263814    -2.283323   0.00000000   0.00000000
   0.00000000   0.00000000
     0.111668     0.418172    -0.665665     0.787104   0.00000000   0.00000000
   0.00000000   0.00000000
     0.026522     0.115203    -0.302443     0.389678   0.00000000   0.00000000
   0.00000000   0.00000000
     0.001600     0.006691    -0.034465     0.120442     1.000000   0.00000000
   0.00000000   0.00000000
   0.00000000   0.00000000   0.00000000   0.00000000   0.00000000     1.000000
   0.00000000   0.00000000

    1.701400    0.880100    0.455200    0.169200    0.062900

     1.000000   0.00000000   0.00000000   0.00000000   0.00000000
   0.00000000     1.000000   0.00000000   0.00000000   0.00000000
   0.00000000   0.00000000     1.000000   0.00000000   0.00000000
   0.00000000   0.00000000   0.00000000     1.000000   0.00000000
   0.00000000   0.00000000   0.00000000   0.00000000     1.000000

    2.018600    0.936300    0.353300    0.133300

     1.000000   0.00000000   0.00000000   0.00000000
   0.00000000     1.000000   0.00000000   0.00000000
   0.00000000   0.00000000     1.000000   0.00000000
   0.00000000   0.00000000   0.00000000     1.000000

    1.810900    0.683400    0.257900

     1.000000   0.00000000   0.00000000
   0.00000000     1.000000   0.00000000
   0.00000000   0.00000000     1.000000

W:aug-cc-pCVTZ-ccECP
ccECP aug-cc-pCVTZ for W | source recipes/W/ccECP/W.aug-cc-pCVTZ.gamess | ccECP from Guangming Wang et al. Journal of Chemical Physics (2022) https://doi.org/10.1063/5.0087300

  5
    0    1    2    3    4
    8    8    7    4    3
   16   16   16    4    3

   74.376481   39.115990   20.571835   10.819115    5.689976
    2.992465    1.573794    1.497400    0.937300    0.827688
    0.435297    0.228931    0.120399    0.063320    0.033301
    0.013320

    -0.001943     0.000543    -0.000723     0.001189   0.00000000   0.00000000
   0.00000000   0.00000000
     0.017833    -0.005268     0.007492    -0.012299   0.00000000   0.00000000
   0.00000000   0.00000000
    -0.117540     0.036666    -0.054596     0.090706   0.00000000   0.00000000
   0.00000000   0.00000000
     0.471463    -0.153622     0.233521    -0.397491   0.00000000   0.00000000
   0.00000000   0.00000000
    -0.655046     0.225025    -0.341100     0.605795   0.00000000   0.00000000
   0.00000000   0.00000000
    -0.399173     0.140074    -0.249111     0.501906   0.00000000   0.00000000
   0.00000000   0.00000000
     0.440734    -0.169850     0.263863    -0.857207   0.00000000   0.00000000
   0.00000000   0.00000000
   0.00000000   0.00000000   0.00000000   0.00000000   0.00000000   0.00000000
     1.000000   0.00000000
   0.00000000   0.00000000   0.00000000   0.00000000   0.00000000   0.00000000
   0.00000000     1.000000
     0.743098    -0.392735     0.951309    -2.459031   0.00000000   0.00000000
   0.00000000   0.00000000
     0.261234    -0.230076     0.314455     3.142185   0.00000000   0.00000000
   0.00000000   0.00000000
     0.028154     0.050209    -1.462869     1.378958   0.00000000   0.00000000
   0.00000000   0.00000000
    -0.001891     0.441577    -0.753064    -2.606927   0.00000000   0.00000000
   0.00000000   0.00000000
     0.001524     0.452557     0.479974    -0.912496   0.00000000   0.00000000
   0.00000000   0.00000000
    -0.000367     0.285977     0.913763     1.669934     1.000000   0.00000000
   0.00000000   0.00000000
   0.00000000   0.00000000   0.00000000   0.00000000   0.00000000     1.000000
   0.00000000   0.00000000

   70.819882   37.221301   19.562660   10.281684    5.403817
    2.840122    1.843800    1.492703    0.784530    0.728600
    0.412331    0.216712    0.113899    0.059863    0.031462
    0.012585

    -0.000490     0.000163     0.000303    -0.000287   0.00000000   0.00000000
   0.00000000   0.00000000
     0.003813    -0.001343    -0.002446    -0.000323   0.00000000   0.00000000
   0.00000000   0.00000000
    -0.025616     0.009623     0.017437     0.019041   0.00000000   0.00000000
   0.00000000   0.00000000
     0.138740    -0.054556    -0.100369    -0.154508   0.00000000   0.00000000
   0.00000000   0.00000000
    -0.324560     0.133038     0.254215     0.432420   0.00000000   0.00000000
   0.00000000   0.00000000
    -0.052031     0.016039     0.008313     0.127307   0.00000000   0.00000000
   0.00000000   0.00000000
   0.00000000   0.00000000   0.00000000   0.00000000   0.00000000   0.00000000
     1.000000   0.00000000
     0.389641    -0.166103    -0.306300    -1.400487   0.00000000   0.00000000
   0.00000000   0.00000000
     0.505922    -0.285080    -0.886702    -0.505955   0.00000000   0.00000000
   0.00000000   0.00000000
   0.00000000   0.00000000   0.00000000   0.00000000   0.00000000   0.00000000
   0.00000000     1.000000
     0.253444    -0.196871     0.536764     3.530620   0.00000000   0.00000000
   0.00000000   0.00000000
     0.053377     0.313765     1.436864    -2.620064   0.00000000   0.00000000
   0.00000000   0.00000000
     0.005287     0.600814    -0.560326    -0.404750   0.00000000   0.00000000
   0.00000000   0.00000000
     0.001309     0.278010    -0.664182     0.899083   0.00000000   0.00000000
   0.00000000   0.00000000
    -0.000050     0.026886    -0.091688     0.172905     1.000000   0.00000000
   0.00000000   0.00000000
   0.00000000   0.00000000   0.00000000   0.00000000   0.00000000     1.000000
   0.00000000   0.00000000

   61.907933   32.585172   17.151169    9.027499    4.751614
    2.501007    2.425800    1.316402    0.709300    0.692887
    0.364700    0.191960    0.101038    0.053181    0.027992
    0.011197

    -0.000024     0.000005    -0.000179   0.00000000   0.00000000   0.00000000
   0.00000000
     0.000233    -0.000160     0.000632   0.00000000   0.00000000   0.00000000
   0.00000000
    -0.002245     0.002296     0.000545   0.00000000   0.00000000   0.00000000
   0.00000000
     0.020877    -0.024432    -0.026852   0.00000000   0.00000000   0.00000000
   0.00000000
    -0.090172     0.112596     0.145145   0.00000000   0.00000000   0.00000000
   0.00000000
     0.023170    -0.039514    -0.035419   0.00000000   0.00000000   0.00000000
   0.00000000
   0.00000000   0.00000000   0.00000000   0.00000000   0.00000000     1.000000
   0.00000000
     0.205899    -0.295539    -0.610909   0.00000000   0.00000000   0.00000000
   0.00000000
   0.00000000   0.00000000   0.00000000   0.00000000   0.00000000   0.00000000
     1.000000
     0.321552    -0.461445    -0.499162   0.00000000   0.00000000   0.00000000
   0.00000000
     0.323472    -0.080208     1.209396   0.00000000   0.00000000   0.00000000
   0.00000000
     0.230789     0.499620     0.263814   0.00000000   0.00000000   0.00000000
   0.00000000
     0.111668     0.418172    -0.665665   0.00000000   0.00000000   0.00000000
   0.00000000
     0.026522     0.115203    -0.302443   0.00000000   0.00000000   0.00000000
   0.00000000
     0.001600     0.006691    -0.034465     1.000000   0.00000000   0.00000000
   0.00000000
   0.00000000   0.00000000   0.00000000   0.00000000     1.000000   0.00000000
   0.00000000

    1.512700    0.718100    0.256000    0.091300

     1.000000   0.00000000   0.00000000   0.00000000
   0.00000000     1.000000   0.00000000   0.00000000
   0.00000000   0.00000000     1.000000   0.00000000
   0.00000000   0.00000000   0.00000000     1.000000

    1.684300    0.620500    0.228600

     1.000000   0.00000000   0.00000000
   0.00000000     1.000000   0.00000000
   0.00000000   0.00000000     1.000000

W:aug-cc-pV5Z-ccECP
ccECP aug-cc-pV5Z for W | source recipes/W/ccECP/W.aug-cc-pV5Z.gamess | ccECP from Guangming Wang et al. Journal of Chemical Physics (2022) https://doi.org/10.1063/5.0087300

  7
    0    1    2    3    4    5    6
    8    8    7    5    4    3    2
   14   14   14    5    4    3    2

   74.376481   39.115990   20.571835   10.819115    5.689976
    2.992465    1.573794    0.827688    0.435297    0.228931
    0.120399    0.063320    0.033301    0.013320

    -0.001943     0.000543    -0.000723     0.001189    -0.003448    -0.007198
   0.00000000   0.00000000
     0.017833    -0.005268     0.007492    -0.012299     0.012403     0.028788
   0.00000000   0.00000000
    -0.117540     0.036666    -0.054596     0.090706     0.012715    -0.004903
   0.00000000   0.00000000
     0.471463    -0.153622     0.233521    -0.397491    -0.193600    -0.284520
   0.00000000   0.00000000
    -0.655046     0.225025    -0.341100     0.605795     0.057617     0.103448
   0.00000000   0.00000000
    -0.399173     0.140074    -0.249111     0.501906     1.980190     4.211131
   0.00000000   0.00000000
     0.440734    -0.169850     0.263863    -0.857207    -3.521248   -12.780355
   0.00000000   0.00000000
     0.743098    -0.392735     0.951309    -2.459031    -1.542366    16.345474
   0.00000000   0.00000000
     0.261234    -0.230076     0.314455     3.142185     9.303153    -9.463902
   0.00000000   0.00000000
     0.028154     0.050209    -1.462869     1.378958    -9.669727    -2.778531
   0.00000000   0.00000000
    -0.001891     0.441577    -0.753064    -2.606927     2.092967    10.902513
   0.00000000   0.00000000
     0.001524     0.452557     0.479974    -0.912496     3.747935    -9.851572
   0.00000000   0.00000000
    -0.000367     0.285977     0.913763     1.669934    -2.554118     3.605315
     1.000000   0.00000000
   0.00000000   0.00000000   0.00000000   0.00000000   0.00000000   0.00000000
   0.00000000     1.000000

   70.819882   37.221301   19.562660   10.281684    5.403817
    2.840122    1.492703    0.784530    0.412331    0.216712
    0.113899    0.059863    0.031462    0.012585

    -0.000490     0.000163     0.000303    -0.000287    -0.003145    -0.009862
   0.00000000   0.00000000
     0.003813    -0.001343    -0.002446    -0.000323     0.012985     0.049919
   0.00000000   0.00000000
    -0.025616     0.009623     0.017437     0.019041    -0.015558    -0.176523
   0.00000000   0.00000000
     0.138740    -0.054556    -0.100369    -0.154508    -0.104533     0.617598
   0.00000000   0.00000000
    -0.324560     0.133038     0.254215     0.432420     0.377080    -1.643567
   0.00000000   0.00000000
    -0.052031     0.016039     0.008313     0.127307     0.719006     1.655354
   0.00000000   0.00000000
     0.389641    -0.166103    -0.306300    -1.400487    -4.461602     2.387718
   0.00000000   0.00000000
     0.505922    -0.285080    -0.886702    -0.505955     6.226316    -8.580390
   0.00000000   0.00000000
     0.253444    -0.196871     0.536764     3.530620    -3.033959    12.973874
   0.00000000   0.00000000
     0.053377     0.313765     1.436864    -2.620064    -2.069095   -13.123983
   0.00000000   0.00000000
     0.005287     0.600814    -0.560326    -0.404750     4.178160     8.988283
   0.00000000   0.00000000
     0.001309     0.278010    -0.664182     0.899083    -2.215449    -3.325943
   0.00000000   0.00000000
    -0.000050     0.026886    -0.091688     0.172905     0.040468     0.162004
     1.000000   0.00000000
   0.00000000   0.00000000   0.00000000   0.00000000   0.00000000   0.00000000
   0.00000000     1.000000

   61.907933   32.585172   17.151169    9.027499    4.751614
    2.501007    1.316402    0.692887    0.364700    0.191960
    0.101038    0.053181    0.027992    0.011197

    -0.000024     0.000005    -0.000179    -0.001192     0.000666   0.00000000
   0.00000000
     0.000233    -0.000160     0.000632     0.005075    -0.003231   0.00000000
   0.00000000
    -0.002245     0.002296     0.000545    -0.011115     0.013751   0.00000000
   0.00000000
     0.020877    -0.024432    -0.026852    -0.011167    -0.088681   0.00000000
   0.00000000
    -0.090172     0.112596     0.145145     0.167220     0.432719   0.00000000
   0.00000000
     0.023170    -0.039514    -0.035419     0.015095    -0.496755   0.00000000
   0.00000000
     0.205899    -0.295539    -0.610909    -1.515591    -1.869884   0.00000000
   0.00000000
     0.321552    -0.461445    -0.499162     1.242898     4.519622   0.00000000
   0.00000000
     0.323472    -0.080208     1.209396     1.191021    -4.549621   0.00000000
   0.00000000
     0.230789     0.499620     0.263814    -2.283323     1.997248   0.00000000
   0.00000000
     0.111668     0.418172    -0.665665     0.787104     0.590398   0.00000000
   0.00000000
     0.026522     0.115203    -0.302443     0.389678    -0.875841   0.00000000
   0.00000000
     0.001600     0.006691    -0.034465     0.120442    -0.121609     1.000000
   0.00000000
   0.00000000   0.00000000   0.00000000   0.00000000   0.00000000   0.00000000
     1.000000

    1.349500    0.618700    0.283600    0.130000    0.048200

     1.000000   0.00000000   0.00000000   0.00000000   0.00000000
   0.00000000     1.000000   0.00000000   0.00000000   0.00000000
   0.00000000   0.00000000     1.000000   0.00000000   0.00000000
   0.00000000   0.00000000   0.00000000     1.000000   0.00000000
   0.00000000   0.00000000   0.00000000   0.00000000     1.000000

    1.540600    0.616200    0.246500    0.092300

     1.000000   0.00000000   0.00000000   0.00000000
   0.00000000     1.000000   0.00000000   0.00000000
   0.00000000   0.00000000     1.000000   0.00000000
   0.00000000   0.00000000   0.00000000     1.000000

    1.171400    0.422200    0.158300

     1.000000   0.00000000   0.00000000
   0.00000000     1.000000   0.00000000
   0.00000000   0.00000000     1.000000

    0.804800    0.314100

     1.000000   0.00000000
   0.00000000     1.000000

W:aug-cc-pVDZ-ccECP
ccECP aug-cc-pVDZ for W | source recipes/W/ccECP/W.aug-cc-pVDZ.gamess | ccECP from Guangming Wang et al. Journal of Chemical Physics (2022) https://doi.org/10.1063/5.0087300

  4
    0    1    2    3
    5    5    4    2
   14   14   14    2

   74.376481   39.115990   20.571835   10.819115    5.689976
    2.992465    1.573794    0.827688    0.435297    0.228931
    0.120399    0.063320    0.033301    0.013320

    -0.001943     0.000543    -0.000723   0.00000000   0.00000000
     0.017833    -0.005268     0.007492   0.00000000   0.00000000
    -0.117540     0.036666    -0.054596   0.00000000   0.00000000
     0.471463    -0.153622     0.233521   0.00000000   0.00000000
    -0.655046     0.225025    -0.341100   0.00000000   0.00000000
    -0.399173     0.140074    -0.249111   0.00000000   0.00000000
     0.440734    -0.169850     0.263863   0.00000000   0.00000000
     0.743098    -0.392735     0.951309   0.00000000   0.00000000
     0.261234    -0.230076     0.314455   0.00000000   0.00000000
     0.028154     0.050209    -1.462869   0.00000000   0.00000000
    -0.001891     0.441577    -0.753064   0.00000000   0.00000000
     0.001524     0.452557     0.479974   0.00000000   0.00000000
    -0.000367     0.285977     0.913763     1.000000   0.00000000
   0.00000000   0.00000000   0.00000000   0.00000000     1.000000

   70.819882   37.221301   19.562660   10.281684    5.403817
    2.840122    1.492703    0.784530    0.412331    0.216712
    0.113899    0.059863    0.031462    0.012585

    -0.000490     0.000163     0.000303   0.00000000   0.00000000
     0.003813    -0.001343    -0.002446   0.00000000   0.00000000
    -0.025616     0.009623     0.017437   0.00000000   0.00000000
     0.138740    -0.054556    -0.100369   0.00000000   0.00000000
    -0.324560     0.133038     0.254215   0.00000000   0.00000000
    -0.052031     0.016039     0.008313   0.00000000   0.00000000
     0.389641    -0.166103    -0.306300   0.00000000   0.00000000
     0.505922    -0.285080    -0.886702   0.00000000   0.00000000
     0.253444    -0.196871     0.536764   0.00000000   0.00000000
     0.053377     0.313765     1.436864   0.00000000   0.00000000
     0.005287     0.600814    -0.560326   0.00000000   0.00000000
     0.001309     0.278010    -0.664182   0.00000000   0.00000000
    -0.000050     0.026886    -0.091688     1.000000   0.00000000
   0.00000000   0.00000000   0.00000000   0.00000000     1.000000

   61.907933   32.585172   17.151169    9.027499    4.751614
    2.501007    1.316402    0.692887    0.364700    0.191960
    0.101038    0.053181    0.027992    0.011197

    -0.000024     0.000005   0.00000000   0.00000000
     0.000233    -0.000160   0.00000000   0.00000000
    -0.002245     0.002296   0.00000000   0.00000000
     0.020877    -0.024432   0.00000000   0.00000000
    -0.090172     0.112596   0.00000000   0.00000000
     0.023170    -0.039514   0.00000000   0.00000000
     0.205899    -0.295539   0.00000000   0.00000000
     0.321552    -0.461445   0.00000000   0.00000000
     0.323472    -0.080208   0.00000000   0.00000000
     0.230789     0.499620   0.00000000   0.00000000
     0.111668     0.418172   0.00000000   0.00000000
     0.026522     0.115203   0.00000000   0.00000000
     0.001600     0.006691     1.000000   0.00000000
   0.00000000   0.00000000   0.00000000     1.000000

    0.476900    0.176800

     1.000000   0.00000000
   0.00000000     1.000000

W:aug-cc-pVQZ-ccECP
ccECP aug-cc-pVQZ for W | source recipes/W/ccECP/W.aug-cc-pVQZ.gamess | ccECP from Guangming Wang et al. Journal of Chemical Physics (2022) https://doi.org/10.1063/5.0087300

  6
    0    1    2    3    4    5
    7    7    6    4    3    2
   14   14   14    4    3    2

   74.376481   39.115990   20.571835   10.819115    5.689976
    2.992465    1.573794    0.827688    0.435297    0.228931
    0.120399    0.063320    0.033301    0.013320

    -0.001943     0.000543    -0.000723     0.001189    -0.003448   0.00000000
   0.00000000
     0.017833    -0.005268     0.007492    -0.012299     0.012403   0.00000000
   0.00000000
    -0.117540     0.036666    -0.054596     0.090706     0.012715   0.00000000
   0.00000000
     0.471463    -0.153622     0.233521    -0.397491    -0.193600   0.00000000
   0.00000000
    -0.655046     0.225025    -0.341100     0.605795     0.057617   0.00000000
   0.00000000
    -0.399173     0.140074    -0.249111     0.501906     1.980190   0.00000000
   0.00000000
     0.440734    -0.169850     0.263863    -0.857207    -3.521248   0.00000000
   0.00000000
     0.743098    -0.392735     0.951309    -2.459031    -1.542366   0.00000000
   0.00000000
     0.261234    -0.230076     0.314455     3.142185     9.303153   0.00000000
   0.00000000
     0.028154     0.050209    -1.462869     1.378958    -9.669727   0.00000000
   0.00000000
    -0.001891     0.441577    -0.753064    -2.606927     2.092967   0.00000000
   0.00000000
     0.001524     0.452557     0.479974    -0.912496     3.747935   0.00000000
   0.00000000
    -0.000367     0.285977     0.913763     1.669934    -2.554118     1.000000
   0.00000000
   0.00000000   0.00000000   0.00000000   0.00000000   0.00000000   0.00000000
     1.000000

   70.819882   37.221301   19.562660   10.281684    5.403817
    2.840122    1.492703    0.784530    0.412331    0.216712
    0.113899    0.059863    0.031462    0.012585

    -0.000490     0.000163     0.000303    -0.000287    -0.003145   0.00000000
   0.00000000
     0.003813    -0.001343    -0.002446    -0.000323     0.012985   0.00000000
   0.00000000
    -0.025616     0.009623     0.017437     0.019041    -0.015558   0.00000000
   0.00000000
     0.138740    -0.054556    -0.100369    -0.154508    -0.104533   0.00000000
   0.00000000
    -0.324560     0.133038     0.254215     0.432420     0.377080   0.00000000
   0.00000000
    -0.052031     0.016039     0.008313     0.127307     0.719006   0.00000000
   0.00000000
     0.389641    -0.166103    -0.306300    -1.400487    -4.461602   0.00000000
   0.00000000
     0.505922    -0.285080    -0.886702    -0.505955     6.226316   0.00000000
   0.00000000
     0.253444    -0.196871     0.536764     3.530620    -3.033959   0.00000000
   0.00000000
     0.053377     0.313765     1.436864    -2.620064    -2.069095   0.00000000
   0.00000000
     0.005287     0.600814    -0.560326    -0.404750     4.178160   0.00000000
   0.00000000
     0.001309     0.278010    -0.664182     0.899083    -2.215449   0.00000000
   0.00000000
    -0.000050     0.026886    -0.091688     0.172905     0.040468     1.000000
   0.00000000
   0.00000000   0.00000000   0.00000000   0.00000000   0.00000000   0.00000000
     1.000000

   61.907933   32.585172   17.151169    9.027499    4.751614
    2.501007    1.316402    0.692887    0.364700    0.191960
    0.101038    0.053181    0.027992    0.011197

    -0.000024     0.000005    -0.000179    -0.001192   0.00000000   0.00000000
     0.000233    -0.000160     0.000632     0.005075   0.00000000   0.00000000
    -0.002245     0.002296     0.000545    -0.011115   0.00000000   0.00000000
     0.020877    -0.024432    -0.026852    -0.011167   0.00000000   0.00000000
    -0.090172     0.112596     0.145145     0.167220   0.00000000   0.00000000
     0.023170    -0.039514    -0.035419     0.015095   0.00000000   0.00000000
     0.205899    -0.295539    -0.610909    -1.515591   0.00000000   0.00000000
     0.321552    -0.461445    -0.499162     1.242898   0.00000000   0.00000000
     0.323472    -0.080208     1.209396     1.191021   0.00000000   0.00000000
     0.230789     0.499620     0.263814    -2.283323   0.00000000   0.00000000
     0.111668     0.418172    -0.665665     0.787104   0.00000000   0.00000000
     0.026522     0.115203    -0.302443     0.389678   0.00000000   0.00000000
     0.001600     0.006691    -0.034465     0.120442     1.000000   0.00000000
   0.00000000   0.00000000   0.00000000   0.00000000   0.00000000     1.000000

    1.108900    0.433200    0.169200    0.062900

     1.000000   0.00000000   0.00000000   0.00000000
   0.00000000     1.000000   0.00000000   0.00000000
   0.00000000   0.00000000     1.000000   0.00000000
   0.00000000   0.00000000   0.00000000     1.000000

    1.081500    0.353300    0.133300

     1.000000   0.00000000   0.00000000
   0.00000000     1.000000   0.00000000
   0.00000000   0.00000000     1.000000

    0.683400    0.257900

     1.000000   0.00000000
   0.00000000     1.000000

W:aug-cc-pVTZ-ccECP
ccECP aug-cc-pVTZ for W | source recipes/W/ccECP/W.aug-cc-pVTZ.gamess | ccECP from Guangming Wang et al. Journal of Chemical Physics (2022) https://doi.org/10.1063/5.0087300

  5
    0    1    2    3    4
    6    6    5    3    2
   14   14   14    3    2

   74.376481   39.115990   20.571835   10.819115    5.689976
    2.992465    1.573794    0.827688    0.435297    0.228931
    0.120399    0.063320    0.033301    0.013320

    -0.001943     0.000543    -0.000723     0.001189   0.00000000   0.00000000
     0.017833    -0.005268     0.007492    -0.012299   0.00000000   0.00000000
    -0.117540     0.036666    -0.054596     0.090706   0.00000000   0.00000000
     0.471463    -0.153622     0.233521    -0.397491   0.00000000   0.00000000
    -0.655046     0.225025    -0.341100     0.605795   0.00000000   0.00000000
    -0.399173     0.140074    -0.249111     0.501906   0.00000000   0.00000000
     0.440734    -0.169850     0.263863    -0.857207   0.00000000   0.00000000
     0.743098    -0.392735     0.951309    -2.459031   0.00000000   0.00000000
     0.261234    -0.230076     0.314455     3.142185   0.00000000   0.00000000
     0.028154     0.050209    -1.462869     1.378958   0.00000000   0.00000000
    -0.001891     0.441577    -0.753064    -2.606927   0.00000000   0.00000000
     0.001524     0.452557     0.479974    -0.912496   0.00000000   0.00000000
    -0.000367     0.285977     0.913763     1.669934     1.000000   0.00000000
   0.00000000   0.00000000   0.00000000   0.00000000   0.00000000     1.000000

   70.819882   37.221301   19.562660   10.281684    5.403817
    2.840122    1.492703    0.784530    0.412331    0.216712
    0.113899    0.059863    0.031462    0.012585

    -0.000490     0.000163     0.000303    -0.000287   0.00000000   0.00000000
     0.003813    -0.001343    -0.002446    -0.000323   0.00000000   0.00000000
    -0.025616     0.009623     0.017437     0.019041   0.00000000   0.00000000
     0.138740    -0.054556    -0.100369    -0.154508   0.00000000   0.00000000
    -0.324560     0.133038     0.254215     0.432420   0.00000000   0.00000000
    -0.052031     0.016039     0.008313     0.127307   0.00000000   0.00000000
     0.389641    -0.166103    -0.306300    -1.400487   0.00000000   0.00000000
     0.505922    -0.285080    -0.886702    -0.505955   0.00000000   0.00000000
     0.253444    -0.196871     0.536764     3.530620   0.00000000   0.00000000
     0.053377     0.313765     1.436864    -2.620064   0.00000000   0.00000000
     0.005287     0.600814    -0.560326    -0.404750   0.00000000   0.00000000
     0.001309     0.278010    -0.664182     0.899083   0.00000000   0.00000000
    -0.000050     0.026886    -0.091688     0.172905     1.000000   0.00000000
   0.00000000   0.00000000   0.00000000   0.00000000   0.00000000     1.000000

   61.907933   32.585172   17.151169    9.027499    4.751614
    2.501007    1.316402    0.692887    0.364700    0.191960
    0.101038    0.053181    0.027992    0.011197

    -0.000024     0.000005    -0.000179   0.00000000   0.00000000
     0.000233    -0.000160     0.000632   0.00000000   0.00000000
    -0.002245     0.002296     0.000545   0.00000000   0.00000000
     0.020877    -0.024432    -0.026852   0.00000000   0.00000000
    -0.090172     0.112596     0.145145   0.00000000   0.00000000
     0.023170    -0.039514    -0.035419   0.00000000   0.00000000
     0.205899    -0.295539    -0.610909   0.00000000   0.00000000
     0.321552    -0.461445    -0.499162   0.00000000   0.00000000
     0.323472    -0.080208     1.209396   0.00000000   0.00000000
     0.230789     0.499620     0.263814   0.00000000   0.00000000
     0.111668     0.418172    -0.665665   0.00000000   0.00000000
     0.026522     0.115203    -0.302443   0.00000000   0.00000000
     0.001600     0.006691    -0.034465     1.000000   0.00000000
   0.00000000   0.00000000   0.00000000   0.00000000     1.000000

    0.826600    0.256000    0.091300

     1.000000   0.00000000   0.00000000
   0.00000000     1.000000   0.00000000
   0.00000000   0.00000000     1.000000

    0.620500    0.228600

     1.000000   0.00000000
   0.00000000     1.000000

W:cc-pCV5Z-ccECP
ccECP cc-pCV5Z for W | source recipes/W/ccECP/W.cc-pCV5Z.gamess | ccECP from Guangming Wang et al. Journal of Chemical Physics (2022) https://doi.org/10.1063/5.0087300

  7
    0    1    2    3    4    5    6
    9    9    8    5    4    3    2
   15   15   15    5    4    3    2

   74.376481   39.115990   20.571835   10.819115    5.689976
    4.760000    2.992465    2.800000    1.573794    0.827688
    0.435297    0.228931    0.120399    0.063320    0.033301

    -0.001943     0.000543    -0.000723     0.001189    -0.003448    -0.007198
   0.00000000   0.00000000   0.00000000
     0.017833    -0.005268     0.007492    -0.012299     0.012403     0.028788
   0.00000000   0.00000000   0.00000000
    -0.117540     0.036666    -0.054596     0.090706     0.012715    -0.004903
   0.00000000   0.00000000   0.00000000
     0.471463    -0.153622     0.233521    -0.397491    -0.193600    -0.284520
   0.00000000   0.00000000   0.00000000
    -0.655046     0.225025    -0.341100     0.605795     0.057617     0.103448
   0.00000000   0.00000000   0.00000000
   0.00000000   0.00000000   0.00000000   0.00000000   0.00000000   0.00000000
   0.00000000     1.000000   0.00000000
    -0.399173     0.140074    -0.249111     0.501906     1.980190     4.211131
   0.00000000   0.00000000   0.00000000
   0.00000000   0.00000000   0.00000000   0.00000000   0.00000000   0.00000000
   0.00000000   0.00000000     1.000000
     0.440734    -0.169850     0.263863    -0.857207    -3.521248   -12.780355
   0.00000000   0.00000000   0.00000000
     0.743098    -0.392735     0.951309    -2.459031    -1.542366    16.345474
   0.00000000   0.00000000   0.00000000
     0.261234    -0.230076     0.314455     3.142185     9.303153    -9.463902
   0.00000000   0.00000000   0.00000000
     0.028154     0.050209    -1.462869     1.378958    -9.669727    -2.778531
   0.00000000   0.00000000   0.00000000
    -0.001891     0.441577    -0.753064    -2.606927     2.092967    10.902513
   0.00000000   0.00000000   0.00000000
     0.001524     0.452557     0.479974    -0.912496     3.747935    -9.851572
   0.00000000   0.00000000   0.00000000
    -0.000367     0.285977     0.913763     1.669934    -2.554118     3.605315
     1.000000   0.00000000   0.00000000

   70.819882   37.221301   19.562660   10.281684    5.403817
    4.691800    2.933700    2.840122    1.492703    0.784530
    0.412331    0.216712    0.113899    0.059863    0.031462

    -0.000490     0.000163     0.000303    -0.000287    -0.003145    -0.009862
   0.00000000   0.00000000   0.00000000
     0.003813    -0.001343    -0.002446    -0.000323     0.012985     0.049919
   0.00000000   0.00000000   0.00000000
    -0.025616     0.009623     0.017437     0.019041    -0.015558    -0.176523
   0.00000000   0.00000000   0.00000000
     0.138740    -0.054556    -0.100369    -0.154508    -0.104533     0.617598
   0.00000000   0.00000000   0.00000000
    -0.324560     0.133038     0.254215     0.432420     0.377080    -1.643567
   0.00000000   0.00000000   0.00000000
   0.00000000   0.00000000   0.00000000   0.00000000   0.00000000   0.00000000
   0.00000000     1.000000   0.00000000
   0.00000000   0.00000000   0.00000000   0.00000000   0.00000000   0.00000000
   0.00000000   0.00000000     1.000000
    -0.052031     0.016039     0.008313     0.127307     0.719006     1.655354
   0.00000000   0.00000000   0.00000000
     0.389641    -0.166103    -0.306300    -1.400487    -4.461602     2.387718
   0.00000000   0.00000000   0.00000000
     0.505922    -0.285080    -0.886702    -0.505955     6.226316    -8.580390
   0.00000000   0.00000000   0.00000000
     0.253444    -0.196871     0.536764     3.530620    -3.033959    12.973874
   0.00000000   0.00000000   0.00000000
     0.053377     0.313765     1.436864    -2.620064    -2.069095   -13.123983
   0.00000000   0.00000000   0.00000000
     0.005287     0.600814    -0.560326    -0.404750     4.178160     8.988283
   0.00000000   0.00000000   0.00000000
     0.001309     0.278010    -0.664182     0.899083    -2.215449    -3.325943
   0.00000000   0.00000000   0.00000000
    -0.000050     0.026886    -0.091688     0.172905     0.040468     0.162004
     1.000000   0.00000000   0.00000000

   61.907933   32.585172   17.151169    9.027499    4.751614
    3.909000    2.501007    2.445100    1.316402    0.692887
    0.364700    0.191960    0.101038    0.053181    0.027992

    -0.000024     0.000005    -0.000179    -0.001192     0.000666   0.00000000
   0.00000000   0.00000000
     0.000233    -0.000160     0.000632     0.005075    -0.003231   0.00000000
   0.00000000   0.00000000
    -0.002245     0.002296     0.000545    -0.011115     0.013751   0.00000000
   0.00000000   0.00000000
     0.020877    -0.024432    -0.026852    -0.011167    -0.088681   0.00000000
   0.00000000   0.00000000
    -0.090172     0.112596     0.145145     0.167220     0.432719   0.00000000
   0.00000000   0.00000000
   0.00000000   0.00000000   0.00000000   0.00000000   0.00000000   0.00000000
     1.000000   0.00000000
     0.023170    -0.039514    -0.035419     0.015095    -0.496755   0.00000000
   0.00000000   0.00000000
   0.00000000   0.00000000   0.00000000   0.00000000   0.00000000   0.00000000
   0.00000000     1.000000
     0.205899    -0.295539    -0.610909    -1.515591    -1.869884   0.00000000
   0.00000000   0.00000000
     0.321552    -0.461445    -0.499162     1.242898     4.519622   0.00000000
   0.00000000   0.00000000
     0.323472    -0.080208     1.209396     1.191021    -4.549621   0.00000000
   0.00000000   0.00000000
     0.230789     0.499620     0.263814    -2.283323     1.997248   0.00000000
   0.00000000   0.00000000
     0.111668     0.418172    -0.665665     0.787104     0.590398   0.00000000
   0.00000000   0.00000000
     0.026522     0.115203    -0.302443     0.389678    -0.875841   0.00000000
   0.00000000   0.00000000
     0.001600     0.006691    -0.034465     0.120442    -0.121609     1.000000
   0.00000000   0.00000000

    2.088100    1.152400    0.636000    0.351000    0.130000

     1.000000   0.00000000   0.00000000   0.00000000   0.00000000
   0.00000000     1.000000   0.00000000   0.00000000   0.00000000
   0.00000000   0.00000000     1.000000   0.00000000   0.00000000
   0.00000000   0.00000000   0.00000000     1.000000   0.00000000
   0.00000000   0.00000000   0.00000000   0.00000000     1.000000

    2.348500    1.243400    0.658400    0.246500

     1.000000   0.00000000   0.00000000   0.00000000
   0.00000000     1.000000   0.00000000   0.00000000
   0.00000000   0.00000000     1.000000   0.00000000
   0.00000000   0.00000000   0.00000000     1.000000

    2.204700    1.126200    0.422200

     1.000000   0.00000000   0.00000000
   0.00000000     1.000000   0.00000000
   0.00000000   0.00000000     1.000000

    2.062300    0.804800

     1.000000   0.00000000
   0.00000000     1.000000

W:cc-pCVDZ-ccECP
ccECP cc-pCVDZ for W | source recipes/W/ccECP/W.cc-pCVDZ.gamess | ccECP from Guangming Wang et al. Journal of Chemical Physics (2022) https://doi.org/10.1063/5.0087300

  4
    0    1    2    3
    5    5    4    2
   14   14   14    2

   74.376481   39.115990   20.571835   10.819115    5.689976
    2.992465    1.573794    1.403900    0.827688    0.435297
    0.228931    0.120399    0.063320    0.033301

    -0.001943     0.000543    -0.000723   0.00000000   0.00000000
     0.017833    -0.005268     0.007492   0.00000000   0.00000000
    -0.117540     0.036666    -0.054596   0.00000000   0.00000000
     0.471463    -0.153622     0.233521   0.00000000   0.00000000
    -0.655046     0.225025    -0.341100   0.00000000   0.00000000
    -0.399173     0.140074    -0.249111   0.00000000   0.00000000
     0.440734    -0.169850     0.263863   0.00000000   0.00000000
   0.00000000   0.00000000   0.00000000   0.00000000     1.000000
     0.743098    -0.392735     0.951309   0.00000000   0.00000000
     0.261234    -0.230076     0.314455   0.00000000   0.00000000
     0.028154     0.050209    -1.462869   0.00000000   0.00000000
    -0.001891     0.441577    -0.753064   0.00000000   0.00000000
     0.001524     0.452557     0.479974   0.00000000   0.00000000
    -0.000367     0.285977     0.913763     1.000000   0.00000000

   70.819882   37.221301   19.562660   10.281684    5.403817
    2.840122    1.978700    1.492703    0.784530    0.412331
    0.216712    0.113899    0.059863    0.031462

    -0.000490     0.000163     0.000303   0.00000000   0.00000000
     0.003813    -0.001343    -0.002446   0.00000000   0.00000000
    -0.025616     0.009623     0.017437   0.00000000   0.00000000
     0.138740    -0.054556    -0.100369   0.00000000   0.00000000
    -0.324560     0.133038     0.254215   0.00000000   0.00000000
    -0.052031     0.016039     0.008313   0.00000000   0.00000000
   0.00000000   0.00000000   0.00000000   0.00000000     1.000000
     0.389641    -0.166103    -0.306300   0.00000000   0.00000000
     0.505922    -0.285080    -0.886702   0.00000000   0.00000000
     0.253444    -0.196871     0.536764   0.00000000   0.00000000
     0.053377     0.313765     1.436864   0.00000000   0.00000000
     0.005287     0.600814    -0.560326   0.00000000   0.00000000
     0.001309     0.278010    -0.664182   0.00000000   0.00000000
    -0.000050     0.026886    -0.091688     1.000000   0.00000000

   61.907933   32.585172   17.151169    9.027499    4.751614
    2.501007    1.339800    1.316402    0.692887    0.364700
    0.191960    0.101038    0.053181    0.027992

    -0.000024     0.000005   0.00000000   0.00000000
     0.000233    -0.000160   0.00000000   0.00000000
    -0.002245     0.002296   0.00000000   0.00000000
     0.020877    -0.024432   0.00000000   0.00000000
    -0.090172     0.112596   0.00000000   0.00000000
     0.023170    -0.039514   0.00000000   0.00000000
   0.00000000   0.00000000   0.00000000     1.000000
     0.205899    -0.295539   0.00000000   0.00000000
     0.321552    -0.461445   0.00000000   0.00000000
     0.323472    -0.080208   0.00000000   0.00000000
     0.230789     0.499620   0.00000000   0.00000000
     0.111668     0.418172   0.00000000   0.00000000
     0.026522     0.115203   0.00000000   0.00000000
     0.001600     0.006691     1.000000   0.00000000

    1.286100    0.476900

     1.000000   0.00000000
   0.00000000     1.000000

W:cc-pCVQZ-ccECP
ccECP cc-pCVQZ for W | source recipes/W/ccECP/W.cc-pCVQZ.gamess | ccECP from Guangming Wang et al. Journal of Chemical Physics (2022) https://doi.org/10.1063/5.0087300

  6
    0    1    2    3    4    5
    8    8    7    4    3    2
   15   15   15    4    3    2

   74.376481   39.115990   20.571835   10.819115    5.689976
    2.992465    1.573794    0.827688    0.667600    0.435297
    0.417600    0.228931    0.120399    0.063320    0.033301

    -0.001943     0.000543    -0.000723     0.001189    -0.003448   0.00000000
   0.00000000   0.00000000
     0.017833    -0.005268     0.007492    -0.012299     0.012403   0.00000000
   0.00000000   0.00000000
    -0.117540     0.036666    -0.054596     0.090706     0.012715   0.00000000
   0.00000000   0.00000000
     0.471463    -0.153622     0.233521    -0.397491    -0.193600   0.00000000
   0.00000000   0.00000000
    -0.655046     0.225025    -0.341100     0.605795     0.057617   0.00000000
   0.00000000   0.00000000
    -0.399173     0.140074    -0.249111     0.501906     1.980190   0.00000000
   0.00000000   0.00000000
     0.440734    -0.169850     0.263863    -0.857207    -3.521248   0.00000000
   0.00000000   0.00000000
     0.743098    -0.392735     0.951309    -2.459031    -1.542366   0.00000000
   0.00000000   0.00000000
   0.00000000   0.00000000   0.00000000   0.00000000   0.00000000   0.00000000
     1.000000   0.00000000
     0.261234    -0.230076     0.314455     3.142185     9.303153   0.00000000
   0.00000000   0.00000000
   0.00000000   0.00000000   0.00000000   0.00000000   0.00000000   0.00000000
   0.00000000     1.000000
     0.028154     0.050209    -1.462869     1.378958    -9.669727   0.00000000
   0.00000000   0.00000000
    -0.001891     0.441577    -0.753064    -2.606927     2.092967   0.00000000
   0.00000000   0.00000000
     0.001524     0.452557     0.479974    -0.912496     3.747935   0.00000000
   0.00000000   0.00000000
    -0.000367     0.285977     0.913763     1.669934    -2.554118     1.000000
   0.00000000   0.00000000

   70.819882   37.221301   19.562660   10.281684    5.403817
    2.840122    1.808000    1.492703    1.130000    0.784530
    0.412331    0.216712    0.113899    0.059863    0.031462

    -0.000490     0.000163     0.000303    -0.000287    -0.003145   0.00000000
   0.00000000   0.00000000
     0.003813    -0.001343    -0.002446    -0.000323     0.012985   0.00000000
   0.00000000   0.00000000
    -0.025616     0.009623     0.017437     0.019041    -0.015558   0.00000000
   0.00000000   0.00000000
     0.138740    -0.054556    -0.100369    -0.154508    -0.104533   0.00000000
   0.00000000   0.00000000
    -0.324560     0.133038     0.254215     0.432420     0.377080   0.00000000
   0.00000000   0.00000000
    -0.052031     0.016039     0.008313     0.127307     0.719006   0.00000000
   0.00000000   0.00000000
   0.00000000   0.00000000   0.00000000   0.00000000   0.00000000   0.00000000
     1.000000   0.00000000
     0.389641    -0.166103    -0.306300    -1.400487    -4.461602   0.00000000
   0.00000000   0.00000000
   0.00000000   0.00000000   0.00000000   0.00000000   0.00000000   0.00000000
   0.00000000     1.000000
     0.505922    -0.285080    -0.886702    -0.505955     6.226316   0.00000000
   0.00000000   0.00000000
     0.253444    -0.196871     0.536764     3.530620    -3.033959   0.00000000
   0.00000000   0.00000000
     0.053377     0.313765     1.436864    -2.620064    -2.069095   0.00000000
   0.00000000   0.00000000
     0.005287     0.600814    -0.560326    -0.404750     4.178160   0.00000000
   0.00000000   0.00000000
     0.001309     0.278010    -0.664182     0.899083    -2.215449   0.00000000
   0.00000000   0.00000000
    -0.000050     0.026886    -0.091688     0.172905     0.040468     1.000000
   0.00000000   0.00000000

   61.907933   32.585172   17.151169    9.027499    4.751614
    2.684500    2.501007    1.316402    0.929000    0.692887
    0.364700    0.191960    0.101038    0.053181    0.027992

    -0.000024     0.000005    -0.000179    -0.001192   0.00000000   0.00000000
   0.00000000
     0.000233    -0.000160     0.000632     0.005075   0.00000000   0.00000000
   0.00000000
    -0.002245     0.002296     0.000545    -0.011115   0.00000000   0.00000000
   0.00000000
     0.020877    -0.024432    -0.026852    -0.011167   0.00000000   0.00000000
   0.00000000
    -0.090172     0.112596     0.145145     0.167220   0.00000000   0.00000000
   0.00000000
   0.00000000   0.00000000   0.00000000   0.00000000   0.00000000     1.000000
   0.00000000
     0.023170    -0.039514    -0.035419     0.015095   0.00000000   0.00000000
   0.00000000
     0.205899    -0.295539    -0.610909    -1.515591   0.00000000   0.00000000
   0.00000000
   0.00000000   0.00000000   0.00000000   0.00000000   0.00000000   0.00000000
     1.000000
     0.321552    -0.461445    -0.499162     1.242898   0.00000000   0.00000000
   0.00000000
     0.323472    -0.080208     1.209396     1.191021   0.00000000   0.00000000
   0.00000000
     0.230789     0.499620     0.263814    -2.283323   0.00000000   0.00000000
   0.00000000
     0.111668     0.418172    -0.665665     0.787104   0.00000000   0.00000000
   0.00000000
     0.026522     0.115203    -0.302443     0.389678   0.00000000   0.00000000
   0.00000000
     0.001600     0.006691    -0.034465     0.120442     1.000000   0.00000000
   0.00000000

    1.701400    0.880100    0.455200    0.169200

     1.000000   0.00000000   0.00000000   0.00000000
   0.00000000     1.000000   0.00000000   0.00000000
   0.00000000   0.00000000     1.000000   0.00000000
   0.00000000   0.00000000   0.00000000     1.000000

    2.018600    0.936300    0.353300

     1.000000   0.00000000   0.00000000
   0.00000000     1.000000   0.00000000
   0.00000000   0.00000000     1.000000

    1.810900    0.683400

     1.000000   0.00000000
   0.00000000     1.000000

W:cc-pCVTZ-ccECP
ccECP cc-pCVTZ for W | source recipes/W/ccECP/W.cc-pCVTZ.gamess | ccECP from Guangming Wang et al. Journal of Chemical Physics (2022) https://doi.org/10.1063/5.0087300

  5
    0    1    2    3    4
    7    7    6    3    2
   15   15   15    3    2

   74.376481   39.115990   20.571835   10.819115    5.689976
    2.992465    1.573794    1.497400    0.937300    0.827688
    0.435297    0.228931    0.120399    0.063320    0.033301

    -0.001943     0.000543    -0.000723     0.001189   0.00000000   0.00000000
   0.00000000
     0.017833    -0.005268     0.007492    -0.012299   0.00000000   0.00000000
   0.00000000
    -0.117540     0.036666    -0.054596     0.090706   0.00000000   0.00000000
   0.00000000
     0.471463    -0.153622     0.233521    -0.397491   0.00000000   0.00000000
   0.00000000
    -0.655046     0.225025    -0.341100     0.605795   0.00000000   0.00000000
   0.00000000
    -0.399173     0.140074    -0.249111     0.501906   0.00000000   0.00000000
   0.00000000
     0.440734    -0.169850     0.263863    -0.857207   0.00000000   0.00000000
   0.00000000
   0.00000000   0.00000000   0.00000000   0.00000000   0.00000000     1.000000
   0.00000000
   0.00000000   0.00000000   0.00000000   0.00000000   0.00000000   0.00000000
     1.000000
     0.743098    -0.392735     0.951309    -2.459031   0.00000000   0.00000000
   0.00000000
     0.261234    -0.230076     0.314455     3.142185   0.00000000   0.00000000
   0.00000000
     0.028154     0.050209    -1.462869     1.378958   0.00000000   0.00000000
   0.00000000
    -0.001891     0.441577    -0.753064    -2.606927   0.00000000   0.00000000
   0.00000000
     0.001524     0.452557     0.479974    -0.912496   0.00000000   0.00000000
   0.00000000
    -0.000367     0.285977     0.913763     1.669934     1.000000   0.00000000
   0.00000000

   70.819882   37.221301   19.562660   10.281684    5.403817
    2.840122    1.843800    1.492703    0.784530    0.728600
    0.412331    0.216712    0.113899    0.059863    0.031462

    -0.000490     0.000163     0.000303    -0.000287   0.00000000   0.00000000
   0.00000000
     0.003813    -0.001343    -0.002446    -0.000323   0.00000000   0.00000000
   0.00000000
    -0.025616     0.009623     0.017437     0.019041   0.00000000   0.00000000
   0.00000000
     0.138740    -0.054556    -0.100369    -0.154508   0.00000000   0.00000000
   0.00000000
    -0.324560     0.133038     0.254215     0.432420   0.00000000   0.00000000
   0.00000000
    -0.052031     0.016039     0.008313     0.127307   0.00000000   0.00000000
   0.00000000
   0.00000000   0.00000000   0.00000000   0.00000000   0.00000000     1.000000
   0.00000000
     0.389641    -0.166103    -0.306300    -1.400487   0.00000000   0.00000000
   0.00000000
     0.505922    -0.285080    -0.886702    -0.505955   0.00000000   0.00000000
   0.00000000
   0.00000000   0.00000000   0.00000000   0.00000000   0.00000000   0.00000000
     1.000000
     0.253444    -0.196871     0.536764     3.530620   0.00000000   0.00000000
   0.00000000
     0.053377     0.313765     1.436864    -2.620064   0.00000000   0.00000000
   0.00000000
     0.005287     0.600814    -0.560326    -0.404750   0.00000000   0.00000000
   0.00000000
     0.001309     0.278010    -0.664182     0.899083   0.00000000   0.00000000
   0.00000000
    -0.000050     0.026886    -0.091688     0.172905     1.000000   0.00000000
   0.00000000

   61.907933   32.585172   17.151169    9.027499    4.751614
    2.501007    2.425800    1.316402    0.709300    0.692887
    0.364700    0.191960    0.101038    0.053181    0.027992

    -0.000024     0.000005    -0.000179   0.00000000   0.00000000   0.00000000
     0.000233    -0.000160     0.000632   0.00000000   0.00000000   0.00000000
    -0.002245     0.002296     0.000545   0.00000000   0.00000000   0.00000000
     0.020877    -0.024432    -0.026852   0.00000000   0.00000000   0.00000000
    -0.090172     0.112596     0.145145   0.00000000   0.00000000   0.00000000
     0.023170    -0.039514    -0.035419   0.00000000   0.00000000   0.00000000
   0.00000000   0.00000000   0.00000000   0.00000000     1.000000   0.00000000
     0.205899    -0.295539    -0.610909   0.00000000   0.00000000   0.00000000
   0.00000000   0.00000000   0.00000000   0.00000000   0.00000000     1.000000
     0.321552    -0.461445    -0.499162   0.00000000   0.00000000   0.00000000
     0.323472    -0.080208     1.209396   0.00000000   0.00000000   0.00000000
     0.230789     0.499620     0.263814   0.00000000   0.00000000   0.00000000
     0.111668     0.418172    -0.665665   0.00000000   0.00000000   0.00000000
     0.026522     0.115203    -0.302443   0.00000000   0.00000000   0.00000000
     0.001600     0.006691    -0.034465     1.000000   0.00000000   0.00000000

    1.512700    0.718100    0.256000

     1.000000   0.00000000   0.00000000
   0.00000000     1.000000   0.00000000
   0.00000000   0.00000000     1.000000

    1.684300    0.620500

     1.000000   0.00000000
   0.00000000     1.000000

W:cc-pV5Z-ccECP
ccECP cc-pV5Z for W | source recipes/W/ccECP/W.cc-pV5Z.gamess | ccECP from Guangming Wang et al. Journal of Chemical Physics (2022) https://doi.org/10.1063/5.0087300

  7
    0    1    2    3    4    5    6
    7    7    6    4    3    2    1
   13   13   13    4    3    2    1

   74.376481   39.115990   20.571835   10.819115    5.689976
    2.992465    1.573794    0.827688    0.435297    0.228931
    0.120399    0.063320    0.033301

    -0.001943     0.000543    -0.000723     0.001189    -0.003448    -0.007198
   0.00000000
     0.017833    -0.005268     0.007492    -0.012299     0.012403     0.028788
   0.00000000
    -0.117540     0.036666    -0.054596     0.090706     0.012715    -0.004903
   0.00000000
     0.471463    -0.153622     0.233521    -0.397491    -0.193600    -0.284520
   0.00000000
    -0.655046     0.225025    -0.341100     0.605795     0.057617     0.103448
   0.00000000
    -0.399173     0.140074    -0.249111     0.501906     1.980190     4.211131
   0.00000000
     0.440734    -0.169850     0.263863    -0.857207    -3.521248   -12.780355
   0.00000000
     0.743098    -0.392735     0.951309    -2.459031    -1.542366    16.345474
   0.00000000
     0.261234    -0.230076     0.314455     3.142185     9.303153    -9.463902
   0.00000000
     0.028154     0.050209    -1.462869     1.378958    -9.669727    -2.778531
   0.00000000
    -0.001891     0.441577    -0.753064    -2.606927     2.092967    10.902513
   0.00000000
     0.001524     0.452557     0.479974    -0.912496     3.747935    -9.851572
   0.00000000
    -0.000367     0.285977     0.913763     1.669934    -2.554118     3.605315
     1.000000

   70.819882   37.221301   19.562660   10.281684    5.403817
    2.840122    1.492703    0.784530    0.412331    0.216712
    0.113899    0.059863    0.031462

    -0.000490     0.000163     0.000303    -0.000287    -0.003145    -0.009862
   0.00000000
     0.003813    -0.001343    -0.002446    -0.000323     0.012985     0.049919
   0.00000000
    -0.025616     0.009623     0.017437     0.019041    -0.015558    -0.176523
   0.00000000
     0.138740    -0.054556    -0.100369    -0.154508    -0.104533     0.617598
   0.00000000
    -0.324560     0.133038     0.254215     0.432420     0.377080    -1.643567
   0.00000000
    -0.052031     0.016039     0.008313     0.127307     0.719006     1.655354
   0.00000000
     0.389641    -0.166103    -0.306300    -1.400487    -4.461602     2.387718
   0.00000000
     0.505922    -0.285080    -0.886702    -0.505955     6.226316    -8.580390
   0.00000000
     0.253444    -0.196871     0.536764     3.530620    -3.033959    12.973874
   0.00000000
     0.053377     0.313765     1.436864    -2.620064    -2.069095   -13.123983
   0.00000000
     0.005287     0.600814    -0.560326    -0.404750     4.178160     8.988283
   0.00000000
     0.001309     0.278010    -0.664182     0.899083    -2.215449    -3.325943
   0.00000000
    -0.000050     0.026886    -0.091688     0.172905     0.040468     0.162004
     1.000000

   61.907933   32.585172   17.151169    9.027499    4.751614
    2.501007    1.316402    0.692887    0.364700    0.191960
    0.101038    0.053181    0.027992

    -0.000024     0.000005    -0.000179    -0.001192     0.000666   0.00000000
     0.000233    -0.000160     0.000632     0.005075    -0.003231   0.00000000
    -0.002245     0.002296     0.000545    -0.011115     0.013751   0.00000000
     0.020877    -0.024432    -0.026852    -0.011167    -0.088681   0.00000000
    -0.090172     0.112596     0.145145     0.167220     0.432719   0.00000000
     0.023170    -0.039514    -0.035419     0.015095    -0.496755   0.00000000
     0.205899    -0.295539    -0.610909    -1.515591    -1.869884   0.00000000
     0.321552    -0.461445    -0.499162     1.242898     4.519622   0.00000000
     0.323472    -0.080208     1.209396     1.191021    -4.549621   0.00000000
     0.230789     0.499620     0.263814    -2.283323     1.997248   0.00000000
     0.111668     0.418172    -0.665665     0.787104     0.590398   0.00000000
     0.026522     0.115203    -0.302443     0.389678    -0.875841   0.00000000
     0.001600     0.006691    -0.034465     0.120442    -0.121609     1.000000

    1.349500    0.618700    0.283600    0.130000

     1.000000   0.00000000   0.00000000   0.00000000
   0.00000000     1.000000   0.00000000   0.00000000
   0.00000000   0.00000000     1.000000   0.00000000
   0.00000000   0.00000000   0.00000000     1.000000

    1.540600    0.616200    0.246500

     1.000000   0.00000000   0.00000000
   0.00000000     1.000000   0.00000000
   0.00000000   0.00000000     1.000000

    1.171400    0.422200

     1.000000   0.00000000
   0.00000000     1.000000

    0.804800

     1.000000

W:cc-pVDZ-ccECP
ccECP cc-pVDZ for W | source recipes/W/ccECP/W.cc-pVDZ.gamess | ccECP from Guangming Wang et al. Journal of Chemical Physics (2022) https://doi.org/10.1063/5.0087300

  4
    0    1    2    3
    4    4    3    1
   13   13   13    1

   74.376481   39.115990   20.571835   10.819115    5.689976
    2.992465    1.573794    0.827688    0.435297    0.228931
    0.120399    0.063320    0.033301

    -0.001943     0.000543    -0.000723   0.00000000
     0.017833    -0.005268     0.007492   0.00000000
    -0.117540     0.036666    -0.054596   0.00000000
     0.471463    -0.153622     0.233521   0.00000000
    -0.655046     0.225025    -0.341100   0.00000000
    -0.399173     0.140074    -0.249111   0.00000000
     0.440734    -0.169850     0.263863   0.00000000
     0.743098    -0.392735     0.951309   0.00000000
     0.261234    -0.230076     0.314455   0.00000000
     0.028154     0.050209    -1.462869   0.00000000
    -0.001891     0.441577    -0.753064   0.00000000
     0.001524     0.452557     0.479974   0.00000000
    -0.000367     0.285977     0.913763     1.000000

   70.819882   37.221301   19.562660   10.281684    5.403817
    2.840122    1.492703    0.784530    0.412331    0.216712
    0.113899    0.059863    0.031462

    -0.000490     0.000163     0.000303   0.00000000
     0.003813    -0.001343    -0.002446   0.00000000
    -0.025616     0.009623     0.017437   0.00000000
     0.138740    -0.054556    -0.100369   0.00000000
    -0.324560     0.133038     0.254215   0.00000000
    -0.052031     0.016039     0.008313   0.00000000
     0.389641    -0.166103    -0.306300   0.00000000
     0.505922    -0.285080    -0.886702   0.00000000
     0.253444    -0.196871     0.536764   0.00000000
     0.053377     0.313765     1.436864   0.00000000
     0.005287     0.600814    -0.560326   0.00000000
     0.001309     0.278010    -0.664182   0.00000000
    -0.000050     0.026886    -0.091688     1.000000

   61.907933   32.585172   17.151169    9.027499    4.751614
    2.501007    1.316402    0.692887    0.364700    0.191960
    0.101038    0.053181    0.027992

    -0.000024     0.000005   0.00000000
     0.000233    -0.000160   0.00000000
    -0.002245     0.002296   0.00000000
     0.020877    -0.024432   0.00000000
    -0.090172     0.112596   0.00000000
     0.023170    -0.039514   0.00000000
     0.205899    -0.295539   0.00000000
     0.321552    -0.461445   0.00000000
     0.323472    -0.080208   0.00000000
     0.230789     0.499620   0.00000000
     0.111668     0.418172   0.00000000
     0.026522     0.115203   0.00000000
     0.001600     0.006691     1.000000

    0.476900

     1.000000

W:cc-pVQZ-ccECP
ccECP cc-pVQZ for W | source recipes/W/ccECP/W.cc-pVQZ.gamess | ccECP from Guangming Wang et al. Journal of Chemical Physics (2022) https://doi.org/10.1063/5.0087300

  6
    0    1    2    3    4    5
    6    6    5    3    2    1
   13   13   13    3    2    1

   74.376481   39.115990   20.571835   10.819115    5.689976
    2.992465    1.573794    0.827688    0.435297    0.228931
    0.120399    0.063320    0.033301

    -0.001943     0.000543    -0.000723     0.001189    -0.003448   0.00000000
     0.017833    -0.005268     0.007492    -0.012299     0.012403   0.00000000
    -0.117540     0.036666    -0.054596     0.090706     0.012715   0.00000000
     0.471463    -0.153622     0.233521    -0.397491    -0.193600   0.00000000
    -0.655046     0.225025    -0.341100     0.605795     0.057617   0.00000000
    -0.399173     0.140074    -0.249111     0.501906     1.980190   0.00000000
     0.440734    -0.169850     0.263863    -0.857207    -3.521248   0.00000000
     0.743098    -0.392735     0.951309    -2.459031    -1.542366   0.00000000
     0.261234    -0.230076     0.314455     3.142185     9.303153   0.00000000
     0.028154     0.050209    -1.462869     1.378958    -9.669727   0.00000000
    -0.001891     0.441577    -0.753064    -2.606927     2.092967   0.00000000
     0.001524     0.452557     0.479974    -0.912496     3.747935   0.00000000
    -0.000367     0.285977     0.913763     1.669934    -2.554118     1.000000

   70.819882   37.221301   19.562660   10.281684    5.403817
    2.840122    1.492703    0.784530    0.412331    0.216712
    0.113899    0.059863    0.031462

    -0.000490     0.000163     0.000303    -0.000287    -0.003145   0.00000000
     0.003813    -0.001343    -0.002446    -0.000323     0.012985   0.00000000
    -0.025616     0.009623     0.017437     0.019041    -0.015558   0.00000000
     0.138740    -0.054556    -0.100369    -0.154508    -0.104533   0.00000000
    -0.324560     0.133038     0.254215     0.432420     0.377080   0.00000000
    -0.052031     0.016039     0.008313     0.127307     0.719006   0.00000000
     0.389641    -0.166103    -0.306300    -1.400487    -4.461602   0.00000000
     0.505922    -0.285080    -0.886702    -0.505955     6.226316   0.00000000
     0.253444    -0.196871     0.536764     3.530620    -3.033959   0.00000000
     0.053377     0.313765     1.436864    -2.620064    -2.069095   0.00000000
     0.005287     0.600814    -0.560326    -0.404750     4.178160   0.00000000
     0.001309     0.278010    -0.664182     0.899083    -2.215449   0.00000000
    -0.000050     0.026886    -0.091688     0.172905     0.040468     1.000000

   61.907933   32.585172   17.151169    9.027499    4.751614
    2.501007    1.316402    0.692887    0.364700    0.191960
    0.101038    0.053181    0.027992

    -0.000024     0.000005    -0.000179    -0.001192   0.00000000
     0.000233    -0.000160     0.000632     0.005075   0.00000000
    -0.002245     0.002296     0.000545    -0.011115   0.00000000
     0.020877    -0.024432    -0.026852    -0.011167   0.00000000
    -0.090172     0.112596     0.145145     0.167220   0.00000000
     0.023170    -0.039514    -0.035419     0.015095   0.00000000
     0.205899    -0.295539    -0.610909    -1.515591   0.00000000
     0.321552    -0.461445    -0.499162     1.242898   0.00000000
     0.323472    -0.080208     1.209396     1.191021   0.00000000
     0.230789     0.499620     0.263814    -2.283323   0.00000000
     0.111668     0.418172    -0.665665     0.787104   0.00000000
     0.026522     0.115203    -0.302443     0.389678   0.00000000
     0.001600     0.006691    -0.034465     0.120442     1.000000

    1.108900    0.433200    0.169200

     1.000000   0.00000000   0.00000000
   0.00000000     1.000000   0.00000000
   0.00000000   0.00000000     1.000000

    1.081500    0.353300

     1.000000   0.00000000
   0.00000000     1.000000

    0.683400

     1.000000

W:cc-pVTZ-ccECP
ccECP cc-pVTZ for W | source recipes/W/ccECP/W.cc-pVTZ.gamess | ccECP from Guangming Wang et al. Journal of Chemical Physics (2022) https://doi.org/10.1063/5.0087300

  5
    0    1    2    3    4
    5    5    4    2    1
   13   13   13    2    1

   74.376481   39.115990   20.571835   10.819115    5.689976
    2.992465    1.573794    0.827688    0.435297    0.228931
    0.120399    0.063320    0.033301

    -0.001943     0.000543    -0.000723     0.001189   0.00000000
     0.017833    -0.005268     0.007492    -0.012299   0.00000000
    -0.117540     0.036666    -0.054596     0.090706   0.00000000
     0.471463    -0.153622     0.233521    -0.397491   0.00000000
    -0.655046     0.225025    -0.341100     0.605795   0.00000000
    -0.399173     0.140074    -0.249111     0.501906   0.00000000
     0.440734    -0.169850     0.263863    -0.857207   0.00000000
     0.743098    -0.392735     0.951309    -2.459031   0.00000000
     0.261234    -0.230076     0.314455     3.142185   0.00000000
     0.028154     0.050209    -1.462869     1.378958   0.00000000
    -0.001891     0.441577    -0.753064    -2.606927   0.00000000
     0.001524     0.452557     0.479974    -0.912496   0.00000000
    -0.000367     0.285977     0.913763     1.669934     1.000000

   70.819882   37.221301   19.562660   10.281684    5.403817
    2.840122    1.492703    0.784530    0.412331    0.216712
    0.113899    0.059863    0.031462

    -0.000490     0.000163     0.000303    -0.000287   0.00000000
     0.003813    -0.001343    -0.002446    -0.000323   0.00000000
    -0.025616     0.009623     0.017437     0.019041   0.00000000
     0.138740    -0.054556    -0.100369    -0.154508   0.00000000
    -0.324560     0.133038     0.254215     0.432420   0.00000000
    -0.052031     0.016039     0.008313     0.127307   0.00000000
     0.389641    -0.166103    -0.306300    -1.400487   0.00000000
     0.505922    -0.285080    -0.886702    -0.505955   0.00000000
     0.253444    -0.196871     0.536764     3.530620   0.00000000
     0.053377     0.313765     1.436864    -2.620064   0.00000000
     0.005287     0.600814    -0.560326    -0.404750   0.00000000
     0.001309     0.278010    -0.664182     0.899083   0.00000000
    -0.000050     0.026886    -0.091688     0.172905     1.000000

   61.907933   32.585172   17.151169    9.027499    4.751614
    2.501007    1.316402    0.692887    0.364700    0.191960
    0.101038    0.053181    0.027992

    -0.000024     0.000005    -0.000179   0.00000000
     0.000233    -0.000160     0.000632   0.00000000
    -0.002245     0.002296     0.000545   0.00000000
     0.020877    -0.024432    -0.026852   0.00000000
    -0.090172     0.112596     0.145145   0.00000000
     0.023170    -0.039514    -0.035419   0.00000000
     0.205899    -0.295539    -0.610909   0.00000000
     0.321552    -0.461445    -0.499162   0.00000000
     0.323472    -0.080208     1.209396   0.00000000
     0.230789     0.499620     0.263814   0.00000000
     0.111668     0.418172    -0.665665   0.00000000
     0.026522     0.115203    -0.302443   0.00000000
     0.001600     0.006691    -0.034465     1.000000

    0.826600    0.256000

     1.000000   0.00000000
   0.00000000     1.000000

    0.620500

     1.000000

