
Kr:aug-cc-pV5Z-ccECP
ccECP aug-cc-pV5Z for Kr | source recipes/Kr/ccECP/Kr.aug-cc-pV5Z.gamess | ccECP from Guangming Wang et al. Journal of Chemical Physics 151, 144110 (2019) https://doi.org/10.1063/1.5121006

  6
    0    1    2    3    4    5
    6    6    5    4    3    2
   14   14    5    4    3    2

   59.995647   27.757709   12.842438    5.941709    2.749003
    1.271859    0.799541    0.588441    0.459102    0.272249
    0.263619    0.151372    0.125959    0.060549

   -0.00020300    0.00000000    0.00000000    0.00000000    0.00000000
    0.00000000
    0.00179400    0.00000000    0.00000000    0.00000000    0.00000000
    0.00000000
   -0.01925200    0.00000000    0.00000000    0.00000000    0.00000000
    0.00000000
    0.17119400    0.00000000    0.00000000    0.00000000    0.00000000
    0.00000000
   -0.47784700    0.00000000    0.00000000    0.00000000    0.00000000
    0.00000000
   -0.11968600    0.00000000    0.00000000    0.00000000    0.00000000
    0.00000000
    0.00000000    1.00000000    0.00000000    0.00000000    0.00000000
    0.00000000
    0.56843400    0.00000000    0.00000000    0.00000000    0.00000000
    0.00000000
    0.00000000    0.00000000    1.00000000    0.00000000    0.00000000
    0.00000000
    0.56402800    0.00000000    0.00000000    0.00000000    0.00000000
    0.00000000
    0.00000000    0.00000000    0.00000000    1.00000000    0.00000000
    0.00000000
    0.00000000    0.00000000    0.00000000    0.00000000    1.00000000
    0.00000000
    0.15760800    0.00000000    0.00000000    0.00000000    0.00000000
    0.00000000
    0.00000000    0.00000000    0.00000000    0.00000000    0.00000000
    1.00000000

   24.020781   11.612963    5.614344    2.714282    1.312233
    1.290452    0.634405    0.557200    0.306706    0.240591
    0.148279    0.103884    0.071686    0.041554

    0.00010600    0.00000000    0.00000000    0.00000000    0.00000000
    0.00000000
   -0.00089200    0.00000000    0.00000000    0.00000000    0.00000000
    0.00000000
    0.02038000    0.00000000    0.00000000    0.00000000    0.00000000
    0.00000000
   -0.15516000    0.00000000    0.00000000    0.00000000    0.00000000
    0.00000000
    0.05764300    0.00000000    0.00000000    0.00000000    0.00000000
    0.00000000
    0.00000000    1.00000000    0.00000000    0.00000000    0.00000000
    0.00000000
    0.35555900    0.00000000    0.00000000    0.00000000    0.00000000
    0.00000000
    0.00000000    0.00000000    1.00000000    0.00000000    0.00000000
    0.00000000
    0.42666700    0.00000000    0.00000000    0.00000000    0.00000000
    0.00000000
    0.00000000    0.00000000    0.00000000    1.00000000    0.00000000
    0.00000000
    0.27115100    0.00000000    0.00000000    0.00000000    0.00000000
    0.00000000
    0.00000000    0.00000000    0.00000000    0.00000000    1.00000000
    0.00000000
    0.06768000    0.00000000    0.00000000    0.00000000    0.00000000
    0.00000000
    0.00000000    0.00000000    0.00000000    0.00000000    0.00000000
    1.00000000

    2.309916    1.071164    0.496724    0.230343    0.092137

    1.00000000    0.00000000    0.00000000    0.00000000    0.00000000
    0.00000000    1.00000000    0.00000000    0.00000000    0.00000000
    0.00000000    0.00000000    1.00000000    0.00000000    0.00000000
    0.00000000    0.00000000    0.00000000    1.00000000    0.00000000
    0.00000000    0.00000000    0.00000000    0.00000000    1.00000000

    1.241282    0.651246    0.341680    0.136672

    1.00000000    0.00000000    0.00000000    0.00000000
    0.00000000    1.00000000    0.00000000    0.00000000
    0.00000000    0.00000000    1.00000000    0.00000000
    0.00000000    0.00000000    0.00000000    1.00000000

    1.169259    0.522994    0.209198

    1.00000000    0.00000000    0.00000000
    0.00000000    1.00000000    0.00000000
    0.00000000    0.00000000    1.00000000

    0.965141    0.386056

    1.00000000    0.00000000
    0.00000000    1.00000000

Kr:aug-cc-pV6Z-ccECP
ccECP aug-cc-pV6Z for Kr | source recipes/Kr/ccECP/Kr.aug-cc-pV6Z.gamess | ccECP from Guangming Wang et al. Journal of Chemical Physics 151, 144110 (2019) https://doi.org/10.1063/1.5121006

  7
    0    1    2    3    4    5    6
    7    7    6    5    4    3    2
   15   15    6    5    4    3    2

   59.995647   27.757709   12.842438    5.941709    2.854275
    2.749003    1.367584    1.271859    0.655258    0.588441
    0.313957    0.272249    0.150428    0.125959    0.060171

   -0.00020300    0.00000000    0.00000000    0.00000000    0.00000000
    0.00000000    0.00000000
    0.00179400    0.00000000    0.00000000    0.00000000    0.00000000
    0.00000000    0.00000000
   -0.01925200    0.00000000    0.00000000    0.00000000    0.00000000
    0.00000000    0.00000000
    0.17119400    0.00000000    0.00000000    0.00000000    0.00000000
    0.00000000    0.00000000
    0.00000000    1.00000000    0.00000000    0.00000000    0.00000000
    0.00000000    0.00000000
   -0.47784700    0.00000000    0.00000000    0.00000000    0.00000000
    0.00000000    0.00000000
    0.00000000    0.00000000    1.00000000    0.00000000    0.00000000
    0.00000000    0.00000000
   -0.11968600    0.00000000    0.00000000    0.00000000    0.00000000
    0.00000000    0.00000000
    0.00000000    0.00000000    0.00000000    1.00000000    0.00000000
    0.00000000    0.00000000
    0.56843400    0.00000000    0.00000000    0.00000000    0.00000000
    0.00000000    0.00000000
    0.00000000    0.00000000    0.00000000    0.00000000    1.00000000
    0.00000000    0.00000000
    0.56402800    0.00000000    0.00000000    0.00000000    0.00000000
    0.00000000    0.00000000
    0.00000000    0.00000000    0.00000000    0.00000000    0.00000000
    1.00000000    0.00000000
    0.15760800    0.00000000    0.00000000    0.00000000    0.00000000
    0.00000000    0.00000000
    0.00000000    0.00000000    0.00000000    0.00000000    0.00000000
    0.00000000    1.00000000

   24.020781   11.612963    5.614344    2.714282    1.618432
    1.312233    0.788474    0.634405    0.384132    0.306706
    0.187143    0.148279    0.091173    0.071686    0.036469

    0.00010600    0.00000000    0.00000000    0.00000000    0.00000000
    0.00000000    0.00000000
   -0.00089200    0.00000000    0.00000000    0.00000000    0.00000000
    0.00000000    0.00000000
    0.02038000    0.00000000    0.00000000    0.00000000    0.00000000
    0.00000000    0.00000000
   -0.15516000    0.00000000    0.00000000    0.00000000    0.00000000
    0.00000000    0.00000000
    0.00000000    1.00000000    0.00000000    0.00000000    0.00000000
    0.00000000    0.00000000
    0.05764300    0.00000000    0.00000000    0.00000000    0.00000000
    0.00000000    0.00000000
    0.00000000    0.00000000    1.00000000    0.00000000    0.00000000
    0.00000000    0.00000000
    0.35555900    0.00000000    0.00000000    0.00000000    0.00000000
    0.00000000    0.00000000
    0.00000000    0.00000000    0.00000000    1.00000000    0.00000000
    0.00000000    0.00000000
    0.42666700    0.00000000    0.00000000    0.00000000    0.00000000
    0.00000000    0.00000000
    0.00000000    0.00000000    0.00000000    0.00000000    1.00000000
    0.00000000    0.00000000
    0.27115100    0.00000000    0.00000000    0.00000000    0.00000000
    0.00000000    0.00000000
    0.00000000    0.00000000    0.00000000    0.00000000    0.00000000
    1.00000000    0.00000000
    0.06768000    0.00000000    0.00000000    0.00000000    0.00000000
    0.00000000    0.00000000
    0.00000000    0.00000000    0.00000000    0.00000000    0.00000000
    0.00000000    1.00000000

    2.655815    1.383402    0.720608    0.375361    0.195524
    0.078210

    1.00000000    0.00000000    0.00000000    0.00000000    0.00000000
    0.00000000
    0.00000000    1.00000000    0.00000000    0.00000000    0.00000000
    0.00000000
    0.00000000    0.00000000    1.00000000    0.00000000    0.00000000
    0.00000000
    0.00000000    0.00000000    0.00000000    1.00000000    0.00000000
    0.00000000
    0.00000000    0.00000000    0.00000000    0.00000000    1.00000000
    0.00000000
    0.00000000    0.00000000    0.00000000    0.00000000    0.00000000
    1.00000000

    1.488809    0.882209    0.522762    0.309768    0.123907

    1.00000000    0.00000000    0.00000000    0.00000000    0.00000000
    0.00000000    1.00000000    0.00000000    0.00000000    0.00000000
    0.00000000    0.00000000    1.00000000    0.00000000    0.00000000
    0.00000000    0.00000000    0.00000000    1.00000000    0.00000000
    0.00000000    0.00000000    0.00000000    0.00000000    1.00000000

    1.492619    0.798099    0.426741    0.170696

    1.00000000    0.00000000    0.00000000    0.00000000
    0.00000000    1.00000000    0.00000000    0.00000000
    0.00000000    0.00000000    1.00000000    0.00000000
    0.00000000    0.00000000    0.00000000    1.00000000

    1.384461    0.690627    0.276251

    1.00000000    0.00000000    0.00000000
    0.00000000    1.00000000    0.00000000
    0.00000000    0.00000000    1.00000000

    1.151272    0.460509

    1.00000000    0.00000000
    0.00000000    1.00000000

Kr:aug-cc-pVDZ-ccECP
ccECP aug-cc-pVDZ for Kr | source recipes/Kr/ccECP/Kr.aug-cc-pVDZ.gamess | ccECP from Guangming Wang et al. Journal of Chemical Physics 151, 144110 (2019) https://doi.org/10.1063/1.5121006

  3
    0    1    2
    3    3    2
   11   11    2

   59.995647   27.757709   12.842438    5.941709    2.749003
    1.271859    0.658059    0.588441    0.272249    0.263224
    0.125959

   -0.00020300    0.00000000    0.00000000
    0.00179400    0.00000000    0.00000000
   -0.01925200    0.00000000    0.00000000
    0.17119400    0.00000000    0.00000000
   -0.47784700    0.00000000    0.00000000
   -0.11968600    0.00000000    0.00000000
    0.00000000    1.00000000    0.00000000
    0.56843400    0.00000000    0.00000000
    0.56402800    0.00000000    0.00000000
    0.00000000    0.00000000    1.00000000
    0.15760800    0.00000000    0.00000000

   24.020781   11.612963    5.614344    2.714282    1.312233
    0.634405    0.306706    0.155190    0.148279    0.071686
    0.062076

    0.00010600    0.00000000    0.00000000
   -0.00089200    0.00000000    0.00000000
    0.02038000    0.00000000    0.00000000
   -0.15516000    0.00000000    0.00000000
    0.05764300    0.00000000    0.00000000
    0.35555900    0.00000000    0.00000000
    0.42666700    0.00000000    0.00000000
    0.00000000    1.00000000    0.00000000
    0.27115100    0.00000000    0.00000000
    0.06768000    0.00000000    0.00000000
    0.00000000    0.00000000    1.00000000

    0.502317    0.200927

    1.00000000    0.00000000
    0.00000000    1.00000000

Kr:aug-cc-pVQZ-ccECP
ccECP aug-cc-pVQZ for Kr | source recipes/Kr/ccECP/Kr.aug-cc-pVQZ.gamess | ccECP from Guangming Wang et al. Journal of Chemical Physics 151, 144110 (2019) https://doi.org/10.1063/1.5121006

  5
    0    1    2    3    4
    5    5    4    3    2
   13   13    4    3    2

   59.995647   27.757709   12.842438    5.941709    2.749003
    1.271859    0.812154    0.588441    0.376882    0.272249
    0.174893    0.125959    0.069957

   -0.00020300    0.00000000    0.00000000    0.00000000    0.00000000
    0.00179400    0.00000000    0.00000000    0.00000000    0.00000000
   -0.01925200    0.00000000    0.00000000    0.00000000    0.00000000
    0.17119400    0.00000000    0.00000000    0.00000000    0.00000000
   -0.47784700    0.00000000    0.00000000    0.00000000    0.00000000
   -0.11968600    0.00000000    0.00000000    0.00000000    0.00000000
    0.00000000    1.00000000    0.00000000    0.00000000    0.00000000
    0.56843400    0.00000000    0.00000000    0.00000000    0.00000000
    0.00000000    0.00000000    1.00000000    0.00000000    0.00000000
    0.56402800    0.00000000    0.00000000    0.00000000    0.00000000
    0.00000000    0.00000000    0.00000000    1.00000000    0.00000000
    0.15760800    0.00000000    0.00000000    0.00000000    0.00000000
    0.00000000    0.00000000    0.00000000    0.00000000    1.00000000

   24.020781   11.612963    5.614344    2.714282    1.312233
    0.907972    0.634405    0.346506    0.306706    0.148279
    0.132236    0.071686    0.052894

    0.00010600    0.00000000    0.00000000    0.00000000    0.00000000
   -0.00089200    0.00000000    0.00000000    0.00000000    0.00000000
    0.02038000    0.00000000    0.00000000    0.00000000    0.00000000
   -0.15516000    0.00000000    0.00000000    0.00000000    0.00000000
    0.05764300    0.00000000    0.00000000    0.00000000    0.00000000
    0.00000000    1.00000000    0.00000000    0.00000000    0.00000000
    0.35555900    0.00000000    0.00000000    0.00000000    0.00000000
    0.00000000    0.00000000    1.00000000    0.00000000    0.00000000
    0.42666700    0.00000000    0.00000000    0.00000000    0.00000000
    0.27115100    0.00000000    0.00000000    0.00000000    0.00000000
    0.00000000    0.00000000    0.00000000    1.00000000    0.00000000
    0.06768000    0.00000000    0.00000000    0.00000000    0.00000000
    0.00000000    0.00000000    0.00000000    0.00000000    1.00000000

    0.795395    0.430905    0.233442    0.093377

    1.00000000    0.00000000    0.00000000    0.00000000
    0.00000000    1.00000000    0.00000000    0.00000000
    0.00000000    0.00000000    1.00000000    0.00000000
    0.00000000    0.00000000    0.00000000    1.00000000

    1.016655    0.438099    0.175240

    1.00000000    0.00000000    0.00000000
    0.00000000    1.00000000    0.00000000
    0.00000000    0.00000000    1.00000000

    0.769765    0.307906

    1.00000000    0.00000000
    0.00000000    1.00000000

Kr:aug-cc-pVTZ-ccECP
ccECP aug-cc-pVTZ for Kr | source recipes/Kr/ccECP/Kr.aug-cc-pVTZ.gamess | ccECP from Guangming Wang et al. Journal of Chemical Physics 151, 144110 (2019) https://doi.org/10.1063/1.5121006

  4
    0    1    2    3
    4    4    3    2
   12   12    3    2

   59.995647   27.757709   12.842438    5.941709    2.749003
    1.799033    1.271859    0.588441    0.340362    0.272249
    0.136145    0.125959

   -0.00020300    0.00000000    0.00000000    0.00000000
    0.00179400    0.00000000    0.00000000    0.00000000
   -0.01925200    0.00000000    0.00000000    0.00000000
    0.17119400    0.00000000    0.00000000    0.00000000
   -0.47784700    0.00000000    0.00000000    0.00000000
    0.00000000    1.00000000    0.00000000    0.00000000
   -0.11968600    0.00000000    0.00000000    0.00000000
    0.56843400    0.00000000    0.00000000    0.00000000
    0.00000000    0.00000000    1.00000000    0.00000000
    0.56402800    0.00000000    0.00000000    0.00000000
    0.00000000    0.00000000    0.00000000    1.00000000
    0.15760800    0.00000000    0.00000000    0.00000000

   24.020781   11.612963    5.614344    2.714282    1.312233
    0.634405    0.306706    0.202260    0.148279    0.109890
    0.071686    0.043956

    0.00010600    0.00000000    0.00000000    0.00000000
   -0.00089200    0.00000000    0.00000000    0.00000000
    0.02038000    0.00000000    0.00000000    0.00000000
   -0.15516000    0.00000000    0.00000000    0.00000000
    0.05764300    0.00000000    0.00000000    0.00000000
    0.35555900    0.00000000    0.00000000    0.00000000
    0.42666700    0.00000000    0.00000000    0.00000000
    0.00000000    1.00000000    0.00000000    0.00000000
    0.27115100    0.00000000    0.00000000    0.00000000
    0.00000000    0.00000000    1.00000000    0.00000000
    0.06768000    0.00000000    0.00000000    0.00000000
    0.00000000    0.00000000    0.00000000    1.00000000

    0.699202    0.284803    0.113921

    1.00000000    0.00000000    0.00000000
    0.00000000    1.00000000    0.00000000
    0.00000000    0.00000000    1.00000000

    0.696837    0.278735

    1.00000000    0.00000000
    0.00000000    1.00000000

Kr:cc-pV5Z-ccECP
ccECP cc-pV5Z for Kr | source recipes/Kr/ccECP/Kr.cc-pV5Z.gamess | ccECP from Guangming Wang et al. Journal of Chemical Physics 151, 144110 (2019) https://doi.org/10.1063/1.5121006

  6
    0    1    2    3    4    5
    5    5    4    3    2    1
   13   13    4    3    2    1

   59.995647   27.757709   12.842438    5.941709    2.749003
    1.271859    0.799541    0.588441    0.459102    0.272249
    0.263619    0.151372    0.125959

   -0.00020300    0.00000000    0.00000000    0.00000000    0.00000000
    0.00179400    0.00000000    0.00000000    0.00000000    0.00000000
   -0.01925200    0.00000000    0.00000000    0.00000000    0.00000000
    0.17119400    0.00000000    0.00000000    0.00000000    0.00000000
   -0.47784700    0.00000000    0.00000000    0.00000000    0.00000000
   -0.11968600    0.00000000    0.00000000    0.00000000    0.00000000
    0.00000000    1.00000000    0.00000000    0.00000000    0.00000000
    0.56843400    0.00000000    0.00000000    0.00000000    0.00000000
    0.00000000    0.00000000    1.00000000    0.00000000    0.00000000
    0.56402800    0.00000000    0.00000000    0.00000000    0.00000000
    0.00000000    0.00000000    0.00000000    1.00000000    0.00000000
    0.00000000    0.00000000    0.00000000    0.00000000    1.00000000
    0.15760800    0.00000000    0.00000000    0.00000000    0.00000000

   24.020781   11.612963    5.614344    2.714282    1.312233
    1.290452    0.634405    0.557200    0.306706    0.240591
    0.148279    0.103884    0.071686

    0.00010600    0.00000000    0.00000000    0.00000000    0.00000000
   -0.00089200    0.00000000    0.00000000    0.00000000    0.00000000
    0.02038000    0.00000000    0.00000000    0.00000000    0.00000000
   -0.15516000    0.00000000    0.00000000    0.00000000    0.00000000
    0.05764300    0.00000000    0.00000000    0.00000000    0.00000000
    0.00000000    1.00000000    0.00000000    0.00000000    0.00000000
    0.35555900    0.00000000    0.00000000    0.00000000    0.00000000
    0.00000000    0.00000000    1.00000000    0.00000000    0.00000000
    0.42666700    0.00000000    0.00000000    0.00000000    0.00000000
    0.00000000    0.00000000    0.00000000    1.00000000    0.00000000
    0.27115100    0.00000000    0.00000000    0.00000000    0.00000000
    0.00000000    0.00000000    0.00000000    0.00000000    1.00000000
    0.06768000    0.00000000    0.00000000    0.00000000    0.00000000

    2.309916    1.071164    0.496724    0.230343

    1.00000000    0.00000000    0.00000000    0.00000000
    0.00000000    1.00000000    0.00000000    0.00000000
    0.00000000    0.00000000    1.00000000    0.00000000
    0.00000000    0.00000000    0.00000000    1.00000000

    1.241282    0.651246    0.341680

    1.00000000    0.00000000    0.00000000
    0.00000000    1.00000000    0.00000000
    0.00000000    0.00000000    1.00000000

    1.169259    0.522994

    1.00000000    0.00000000
    0.00000000    1.00000000

    0.965141

    1.00000000

Kr:cc-pV6Z-ccECP
ccECP cc-pV6Z for Kr | source recipes/Kr/ccECP/Kr.cc-pV6Z.gamess | ccECP from Guangming Wang et al. Journal of Chemical Physics 151, 144110 (2019) https://doi.org/10.1063/1.5121006

  7
    0    1    2    3    4    5    6
    6    6    5    4    3    2    1
   14   14    5    4    3    2    1

   59.995647   27.757709   12.842438    5.941709    2.854275
    2.749003    1.367584    1.271859    0.655258    0.588441
    0.313957    0.272249    0.150428    0.125959

   -0.00020300    0.00000000    0.00000000    0.00000000    0.00000000
    0.00000000
    0.00179400    0.00000000    0.00000000    0.00000000    0.00000000
    0.00000000
   -0.01925200    0.00000000    0.00000000    0.00000000    0.00000000
    0.00000000
    0.17119400    0.00000000    0.00000000    0.00000000    0.00000000
    0.00000000
    0.00000000    1.00000000    0.00000000    0.00000000    0.00000000
    0.00000000
   -0.47784700    0.00000000    0.00000000    0.00000000    0.00000000
    0.00000000
    0.00000000    0.00000000    1.00000000    0.00000000    0.00000000
    0.00000000
   -0.11968600    0.00000000    0.00000000    0.00000000    0.00000000
    0.00000000
    0.00000000    0.00000000    0.00000000    1.00000000    0.00000000
    0.00000000
    0.56843400    0.00000000    0.00000000    0.00000000    0.00000000
    0.00000000
    0.00000000    0.00000000    0.00000000    0.00000000    1.00000000
    0.00000000
    0.56402800    0.00000000    0.00000000    0.00000000    0.00000000
    0.00000000
    0.00000000    0.00000000    0.00000000    0.00000000    0.00000000
    1.00000000
    0.15760800    0.00000000    0.00000000    0.00000000    0.00000000
    0.00000000

   24.020781   11.612963    5.614344    2.714282    1.618432
    1.312233    0.788474    0.634405    0.384132    0.306706
    0.187143    0.148279    0.091173    0.071686

    0.00010600    0.00000000    0.00000000    0.00000000    0.00000000
    0.00000000
   -0.00089200    0.00000000    0.00000000    0.00000000    0.00000000
    0.00000000
    0.02038000    0.00000000    0.00000000    0.00000000    0.00000000
    0.00000000
   -0.15516000    0.00000000    0.00000000    0.00000000    0.00000000
    0.00000000
    0.00000000    1.00000000    0.00000000    0.00000000    0.00000000
    0.00000000
    0.05764300    0.00000000    0.00000000    0.00000000    0.00000000
    0.00000000
    0.00000000    0.00000000    1.00000000    0.00000000    0.00000000
    0.00000000
    0.35555900    0.00000000    0.00000000    0.00000000    0.00000000
    0.00000000
    0.00000000    0.00000000    0.00000000    1.00000000    0.00000000
    0.00000000
    0.42666700    0.00000000    0.00000000    0.00000000    0.00000000
    0.00000000
    0.00000000    0.00000000    0.00000000    0.00000000    1.00000000
    0.00000000
    0.27115100    0.00000000    0.00000000    0.00000000    0.00000000
    0.00000000
    0.00000000    0.00000000    0.00000000    0.00000000    0.00000000
    1.00000000
    0.06768000    0.00000000    0.00000000    0.00000000    0.00000000
    0.00000000

    2.655815    1.383402    0.720608    0.375361    0.195524

    1.00000000    0.00000000    0.00000000    0.00000000    0.00000000
    0.00000000    1.00000000    0.00000000    0.00000000    0.00000000
    0.00000000    0.00000000    1.00000000    0.00000000    0.00000000
    0.00000000    0.00000000    0.00000000    1.00000000    0.00000000
    0.00000000    0.00000000    0.00000000    0.00000000    1.00000000

    1.488809    0.882209    0.522762    0.309768

    1.00000000    0.00000000    0.00000000    0.00000000
    0.00000000    1.00000000    0.00000000    0.00000000
    0.00000000    0.00000000    1.00000000    0.00000000
    0.00000000    0.00000000    0.00000000    1.00000000

    1.492619    0.798099    0.426741

    1.00000000    0.00000000    0.00000000
    0.00000000    1.00000000    0.00000000
    0.00000000    0.00000000    1.00000000

    1.384461    0.690627

    1.00000000    0.00000000
    0.00000000    1.00000000

    1.151272

    1.00000000

Kr:cc-pVDZ-ccECP
ccECP cc-pVDZ for Kr | source recipes/Kr/ccECP/Kr.cc-pVDZ.gamess | ccECP from Guangming Wang et al. Journal of Chemical Physics 151, 144110 (2019) https://doi.org/10.1063/1.5121006

  3
    0    1    2
    2    2    1
   10   10    1

   59.995647   27.757709   12.842438    5.941709    2.749003
    1.271859    0.658059    0.588441    0.272249    0.125959

   -0.00020300    0.00000000
    0.00179400    0.00000000
   -0.01925200    0.00000000
    0.17119400    0.00000000
   -0.47784700    0.00000000
   -0.11968600    0.00000000
    0.00000000    1.00000000
    0.56843400    0.00000000
    0.56402800    0.00000000
    0.15760800    0.00000000

   24.020781   11.612963    5.614344    2.714282    1.312233
    0.634405    0.306706    0.155190    0.148279    0.071686

    0.00010600    0.00000000
   -0.00089200    0.00000000
    0.02038000    0.00000000
   -0.15516000    0.00000000
    0.05764300    0.00000000
    0.35555900    0.00000000
    0.42666700    0.00000000
    0.00000000    1.00000000
    0.27115100    0.00000000
    0.06768000    0.00000000

    0.502317

    1.00000000

Kr:cc-pVQZ-ccECP
ccECP cc-pVQZ for Kr | source recipes/Kr/ccECP/Kr.cc-pVQZ.gamess | ccECP from Guangming Wang et al. Journal of Chemical Physics 151, 144110 (2019) https://doi.org/10.1063/1.5121006

  5
    0    1    2    3    4
    4    4    3    2    1
   12   12    3    2    1

   59.995647   27.757709   12.842438    5.941709    2.749003
    1.271859    0.812154    0.588441    0.376882    0.272249
    0.174893    0.125959

   -0.00020300    0.00000000    0.00000000    0.00000000
    0.00179400    0.00000000    0.00000000    0.00000000
   -0.01925200    0.00000000    0.00000000    0.00000000
    0.17119400    0.00000000    0.00000000    0.00000000
   -0.47784700    0.00000000    0.00000000    0.00000000
   -0.11968600    0.00000000    0.00000000    0.00000000
    0.00000000    1.00000000    0.00000000    0.00000000
    0.56843400    0.00000000    0.00000000    0.00000000
    0.00000000    0.00000000    1.00000000    0.00000000
    0.56402800    0.00000000    0.00000000    0.00000000
    0.00000000    0.00000000    0.00000000    1.00000000
    0.15760800    0.00000000    0.00000000    0.00000000

   24.020781   11.612963    5.614344    2.714282    1.312233
    0.907972    0.634405    0.346506    0.306706    0.148279
    0.132236    0.071686

    0.00010600    0.00000000    0.00000000    0.00000000
   -0.00089200    0.00000000    0.00000000    0.00000000
    0.02038000    0.00000000    0.00000000    0.00000000
   -0.15516000    0.00000000    0.00000000    0.00000000
    0.05764300    0.00000000    0.00000000    0.00000000
    0.00000000    1.00000000    0.00000000    0.00000000
    0.35555900    0.00000000    0.00000000    0.00000000
    0.00000000    0.00000000    1.00000000    0.00000000
    0.42666700    0.00000000    0.00000000    0.00000000
    0.27115100    0.00000000    0.00000000    0.00000000
    0.00000000    0.00000000    0.00000000    1.00000000
    0.06768000    0.00000000    0.00000000    0.00000000

    0.795395    0.430905    0.233442

    1.00000000    0.00000000    0.00000000
    0.00000000    1.00000000    0.00000000
    0.00000000    0.00000000    1.00000000

    1.016655    0.438099

    1.00000000    0.00000000
    0.00000000    1.00000000

    0.769765

    1.00000000

Kr:cc-pVTZ-ccECP
ccECP cc-pVTZ for Kr | source recipes/Kr/ccECP/Kr.cc-pVTZ.gamess | ccECP from Guangming Wang et al. Journal of Chemical Physics 151, 144110 (2019) https://doi.org/10.1063/1.5121006

  4
    0    1    2    3
    3    3    2    1
   11   11    2    1

   59.995647   27.757709   12.842438    5.941709    2.749003
    1.799033    1.271859    0.588441    0.340362    0.272249
    0.125959

   -0.00020300    0.00000000    0.00000000
    0.00179400    0.00000000    0.00000000
   -0.01925200    0.00000000    0.00000000
    0.17119400    0.00000000    0.00000000
   -0.47784700    0.00000000    0.00000000
    0.00000000    1.00000000    0.00000000
   -0.11968600    0.00000000    0.00000000
    0.56843400    0.00000000    0.00000000
    0.00000000    0.00000000    1.00000000
    0.56402800    0.00000000    0.00000000
    0.15760800    0.00000000    0.00000000

   24.020781   11.612963    5.614344    2.714282    1.312233
    0.634405    0.306706    0.202260    0.148279    0.109890
    0.071686

    0.00010600    0.00000000    0.00000000
   -0.00089200    0.00000000    0.00000000
    0.02038000    0.00000000    0.00000000
   -0.15516000    0.00000000    0.00000000
    0.05764300    0.00000000    0.00000000
    0.35555900    0.00000000    0.00000000
    0.42666700    0.00000000    0.00000000
    0.00000000    1.00000000    0.00000000
    0.27115100    0.00000000    0.00000000
    0.00000000    0.00000000    1.00000000
    0.06768000    0.00000000    0.00000000

    0.699202    0.284803

    1.00000000    0.00000000
    0.00000000    1.00000000

    0.696837

    1.00000000

