
As:aug-cc-pV5Z-ccECP
ccECP aug-cc-pV5Z for As | source recipes/As/ccECP/As.aug-cc-pV5Z.gamess | ccECP from Guangming Wang et al. Journal of Chemical Physics 151, 144110 (2019) https://doi.org/10.1063/1.5121006

  6
    0    1    2    3    4    5
    6    6    5    4    3    2
   14   14    5    4    3    2

   50.230536   22.441775   10.026436    4.479567    2.001361
    0.894159    0.547920    0.399488    0.295142    0.178482
    0.158980    0.085636    0.079741    0.034254

   -0.00053800    0.00000000    0.00000000    0.00000000    0.00000000
    0.00000000
    0.00366000    0.00000000    0.00000000    0.00000000    0.00000000
    0.00000000
   -0.02399200    0.00000000    0.00000000    0.00000000    0.00000000
    0.00000000
    0.15807600    0.00000000    0.00000000    0.00000000    0.00000000
    0.00000000
   -0.41934600    0.00000000    0.00000000    0.00000000    0.00000000
    0.00000000
   -0.10051900    0.00000000    0.00000000    0.00000000    0.00000000
    0.00000000
    0.00000000    1.00000000    0.00000000    0.00000000    0.00000000
    0.00000000
    0.45002000    0.00000000    0.00000000    0.00000000    0.00000000
    0.00000000
    0.00000000    0.00000000    1.00000000    0.00000000    0.00000000
    0.00000000
    0.60510400    0.00000000    0.00000000    0.00000000    0.00000000
    0.00000000
    0.00000000    0.00000000    0.00000000    1.00000000    0.00000000
    0.00000000
    0.00000000    0.00000000    0.00000000    0.00000000    1.00000000
    0.00000000
    0.19000900    0.00000000    0.00000000    0.00000000    0.00000000
    0.00000000
    0.00000000    0.00000000    0.00000000    0.00000000    0.00000000
    1.00000000

   22.695464   10.529662    4.885284    2.266549    1.051576
    0.876022    0.487883    0.372655    0.226356    0.158526
    0.105019    0.067436    0.048724    0.026974

    0.00032200    0.00000000    0.00000000    0.00000000    0.00000000
    0.00000000
   -0.00312000    0.00000000    0.00000000    0.00000000    0.00000000
    0.00000000
    0.02984900    0.00000000    0.00000000    0.00000000    0.00000000
    0.00000000
   -0.12788200    0.00000000    0.00000000    0.00000000    0.00000000
    0.00000000
   -0.00446100    0.00000000    0.00000000    0.00000000    0.00000000
    0.00000000
    0.00000000    1.00000000    0.00000000    0.00000000    0.00000000
    0.00000000
    0.24866600    0.00000000    0.00000000    0.00000000    0.00000000
    0.00000000
    0.00000000    0.00000000    1.00000000    0.00000000    0.00000000
    0.00000000
    0.45708300    0.00000000    0.00000000    0.00000000    0.00000000
    0.00000000
    0.00000000    0.00000000    0.00000000    1.00000000    0.00000000
    0.00000000
    0.35148300    0.00000000    0.00000000    0.00000000    0.00000000
    0.00000000
    0.00000000    0.00000000    0.00000000    0.00000000    1.00000000
    0.00000000
    0.09163600    0.00000000    0.00000000    0.00000000    0.00000000
    0.00000000
    0.00000000    0.00000000    0.00000000    0.00000000    0.00000000
    1.00000000

    1.494090    0.672936    0.303089    0.136511    0.054604

    1.00000000    0.00000000    0.00000000    0.00000000    0.00000000
    0.00000000    1.00000000    0.00000000    0.00000000    0.00000000
    0.00000000    0.00000000    1.00000000    0.00000000    0.00000000
    0.00000000    0.00000000    0.00000000    1.00000000    0.00000000
    0.00000000    0.00000000    0.00000000    0.00000000    1.00000000

    0.809189    0.407052    0.204762    0.081905

    1.00000000    0.00000000    0.00000000    0.00000000
    0.00000000    1.00000000    0.00000000    0.00000000
    0.00000000    0.00000000    1.00000000    0.00000000
    0.00000000    0.00000000    0.00000000    1.00000000

    0.838980    0.389390    0.155756

    1.00000000    0.00000000    0.00000000
    0.00000000    1.00000000    0.00000000
    0.00000000    0.00000000    1.00000000

    0.703049    0.281220

    1.00000000    0.00000000
    0.00000000    1.00000000

As:aug-cc-pV6Z-ccECP
ccECP aug-cc-pV6Z for As | source recipes/As/ccECP/As.aug-cc-pV6Z.gamess | ccECP from Guangming Wang et al. Journal of Chemical Physics 151, 144110 (2019) https://doi.org/10.1063/1.5121006

  7
    0    1    2    3    4    5    6
    7    7    6    5    4    3    2
   15   15    6    5    4    3    2

   50.230536   22.441775   10.026436    4.479567    2.001361
    1.953783    0.907234    0.894159    0.421272    0.399488
    0.195616    0.178482    0.090834    0.079741    0.036334

   -0.00053800    0.00000000    0.00000000    0.00000000    0.00000000
    0.00000000    0.00000000
    0.00366000    0.00000000    0.00000000    0.00000000    0.00000000
    0.00000000    0.00000000
   -0.02399200    0.00000000    0.00000000    0.00000000    0.00000000
    0.00000000    0.00000000
    0.15807600    0.00000000    0.00000000    0.00000000    0.00000000
    0.00000000    0.00000000
   -0.41934600    0.00000000    0.00000000    0.00000000    0.00000000
    0.00000000    0.00000000
    0.00000000    1.00000000    0.00000000    0.00000000    0.00000000
    0.00000000    0.00000000
    0.00000000    0.00000000    1.00000000    0.00000000    0.00000000
    0.00000000    0.00000000
   -0.10051900    0.00000000    0.00000000    0.00000000    0.00000000
    0.00000000    0.00000000
    0.00000000    0.00000000    0.00000000    1.00000000    0.00000000
    0.00000000    0.00000000
    0.45002000    0.00000000    0.00000000    0.00000000    0.00000000
    0.00000000    0.00000000
    0.00000000    0.00000000    0.00000000    0.00000000    1.00000000
    0.00000000    0.00000000
    0.60510400    0.00000000    0.00000000    0.00000000    0.00000000
    0.00000000    0.00000000
    0.00000000    0.00000000    0.00000000    0.00000000    0.00000000
    1.00000000    0.00000000
    0.19000900    0.00000000    0.00000000    0.00000000    0.00000000
    0.00000000    0.00000000
    0.00000000    0.00000000    0.00000000    0.00000000    0.00000000
    0.00000000    1.00000000

   22.695464   10.529662    4.885284    2.266549    1.051576
    1.016488    0.494866    0.487883    0.240920    0.226356
    0.117289    0.105019    0.057101    0.048724    0.022840

    0.00032200    0.00000000    0.00000000    0.00000000    0.00000000
    0.00000000    0.00000000
   -0.00312000    0.00000000    0.00000000    0.00000000    0.00000000
    0.00000000    0.00000000
    0.02984900    0.00000000    0.00000000    0.00000000    0.00000000
    0.00000000    0.00000000
   -0.12788200    0.00000000    0.00000000    0.00000000    0.00000000
    0.00000000    0.00000000
   -0.00446100    0.00000000    0.00000000    0.00000000    0.00000000
    0.00000000    0.00000000
    0.00000000    1.00000000    0.00000000    0.00000000    0.00000000
    0.00000000    0.00000000
    0.00000000    0.00000000    1.00000000    0.00000000    0.00000000
    0.00000000    0.00000000
    0.24866600    0.00000000    0.00000000    0.00000000    0.00000000
    0.00000000    0.00000000
    0.00000000    0.00000000    0.00000000    1.00000000    0.00000000
    0.00000000    0.00000000
    0.45708300    0.00000000    0.00000000    0.00000000    0.00000000
    0.00000000    0.00000000
    0.00000000    0.00000000    0.00000000    0.00000000    1.00000000
    0.00000000    0.00000000
    0.35148300    0.00000000    0.00000000    0.00000000    0.00000000
    0.00000000    0.00000000
    0.00000000    0.00000000    0.00000000    0.00000000    0.00000000
    1.00000000    0.00000000
    0.09163600    0.00000000    0.00000000    0.00000000    0.00000000
    0.00000000    0.00000000
    0.00000000    0.00000000    0.00000000    0.00000000    0.00000000
    0.00000000    1.00000000

    1.616073    0.842642    0.439365    0.229091    0.119451
    0.047780

    1.00000000    0.00000000    0.00000000    0.00000000    0.00000000
    0.00000000
    0.00000000    1.00000000    0.00000000    0.00000000    0.00000000
    0.00000000
    0.00000000    0.00000000    1.00000000    0.00000000    0.00000000
    0.00000000
    0.00000000    0.00000000    0.00000000    1.00000000    0.00000000
    0.00000000
    0.00000000    0.00000000    0.00000000    0.00000000    1.00000000
    0.00000000
    0.00000000    0.00000000    0.00000000    0.00000000    0.00000000
    1.00000000

    0.925936    0.548039    0.324371    0.191987    0.076795

    1.00000000    0.00000000    0.00000000    0.00000000    0.00000000
    0.00000000    1.00000000    0.00000000    0.00000000    0.00000000
    0.00000000    0.00000000    1.00000000    0.00000000    0.00000000
    0.00000000    0.00000000    0.00000000    1.00000000    0.00000000
    0.00000000    0.00000000    0.00000000    0.00000000    1.00000000

    1.057113    0.584832    0.323550    0.129420

    1.00000000    0.00000000    0.00000000    0.00000000
    0.00000000    1.00000000    0.00000000    0.00000000
    0.00000000    0.00000000    1.00000000    0.00000000
    0.00000000    0.00000000    0.00000000    1.00000000

    0.993718    0.523967    0.209587

    1.00000000    0.00000000    0.00000000
    0.00000000    1.00000000    0.00000000
    0.00000000    0.00000000    1.00000000

    0.856850    0.342740

    1.00000000    0.00000000
    0.00000000    1.00000000

As:aug-cc-pVDZ-ccECP
ccECP aug-cc-pVDZ for As | source recipes/As/ccECP/As.aug-cc-pVDZ.gamess | ccECP from Guangming Wang et al. Journal of Chemical Physics 151, 144110 (2019) https://doi.org/10.1063/1.5121006

  3
    0    1    2
    3    3    2
   11   11    2

   50.230536   22.441775   10.026436    4.479567    2.001361
    0.894159    0.399488    0.178482    0.079741    0.051680
    0.020672

   -0.00053800    0.00000000    0.00000000
    0.00366000    0.00000000    0.00000000
   -0.02399200    0.00000000    0.00000000
    0.15807600    0.00000000    0.00000000
   -0.41934600    0.00000000    0.00000000
   -0.10051900    0.00000000    0.00000000
    0.45002000    0.00000000    0.00000000
    0.60510400    0.00000000    0.00000000
    0.19000900    0.00000000    0.00000000
    0.00000000    1.00000000    0.00000000
    0.00000000    0.00000000    1.00000000

   22.695464   10.529662    4.885284    2.266549    1.051576
    0.487883    0.226356    0.105019    0.093979    0.048724
    0.037592

    0.00032200    0.00000000    0.00000000
   -0.00312000    0.00000000    0.00000000
    0.02984900    0.00000000    0.00000000
   -0.12788200    0.00000000    0.00000000
   -0.00446100    0.00000000    0.00000000
    0.24866600    0.00000000    0.00000000
    0.45708300    0.00000000    0.00000000
    0.35148300    0.00000000    0.00000000
    0.00000000    1.00000000    0.00000000
    0.09163600    0.00000000    0.00000000
    0.00000000    0.00000000    1.00000000

    0.294836    0.117934

    1.00000000    0.00000000
    0.00000000    1.00000000

As:aug-cc-pVQZ-ccECP
ccECP aug-cc-pVQZ for As | source recipes/As/ccECP/As.aug-cc-pVQZ.gamess | ccECP from Guangming Wang et al. Journal of Chemical Physics 151, 144110 (2019) https://doi.org/10.1063/1.5121006

  5
    0    1    2    3    4
    5    5    4    3    2
   13   13    4    3    2

   50.230536   22.441775   10.026436    4.479567    2.001361
    0.894159    0.530586    0.399488    0.234584    0.178482
    0.103715    0.079741    0.041486

   -0.00053800    0.00000000    0.00000000    0.00000000    0.00000000
    0.00366000    0.00000000    0.00000000    0.00000000    0.00000000
   -0.02399200    0.00000000    0.00000000    0.00000000    0.00000000
    0.15807600    0.00000000    0.00000000    0.00000000    0.00000000
   -0.41934600    0.00000000    0.00000000    0.00000000    0.00000000
   -0.10051900    0.00000000    0.00000000    0.00000000    0.00000000
    0.00000000    1.00000000    0.00000000    0.00000000    0.00000000
    0.45002000    0.00000000    0.00000000    0.00000000    0.00000000
    0.00000000    0.00000000    1.00000000    0.00000000    0.00000000
    0.60510400    0.00000000    0.00000000    0.00000000    0.00000000
    0.00000000    0.00000000    0.00000000    1.00000000    0.00000000
    0.19000900    0.00000000    0.00000000    0.00000000    0.00000000
    0.00000000    0.00000000    0.00000000    0.00000000    1.00000000

   22.695464   10.529662    4.885284    2.266549    1.051576
    0.550578    0.487883    0.226356    0.212539    0.105019
    0.082046    0.048724    0.032818

    0.00032200    0.00000000    0.00000000    0.00000000    0.00000000
   -0.00312000    0.00000000    0.00000000    0.00000000    0.00000000
    0.02984900    0.00000000    0.00000000    0.00000000    0.00000000
   -0.12788200    0.00000000    0.00000000    0.00000000    0.00000000
   -0.00446100    0.00000000    0.00000000    0.00000000    0.00000000
    0.00000000    1.00000000    0.00000000    0.00000000    0.00000000
    0.24866600    0.00000000    0.00000000    0.00000000    0.00000000
    0.45708300    0.00000000    0.00000000    0.00000000    0.00000000
    0.00000000    0.00000000    1.00000000    0.00000000    0.00000000
    0.35148300    0.00000000    0.00000000    0.00000000    0.00000000
    0.00000000    0.00000000    0.00000000    1.00000000    0.00000000
    0.09163600    0.00000000    0.00000000    0.00000000    0.00000000
    0.00000000    0.00000000    0.00000000    0.00000000    1.00000000

    1.374619    0.506785    0.186838    0.074735

    1.00000000    0.00000000    0.00000000    0.00000000
    0.00000000    1.00000000    0.00000000    0.00000000
    0.00000000    0.00000000    1.00000000    0.00000000
    0.00000000    0.00000000    0.00000000    1.00000000

    0.642896    0.261483    0.104593

    1.00000000    0.00000000    0.00000000
    0.00000000    1.00000000    0.00000000
    0.00000000    0.00000000    1.00000000

    0.561801    0.224720

    1.00000000    0.00000000
    0.00000000    1.00000000

As:aug-cc-pVTZ-ccECP
ccECP aug-cc-pVTZ for As | source recipes/As/ccECP/As.aug-cc-pVTZ.gamess | ccECP from Guangming Wang et al. Journal of Chemical Physics 151, 144110 (2019) https://doi.org/10.1063/1.5121006

  4
    0    1    2    3
    4    4    3    2
   12   12    3    2

   50.230536   22.441775   10.026436    4.479567    2.001361
    0.894159    0.549347    0.399488    0.178482    0.115547
    0.079741    0.046219

   -0.00053800    0.00000000    0.00000000    0.00000000
    0.00366000    0.00000000    0.00000000    0.00000000
   -0.02399200    0.00000000    0.00000000    0.00000000
    0.15807600    0.00000000    0.00000000    0.00000000
   -0.41934600    0.00000000    0.00000000    0.00000000
   -0.10051900    0.00000000    0.00000000    0.00000000
    0.00000000    1.00000000    0.00000000    0.00000000
    0.45002000    0.00000000    0.00000000    0.00000000
    0.60510400    0.00000000    0.00000000    0.00000000
    0.00000000    0.00000000    1.00000000    0.00000000
    0.19000900    0.00000000    0.00000000    0.00000000
    0.00000000    0.00000000    0.00000000    1.00000000

   22.695464   10.529662    4.885284    2.266549    1.051576
    0.603543    0.487883    0.226356    0.105019    0.099669
    0.048724    0.039868

    0.00032200    0.00000000    0.00000000    0.00000000
   -0.00312000    0.00000000    0.00000000    0.00000000
    0.02984900    0.00000000    0.00000000    0.00000000
   -0.12788200    0.00000000    0.00000000    0.00000000
   -0.00446100    0.00000000    0.00000000    0.00000000
    0.00000000    1.00000000    0.00000000    0.00000000
    0.24866600    0.00000000    0.00000000    0.00000000
    0.45708300    0.00000000    0.00000000    0.00000000
    0.35148300    0.00000000    0.00000000    0.00000000
    0.00000000    0.00000000    1.00000000    0.00000000
    0.09163600    0.00000000    0.00000000    0.00000000
    0.00000000    0.00000000    0.00000000    1.00000000

    0.401888    0.166254    0.066502

    1.00000000    0.00000000    0.00000000
    0.00000000    1.00000000    0.00000000
    0.00000000    0.00000000    1.00000000

    0.430378    0.172151

    1.00000000    0.00000000
    0.00000000    1.00000000

As:cc-pV5Z-ccECP
ccECP cc-pV5Z for As | source recipes/As/ccECP/As.cc-pV5Z.gamess | ccECP from Guangming Wang et al. Journal of Chemical Physics 151, 144110 (2019) https://doi.org/10.1063/1.5121006

  6
    0    1    2    3    4    5
    5    5    4    3    2    1
   13   13    4    3    2    1

   50.230536   22.441775   10.026436    4.479567    2.001361
    0.894159    0.547920    0.399488    0.295142    0.178482
    0.158980    0.085636    0.079741

   -0.00053800    0.00000000    0.00000000    0.00000000    0.00000000
    0.00366000    0.00000000    0.00000000    0.00000000    0.00000000
   -0.02399200    0.00000000    0.00000000    0.00000000    0.00000000
    0.15807600    0.00000000    0.00000000    0.00000000    0.00000000
   -0.41934600    0.00000000    0.00000000    0.00000000    0.00000000
   -0.10051900    0.00000000    0.00000000    0.00000000    0.00000000
    0.00000000    1.00000000    0.00000000    0.00000000    0.00000000
    0.45002000    0.00000000    0.00000000    0.00000000    0.00000000
    0.00000000    0.00000000    1.00000000    0.00000000    0.00000000
    0.60510400    0.00000000    0.00000000    0.00000000    0.00000000
    0.00000000    0.00000000    0.00000000    1.00000000    0.00000000
    0.00000000    0.00000000    0.00000000    0.00000000    1.00000000
    0.19000900    0.00000000    0.00000000    0.00000000    0.00000000

   22.695464   10.529662    4.885284    2.266549    1.051576
    0.876022    0.487883    0.372655    0.226356    0.158526
    0.105019    0.067436    0.048724

    0.00032200    0.00000000    0.00000000    0.00000000    0.00000000
   -0.00312000    0.00000000    0.00000000    0.00000000    0.00000000
    0.02984900    0.00000000    0.00000000    0.00000000    0.00000000
   -0.12788200    0.00000000    0.00000000    0.00000000    0.00000000
   -0.00446100    0.00000000    0.00000000    0.00000000    0.00000000
    0.00000000    1.00000000    0.00000000    0.00000000    0.00000000
    0.24866600    0.00000000    0.00000000    0.00000000    0.00000000
    0.00000000    0.00000000    1.00000000    0.00000000    0.00000000
    0.45708300    0.00000000    0.00000000    0.00000000    0.00000000
    0.00000000    0.00000000    0.00000000    1.00000000    0.00000000
    0.35148300    0.00000000    0.00000000    0.00000000    0.00000000
    0.00000000    0.00000000    0.00000000    0.00000000    1.00000000
    0.09163600    0.00000000    0.00000000    0.00000000    0.00000000

    1.494090    0.672936    0.303089    0.136511

    1.00000000    0.00000000    0.00000000    0.00000000
    0.00000000    1.00000000    0.00000000    0.00000000
    0.00000000    0.00000000    1.00000000    0.00000000
    0.00000000    0.00000000    0.00000000    1.00000000

    0.809189    0.407052    0.204762

    1.00000000    0.00000000    0.00000000
    0.00000000    1.00000000    0.00000000
    0.00000000    0.00000000    1.00000000

    0.838980    0.389390

    1.00000000    0.00000000
    0.00000000    1.00000000

    0.703049

    1.00000000

As:cc-pV6Z-ccECP
ccECP cc-pV6Z for As | source recipes/As/ccECP/As.cc-pV6Z.gamess | ccECP from Guangming Wang et al. Journal of Chemical Physics 151, 144110 (2019) https://doi.org/10.1063/1.5121006

  7
    0    1    2    3    4    5    6
    6    6    5    4    3    2    1
   14   14    5    4    3    2    1

   50.230536   22.441775   10.026436    4.479567    2.001361
    1.953783    0.907234    0.894159    0.421272    0.399488
    0.195616    0.178482    0.090834    0.079741

   -0.00053800    0.00000000    0.00000000    0.00000000    0.00000000
    0.00000000
    0.00366000    0.00000000    0.00000000    0.00000000    0.00000000
    0.00000000
   -0.02399200    0.00000000    0.00000000    0.00000000    0.00000000
    0.00000000
    0.15807600    0.00000000    0.00000000    0.00000000    0.00000000
    0.00000000
   -0.41934600    0.00000000    0.00000000    0.00000000    0.00000000
    0.00000000
    0.00000000    1.00000000    0.00000000    0.00000000    0.00000000
    0.00000000
    0.00000000    0.00000000    1.00000000    0.00000000    0.00000000
    0.00000000
   -0.10051900    0.00000000    0.00000000    0.00000000    0.00000000
    0.00000000
    0.00000000    0.00000000    0.00000000    1.00000000    0.00000000
    0.00000000
    0.45002000    0.00000000    0.00000000    0.00000000    0.00000000
    0.00000000
    0.00000000    0.00000000    0.00000000    0.00000000    1.00000000
    0.00000000
    0.60510400    0.00000000    0.00000000    0.00000000    0.00000000
    0.00000000
    0.00000000    0.00000000    0.00000000    0.00000000    0.00000000
    1.00000000
    0.19000900    0.00000000    0.00000000    0.00000000    0.00000000
    0.00000000

   22.695464   10.529662    4.885284    2.266549    1.051576
    1.016488    0.494866    0.487883    0.240920    0.226356
    0.117289    0.105019    0.057101    0.048724

    0.00032200    0.00000000    0.00000000    0.00000000    0.00000000
    0.00000000
   -0.00312000    0.00000000    0.00000000    0.00000000    0.00000000
    0.00000000
    0.02984900    0.00000000    0.00000000    0.00000000    0.00000000
    0.00000000
   -0.12788200    0.00000000    0.00000000    0.00000000    0.00000000
    0.00000000
   -0.00446100    0.00000000    0.00000000    0.00000000    0.00000000
    0.00000000
    0.00000000    1.00000000    0.00000000    0.00000000    0.00000000
    0.00000000
    0.00000000    0.00000000    1.00000000    0.00000000    0.00000000
    0.00000000
    0.24866600    0.00000000    0.00000000    0.00000000    0.00000000
    0.00000000
    0.00000000    0.00000000    0.00000000    1.00000000    0.00000000
    0.00000000
    0.45708300    0.00000000    0.00000000    0.00000000    0.00000000
    0.00000000
    0.00000000    0.00000000    0.00000000    0.00000000    1.00000000
    0.00000000
    0.35148300    0.00000000    0.00000000    0.00000000    0.00000000
    0.00000000
    0.00000000    0.00000000    0.00000000    0.00000000    0.00000000
    1.00000000
    0.09163600    0.00000000    0.00000000    0.00000000    0.00000000
    0.00000000

    1.616073    0.842642    0.439365    0.229091    0.119451

    1.00000000    0.00000000    0.00000000    0.00000000    0.00000000
    0.00000000    1.00000000    0.00000000    0.00000000    0.00000000
    0.00000000    0.00000000    1.00000000    0.00000000    0.00000000
    0.00000000    0.00000000    0.00000000    1.00000000    0.00000000
    0.00000000    0.00000000    0.00000000    0.00000000    1.00000000

    0.925936    0.548039    0.324371    0.191987

    1.00000000    0.00000000    0.00000000    0.00000000
    0.00000000    1.00000000    0.00000000    0.00000000
    0.00000000    0.00000000    1.00000000    0.00000000
    0.00000000    0.00000000    0.00000000    1.00000000

    1.057113    0.584832    0.323550

    1.00000000    0.00000000    0.00000000
    0.00000000    1.00000000    0.00000000
    0.00000000    0.00000000    1.00000000

    0.993718    0.523967

    1.00000000    0.00000000
    0.00000000    1.00000000

    0.856850

    1.00000000

As:cc-pVDZ-ccECP
ccECP cc-pVDZ for As | source recipes/As/ccECP/As.cc-pVDZ.gamess | ccECP from Guangming Wang et al. Journal of Chemical Physics 151, 144110 (2019) https://doi.org/10.1063/1.5121006

  3
    0    1    2
    2    2    1
   10   10    1

   50.230536   22.441775   10.026436    4.479567    2.001361
    0.894159    0.399488    0.178482    0.079741    0.051680

   -0.00053800    0.00000000
    0.00366000    0.00000000
   -0.02399200    0.00000000
    0.15807600    0.00000000
   -0.41934600    0.00000000
   -0.10051900    0.00000000
    0.45002000    0.00000000
    0.60510400    0.00000000
    0.19000900    0.00000000
    0.00000000    1.00000000

   22.695464   10.529662    4.885284    2.266549    1.051576
    0.487883    0.226356    0.105019    0.093979    0.048724

    0.00032200    0.00000000
   -0.00312000    0.00000000
    0.02984900    0.00000000
   -0.12788200    0.00000000
   -0.00446100    0.00000000
    0.24866600    0.00000000
    0.45708300    0.00000000
    0.35148300    0.00000000
    0.00000000    1.00000000
    0.09163600    0.00000000

    0.294836

    1.00000000

As:cc-pVQZ-ccECP
ccECP cc-pVQZ for As | source recipes/As/ccECP/As.cc-pVQZ.gamess | ccECP from Guangming Wang et al. Journal of Chemical Physics 151, 144110 (2019) https://doi.org/10.1063/1.5121006

  5
    0    1    2    3    4
    4    4    3    2    1
   12   12    3    2    1

   50.230536   22.441775   10.026436    4.479567    2.001361
    0.894159    0.530586    0.399488    0.234584    0.178482
    0.103715    0.079741

   -0.00053800    0.00000000    0.00000000    0.00000000
    0.00366000    0.00000000    0.00000000    0.00000000
   -0.02399200    0.00000000    0.00000000    0.00000000
    0.15807600    0.00000000    0.00000000    0.00000000
   -0.41934600    0.00000000    0.00000000    0.00000000
   -0.10051900    0.00000000    0.00000000    0.00000000
    0.00000000    1.00000000    0.00000000    0.00000000
    0.45002000    0.00000000    0.00000000    0.00000000
    0.00000000    0.00000000    1.00000000    0.00000000
    0.60510400    0.00000000    0.00000000    0.00000000
    0.00000000    0.00000000    0.00000000    1.00000000
    0.19000900    0.00000000    0.00000000    0.00000000

   22.695464   10.529662    4.885284    2.266549    1.051576
    0.550578    0.487883    0.226356    0.212539    0.105019
    0.082046    0.048724

    0.00032200    0.00000000    0.00000000    0.00000000
   -0.00312000    0.00000000    0.00000000    0.00000000
    0.02984900    0.00000000    0.00000000    0.00000000
   -0.12788200    0.00000000    0.00000000    0.00000000
   -0.00446100    0.00000000    0.00000000    0.00000000
    0.00000000    1.00000000    0.00000000    0.00000000
    0.24866600    0.00000000    0.00000000    0.00000000
    0.45708300    0.00000000    0.00000000    0.00000000
    0.00000000    0.00000000    1.00000000    0.00000000
    0.35148300    0.00000000    0.00000000    0.00000000
    0.00000000    0.00000000    0.00000000    1.00000000
    0.09163600    0.00000000    0.00000000    0.00000000

    1.374619    0.506785    0.186838

    1.00000000    0.00000000    0.00000000
    0.00000000    1.00000000    0.00000000
    0.00000000    0.00000000    1.00000000

    0.642896    0.261483

    1.00000000    0.00000000
    0.00000000    1.00000000

    0.561801

    1.00000000

As:cc-pVTZ-ccECP
ccECP cc-pVTZ for As | source recipes/As/ccECP/As.cc-pVTZ.gamess | ccECP from Guangming Wang et al. Journal of Chemical Physics 151, 144110 (2019) https://doi.org/10.1063/1.5121006

  4
    0    1    2    3
    3    3    2    1
   11   11    2    1

   50.230536   22.441775   10.026436    4.479567    2.001361
    0.894159    0.549347    0.399488    0.178482    0.115547
    0.079741

   -0.00053800    0.00000000    0.00000000
    0.00366000    0.00000000    0.00000000
   -0.02399200    0.00000000    0.00000000
    0.15807600    0.00000000    0.00000000
   -0.41934600    0.00000000    0.00000000
   -0.10051900    0.00000000    0.00000000
    0.00000000    1.00000000    0.00000000
    0.45002000    0.00000000    0.00000000
    0.60510400    0.00000000    0.00000000
    0.00000000    0.00000000    1.00000000
    0.19000900    0.00000000    0.00000000

   22.695464   10.529662    4.885284    2.266549    1.051576
    0.603543    0.487883    0.226356    0.105019    0.099669
    0.048724

    0.00032200    0.00000000    0.00000000
   -0.00312000    0.00000000    0.00000000
    0.02984900    0.00000000    0.00000000
   -0.12788200    0.00000000    0.00000000
   -0.00446100    0.00000000    0.00000000
    0.00000000    1.00000000    0.00000000
    0.24866600    0.00000000    0.00000000
    0.45708300    0.00000000    0.00000000
    0.35148300    0.00000000    0.00000000
    0.00000000    0.00000000    1.00000000
    0.09163600    0.00000000    0.00000000

    0.401888    0.166254

    1.00000000    0.00000000
    0.00000000    1.00000000

    0.430378

    1.00000000

