
Mn:aug-cc-pCV5Z-ccECP
ccECP aug-cc-pCV5Z for Mn | source recipes/Mn/ccECP/Mn.aug-cc-pCV5Z.gamess | ccECP from A. Annaberdiyev et al. Journal of Chemical Physics 149, 134108 (2018) https://doi.org/10.1063/1.5040472

  7
    0    1    2    3    4    5    6
   10   10    9    6    5    4    3
   16   16   14    6    5    4    3

    76.008334    39.277974    20.405805    12.218680     7.182690
     3.850780     3.360928     2.765370     2.142489     1.049631
     0.508682     0.192243     0.108899     0.053425     0.025236
     0.012000

    0.00099300   -0.00019900   -0.00009100   -0.00052600    0.00409700
   -0.00307900    0.00000000    0.00000000    0.00000000    0.00000000
   -0.01479600    0.00335200    0.00537400    0.01138000   -0.03635300
    0.00346300    0.00000000    0.00000000    0.00000000    0.00000000
    0.12071000   -0.02941300   -0.05849400   -0.11603400    0.26570800
    0.15710600    0.00000000    0.00000000    0.00000000    0.00000000
   -0.12400100    0.03209100    0.05634500    0.14932900   -0.48518700
   -0.17988400    0.00000000    0.00000000    0.00000000    0.00000000
   -0.32020000    0.08315200    0.22787400    0.36015400   -0.23228800
   -1.57436000    0.00000000    0.00000000    0.00000000    0.00000000
   -0.10562200    0.02128300   -0.00842000    0.02517400   -0.24179800
    2.93715800    0.00000000    0.00000000    0.00000000    0.00000000
    0.00000000    0.00000000    0.00000000    0.00000000    0.00000000
    0.00000000    0.00000000    0.00000000    0.00000000    1.00000000
    0.00000000    0.00000000    0.00000000    0.00000000    0.00000000
    0.00000000    0.00000000    0.00000000    1.00000000    0.00000000
    0.47272100   -0.12998900   -0.32077700   -1.17012500    3.38791800
    1.63382500    0.00000000    0.00000000    0.00000000    0.00000000
    0.62038700   -0.23900600   -0.81313700   -0.87212300   -3.26857300
   -7.64894400    0.00000000    0.00000000    0.00000000    0.00000000
    0.20455300   -0.18031500    0.32647500    2.55063300   -0.83790100
    8.00185900    0.00000000    0.00000000    0.00000000    0.00000000
    0.00592400    0.11014800    1.44754000    0.09034300    5.26227100
   -5.11761000    0.00000000    0.00000000    0.00000000    0.00000000
   -0.00009700    0.40442600    0.02132100   -2.21058800   -4.29984700
    0.53926100    0.00000000    0.00000000    0.00000000    0.00000000
   -0.00018500    0.51730700   -0.67832300    0.47058200   -0.44524000
    3.13143300    0.00000000    0.00000000    0.00000000    0.00000000
    0.00006100    0.14813900   -0.45282800    0.83217500    1.29402600
   -1.86377400    1.00000000    0.00000000    0.00000000    0.00000000
    0.00000000    0.00000000    0.00000000    0.00000000    0.00000000
    0.00000000    0.00000000    1.00000000    0.00000000    0.00000000

   113.479709    58.160819    30.043076    16.753323    10.705604
     8.446458     5.557903     3.237914     3.080151     1.582963
     0.810922     0.413396     0.195480     0.072688     0.035877
     0.017000

    0.00010300    0.00001900   -0.00019700    0.00001400   -0.00021400
   -0.00328700    0.00000000    0.00000000    0.00000000    0.00000000
   -0.00089400   -0.00002400    0.00135400    0.00042100    0.00186900
    0.01670100    0.00000000    0.00000000    0.00000000    0.00000000
    0.00884400   -0.00122400   -0.01010200   -0.00857300   -0.01439900
   -0.06009200    0.00000000    0.00000000    0.00000000    0.00000000
   -0.01968500    0.00232000    0.03060300    0.03879700    0.08866300
    0.06901300    0.00000000    0.00000000    0.00000000    0.00000000
   -0.06919000    0.02075800    0.04620000    0.09933800    0.11611700
   -0.50906300    0.00000000    0.00000000    0.00000000    0.00000000
    0.00000000    0.00000000    0.00000000    0.00000000    0.00000000
    0.00000000    0.00000000    0.00000000    0.00000000    1.00000000
    0.01150800   -0.01157200   -0.01758800   -0.14444500   -0.47666500
    2.28144200    0.00000000    0.00000000    0.00000000    0.00000000
    0.00000000    0.00000000    0.00000000    0.00000000    0.00000000
    0.00000000    0.00000000    0.00000000    1.00000000    0.00000000
    0.28231300   -0.06291900   -0.39592000   -0.82118200   -1.47189600
   -1.06091100    0.00000000    0.00000000    0.00000000    0.00000000
    0.43867800   -0.13675400   -0.41909300   -0.25078500    2.46363500
   -3.26457300    0.00000000    0.00000000    0.00000000    0.00000000
    0.30984300   -0.06729500    0.07501700    1.79017000    0.10250800
    6.07665300    0.00000000    0.00000000    0.00000000    0.00000000
    0.08394500   -0.03102400    1.09298600   -0.39954700   -2.77460100
   -5.03607800    0.00000000    0.00000000    0.00000000    0.00000000
    0.00751700    0.37898100    0.00868000   -1.29438200    2.43625400
    1.96624400    0.00000000    0.00000000    0.00000000    0.00000000
    0.00110000    0.50782400   -0.75636900    0.84704700   -0.61701900
    0.35917900    0.00000000    0.00000000    0.00000000    0.00000000
    0.00029000    0.26094100   -0.04514900    0.15171000   -0.32367600
   -0.79020200    1.00000000    0.00000000    0.00000000    0.00000000
    0.00000000    0.00000000    0.00000000    0.00000000    0.00000000
    0.00000000    0.00000000    1.00000000    0.00000000    0.00000000

   132.688182    45.266024    23.267336    10.605694     5.074684
     3.852065     3.423194     2.469857     1.205883     0.590569
     0.292055     0.149190     0.076511     0.034000

    0.00003000   -0.00002100    0.00006000   -0.00003700    0.00016800
    0.00000000    0.00000000    0.00000000    0.00000000
    0.00529400   -0.00544900    0.00838500   -0.01080900    0.01533800
    0.00000000    0.00000000    0.00000000    0.00000000
    0.02914300   -0.02903200    0.04580000   -0.05558200    0.08469200
    0.00000000    0.00000000    0.00000000    0.00000000
    0.07677500   -0.07982500    0.12921500   -0.17205300    0.27899300
    0.00000000    0.00000000    0.00000000    0.00000000
    0.16855100   -0.17441500    0.28432700   -0.38188900    0.55870300
    0.00000000    0.00000000    0.00000000    0.00000000
    0.00000000    0.00000000    0.00000000    0.00000000    0.00000000
    0.00000000    0.00000000    0.00000000    1.00000000
    0.00000000    0.00000000    0.00000000    0.00000000    0.00000000
    0.00000000    0.00000000    1.00000000    0.00000000
    0.25683200   -0.25340400    0.27076000   -0.13039900   -0.79413700
    0.00000000    0.00000000    0.00000000    0.00000000
    0.28989100   -0.17430500   -0.10159100    0.81899300   -0.68566600
    0.00000000    0.00000000    0.00000000    0.00000000
    0.25715400    0.04508100   -0.58067700    0.18014500    1.37685100
    0.00000000    0.00000000    0.00000000    0.00000000
    0.18172600    0.34576000   -0.18169600   -0.60472000    0.10636900
    0.00000000    0.00000000    0.00000000    0.00000000
    0.08998600    0.26372500    0.02100300   -0.73358400   -1.65453800
    0.00000000    0.00000000    0.00000000    0.00000000
    0.03459500    0.37171500    0.72365800    1.05874100    1.14932300
    1.00000000    0.00000000    0.00000000    0.00000000
    0.00000000    0.00000000    0.00000000    0.00000000    0.00000000
    0.00000000    1.00000000    0.00000000    0.00000000

     6.890148     3.846371     2.377304     0.820240     0.283007
     0.097646

    0.00000000    0.00000000    0.00000000    0.00000000    1.00000000
    0.00000000
    0.00000000    0.00000000    0.00000000    0.00000000    0.00000000
    1.00000000
    0.00000000    0.00000000    0.00000000    1.00000000    0.00000000
    0.00000000
    0.00000000    0.00000000    1.00000000    0.00000000    0.00000000
    0.00000000
    0.00000000    1.00000000    0.00000000    0.00000000    0.00000000
    0.00000000
    1.00000000    0.00000000    0.00000000    0.00000000    0.00000000
    0.00000000

     5.086615     4.016496     1.692696     0.563286     0.187447

    0.00000000    0.00000000    0.00000000    1.00000000    0.00000000
    0.00000000    0.00000000    0.00000000    0.00000000    1.00000000
    0.00000000    0.00000000    1.00000000    0.00000000    0.00000000
    0.00000000    1.00000000    0.00000000    0.00000000    0.00000000
    1.00000000    0.00000000    0.00000000    0.00000000    0.00000000

     6.157810     3.759579     1.129723     0.339473

    0.00000000    0.00000000    0.00000000    1.00000000
    0.00000000    0.00000000    1.00000000    0.00000000
    0.00000000    1.00000000    0.00000000    0.00000000
    1.00000000    0.00000000    0.00000000    0.00000000

     6.318422     2.739666     0.991671

    0.00000000    0.00000000    1.00000000
    0.00000000    1.00000000    0.00000000
    1.00000000    0.00000000    0.00000000

Mn:aug-cc-pCVDZ-ccECP
ccECP aug-cc-pCVDZ for Mn | source recipes/Mn/ccECP/Mn.aug-cc-pCVDZ.gamess | ccECP from A. Annaberdiyev et al. Journal of Chemical Physics 149, 134108 (2018) https://doi.org/10.1063/1.5040472

  4
    0    1    2    3
    7    7    6    3
   16   16   14    3

    76.008334    39.277974    20.405805    12.218680     7.182690
     3.850780     3.133156     2.142489     1.049631     0.832852
     0.508682     0.192243     0.108899     0.053425     0.025236
     0.012000

    0.00099300   -0.00019900   -0.00009100    0.00000000    0.00000000
    0.00000000    0.00000000
   -0.01479600    0.00335200    0.00537400    0.00000000    0.00000000
    0.00000000    0.00000000
    0.12071000   -0.02941300   -0.05849400    0.00000000    0.00000000
    0.00000000    0.00000000
   -0.12400100    0.03209100    0.05634500    0.00000000    0.00000000
    0.00000000    0.00000000
   -0.32020000    0.08315200    0.22787400    0.00000000    0.00000000
    0.00000000    0.00000000
   -0.10562200    0.02128300   -0.00842000    0.00000000    0.00000000
    0.00000000    0.00000000
    0.00000000    0.00000000    0.00000000    0.00000000    0.00000000
    0.00000000    1.00000000
    0.47272100   -0.12998900   -0.32077700    0.00000000    0.00000000
    0.00000000    0.00000000
    0.62038700   -0.23900600   -0.81313700    0.00000000    0.00000000
    0.00000000    0.00000000
    0.00000000    0.00000000    0.00000000    0.00000000    0.00000000
    1.00000000    0.00000000
    0.20455300   -0.18031500    0.32647500    0.00000000    0.00000000
    0.00000000    0.00000000
    0.00592400    0.11014800    1.44754000    0.00000000    0.00000000
    0.00000000    0.00000000
   -0.00009700    0.40442600    0.02132100    0.00000000    0.00000000
    0.00000000    0.00000000
   -0.00018500    0.51730700   -0.67832300    0.00000000    0.00000000
    0.00000000    0.00000000
    0.00006100    0.14813900   -0.45282800    1.00000000    0.00000000
    0.00000000    0.00000000
    0.00000000    0.00000000    0.00000000    0.00000000    1.00000000
    0.00000000    0.00000000

   113.479709    58.160819    30.043076    16.753323    10.705604
     5.557903     4.582593     3.080151     1.582963     1.020743
     0.810922     0.413396     0.195480     0.072688     0.035877
     0.017000

    0.00010300    0.00001900   -0.00019700    0.00000000    0.00000000
    0.00000000    0.00000000
   -0.00089400   -0.00002400    0.00135400    0.00000000    0.00000000
    0.00000000    0.00000000
    0.00884400   -0.00122400   -0.01010200    0.00000000    0.00000000
    0.00000000    0.00000000
   -0.01968500    0.00232000    0.03060300    0.00000000    0.00000000
    0.00000000    0.00000000
   -0.06919000    0.02075800    0.04620000    0.00000000    0.00000000
    0.00000000    0.00000000
    0.01150800   -0.01157200   -0.01758800    0.00000000    0.00000000
    0.00000000    0.00000000
    0.00000000    0.00000000    0.00000000    0.00000000    0.00000000
    0.00000000    1.00000000
    0.28231300   -0.06291900   -0.39592000    0.00000000    0.00000000
    0.00000000    0.00000000
    0.43867800   -0.13675400   -0.41909300    0.00000000    0.00000000
    0.00000000    0.00000000
    0.00000000    0.00000000    0.00000000    0.00000000    0.00000000
    1.00000000    0.00000000
    0.30984300   -0.06729500    0.07501700    0.00000000    0.00000000
    0.00000000    0.00000000
    0.08394500   -0.03102400    1.09298600    0.00000000    0.00000000
    0.00000000    0.00000000
    0.00751700    0.37898100    0.00868000    0.00000000    0.00000000
    0.00000000    0.00000000
    0.00110000    0.50782400   -0.75636900    0.00000000    0.00000000
    0.00000000    0.00000000
    0.00029000    0.26094100   -0.04514900    1.00000000    0.00000000
    0.00000000    0.00000000
    0.00000000    0.00000000    0.00000000    0.00000000    1.00000000
    0.00000000    0.00000000

   132.688182    45.266024    23.267336    10.605694     5.074684
     2.469857     2.435684     1.205883     0.985022     0.590569
     0.292055     0.149190     0.076511     0.034000

    0.00003000   -0.00002100    0.00000000    0.00000000    0.00000000
    0.00000000
    0.00529400   -0.00544900    0.00000000    0.00000000    0.00000000
    0.00000000
    0.02914300   -0.02903200    0.00000000    0.00000000    0.00000000
    0.00000000
    0.07677500   -0.07982500    0.00000000    0.00000000    0.00000000
    0.00000000
    0.16855100   -0.17441500    0.00000000    0.00000000    0.00000000
    0.00000000
    0.25683200   -0.25340400    0.00000000    0.00000000    0.00000000
    0.00000000
    0.00000000    0.00000000    0.00000000    0.00000000    0.00000000
    1.00000000
    0.28989100   -0.17430500    0.00000000    0.00000000    0.00000000
    0.00000000
    0.00000000    0.00000000    0.00000000    0.00000000    1.00000000
    0.00000000
    0.25715400    0.04508100    0.00000000    0.00000000    0.00000000
    0.00000000
    0.18172600    0.34576000    0.00000000    0.00000000    0.00000000
    0.00000000
    0.08998600    0.26372500    0.00000000    0.00000000    0.00000000
    0.00000000
    0.03459500    0.37171500    1.00000000    0.00000000    0.00000000
    0.00000000
    0.00000000    0.00000000    0.00000000    1.00000000    0.00000000
    0.00000000

     4.198704     1.357898     0.373591

    0.00000000    0.00000000    1.00000000
    0.00000000    1.00000000    0.00000000
    1.00000000    0.00000000    0.00000000

Mn:aug-cc-pCVQZ-ccECP
ccECP aug-cc-pCVQZ for Mn | source recipes/Mn/ccECP/Mn.aug-cc-pCVQZ.gamess | ccECP from A. Annaberdiyev et al. Journal of Chemical Physics 149, 134108 (2018) https://doi.org/10.1063/1.5040472

  6
    0    1    2    3    4    5
    9    9    8    5    4    3
   16   16   14    5    4    3

    76.008334    39.277974    20.405805    12.218680     7.182690
     3.850780     2.807571     2.142489     1.916448     1.049631
     0.508682     0.192243     0.108899     0.053425     0.025236
     0.012000

    0.00099300   -0.00019900   -0.00009100   -0.00052600    0.00409700
    0.00000000    0.00000000    0.00000000    0.00000000
   -0.01479600    0.00335200    0.00537400    0.01138000   -0.03635300
    0.00000000    0.00000000    0.00000000    0.00000000
    0.12071000   -0.02941300   -0.05849400   -0.11603400    0.26570800
    0.00000000    0.00000000    0.00000000    0.00000000
   -0.12400100    0.03209100    0.05634500    0.14932900   -0.48518700
    0.00000000    0.00000000    0.00000000    0.00000000
   -0.32020000    0.08315200    0.22787400    0.36015400   -0.23228800
    0.00000000    0.00000000    0.00000000    0.00000000
   -0.10562200    0.02128300   -0.00842000    0.02517400   -0.24179800
    0.00000000    0.00000000    0.00000000    0.00000000
    0.00000000    0.00000000    0.00000000    0.00000000    0.00000000
    0.00000000    0.00000000    0.00000000    1.00000000
    0.47272100   -0.12998900   -0.32077700   -1.17012500    3.38791800
    0.00000000    0.00000000    0.00000000    0.00000000
    0.00000000    0.00000000    0.00000000    0.00000000    0.00000000
    0.00000000    0.00000000    1.00000000    0.00000000
    0.62038700   -0.23900600   -0.81313700   -0.87212300   -3.26857300
    0.00000000    0.00000000    0.00000000    0.00000000
    0.20455300   -0.18031500    0.32647500    2.55063300   -0.83790100
    0.00000000    0.00000000    0.00000000    0.00000000
    0.00592400    0.11014800    1.44754000    0.09034300    5.26227100
    0.00000000    0.00000000    0.00000000    0.00000000
   -0.00009700    0.40442600    0.02132100   -2.21058800   -4.29984700
    0.00000000    0.00000000    0.00000000    0.00000000
   -0.00018500    0.51730700   -0.67832300    0.47058200   -0.44524000
    0.00000000    0.00000000    0.00000000    0.00000000
    0.00006100    0.14813900   -0.45282800    0.83217500    1.29402600
    1.00000000    0.00000000    0.00000000    0.00000000
    0.00000000    0.00000000    0.00000000    0.00000000    0.00000000
    0.00000000    1.00000000    0.00000000    0.00000000

   113.479709    58.160819    30.043076    16.753323    10.705604
     7.123182     5.557903     3.080151     2.153887     1.582963
     0.810922     0.413396     0.195480     0.072688     0.035877
     0.017000

    0.00010300    0.00001900   -0.00019700    0.00001400   -0.00021400
    0.00000000    0.00000000    0.00000000    0.00000000
   -0.00089400   -0.00002400    0.00135400    0.00042100    0.00186900
    0.00000000    0.00000000    0.00000000    0.00000000
    0.00884400   -0.00122400   -0.01010200   -0.00857300   -0.01439900
    0.00000000    0.00000000    0.00000000    0.00000000
   -0.01968500    0.00232000    0.03060300    0.03879700    0.08866300
    0.00000000    0.00000000    0.00000000    0.00000000
   -0.06919000    0.02075800    0.04620000    0.09933800    0.11611700
    0.00000000    0.00000000    0.00000000    0.00000000
    0.00000000    0.00000000    0.00000000    0.00000000    0.00000000
    0.00000000    0.00000000    0.00000000    1.00000000
    0.01150800   -0.01157200   -0.01758800   -0.14444500   -0.47666500
    0.00000000    0.00000000    0.00000000    0.00000000
    0.28231300   -0.06291900   -0.39592000   -0.82118200   -1.47189600
    0.00000000    0.00000000    0.00000000    0.00000000
    0.00000000    0.00000000    0.00000000    0.00000000    0.00000000
    0.00000000    0.00000000    1.00000000    0.00000000
    0.43867800   -0.13675400   -0.41909300   -0.25078500    2.46363500
    0.00000000    0.00000000    0.00000000    0.00000000
    0.30984300   -0.06729500    0.07501700    1.79017000    0.10250800
    0.00000000    0.00000000    0.00000000    0.00000000
    0.08394500   -0.03102400    1.09298600   -0.39954700   -2.77460100
    0.00000000    0.00000000    0.00000000    0.00000000
    0.00751700    0.37898100    0.00868000   -1.29438200    2.43625400
    0.00000000    0.00000000    0.00000000    0.00000000
    0.00110000    0.50782400   -0.75636900    0.84704700   -0.61701900
    0.00000000    0.00000000    0.00000000    0.00000000
    0.00029000    0.26094100   -0.04514900    0.15171000   -0.32367600
    1.00000000    0.00000000    0.00000000    0.00000000
    0.00000000    0.00000000    0.00000000    0.00000000    0.00000000
    0.00000000    1.00000000    0.00000000    0.00000000

   132.688182    45.266024    23.267336    10.605694     5.074684
     3.910783     3.346946     2.469857     1.205883     0.590569
     0.292055     0.149190     0.076511     0.034000

    0.00003000   -0.00002100    0.00006000   -0.00003700    0.00000000
    0.00000000    0.00000000    0.00000000
    0.00529400   -0.00544900    0.00838500   -0.01080900    0.00000000
    0.00000000    0.00000000    0.00000000
    0.02914300   -0.02903200    0.04580000   -0.05558200    0.00000000
    0.00000000    0.00000000    0.00000000
    0.07677500   -0.07982500    0.12921500   -0.17205300    0.00000000
    0.00000000    0.00000000    0.00000000
    0.16855100   -0.17441500    0.28432700   -0.38188900    0.00000000
    0.00000000    0.00000000    0.00000000
    0.00000000    0.00000000    0.00000000    0.00000000    0.00000000
    0.00000000    0.00000000    1.00000000
    0.00000000    0.00000000    0.00000000    0.00000000    0.00000000
    0.00000000    1.00000000    0.00000000
    0.25683200   -0.25340400    0.27076000   -0.13039900    0.00000000
    0.00000000    0.00000000    0.00000000
    0.28989100   -0.17430500   -0.10159100    0.81899300    0.00000000
    0.00000000    0.00000000    0.00000000
    0.25715400    0.04508100   -0.58067700    0.18014500    0.00000000
    0.00000000    0.00000000    0.00000000
    0.18172600    0.34576000   -0.18169600   -0.60472000    0.00000000
    0.00000000    0.00000000    0.00000000
    0.08998600    0.26372500    0.02100300   -0.73358400    0.00000000
    0.00000000    0.00000000    0.00000000
    0.03459500    0.37171500    0.72365800    1.05874100    1.00000000
    0.00000000    0.00000000    0.00000000
    0.00000000    0.00000000    0.00000000    0.00000000    0.00000000
    1.00000000    0.00000000    0.00000000

     4.631705     2.949498     1.369701     0.405052     0.119783

    0.00000000    0.00000000    0.00000000    1.00000000    0.00000000
    0.00000000    0.00000000    0.00000000    0.00000000    1.00000000
    0.00000000    0.00000000    1.00000000    0.00000000    0.00000000
    0.00000000    1.00000000    0.00000000    0.00000000    0.00000000
    1.00000000    0.00000000    0.00000000    0.00000000    0.00000000

     5.760733     3.265719     0.893773     0.244611

    0.00000000    0.00000000    0.00000000    1.00000000
    0.00000000    0.00000000    1.00000000    0.00000000
    0.00000000    1.00000000    0.00000000    0.00000000
    1.00000000    0.00000000    0.00000000    0.00000000

     5.267512     2.093484     0.740197

    0.00000000    0.00000000    1.00000000
    0.00000000    1.00000000    0.00000000
    1.00000000    0.00000000    0.00000000

Mn:aug-cc-pCVTZ-ccECP
ccECP aug-cc-pCVTZ for Mn | source recipes/Mn/ccECP/Mn.aug-cc-pCVTZ.gamess | ccECP from A. Annaberdiyev et al. Journal of Chemical Physics 149, 134108 (2018) https://doi.org/10.1063/1.5040472

  5
    0    1    2    3    4
    8    8    7    4    3
   16   16   14    4    3

    76.008334    39.277974    20.405805    12.218680     7.182690
     3.850780     3.121964     2.142489     1.199951     1.049631
     0.508682     0.192243     0.108899     0.053425     0.025236
     0.012000

    0.00099300   -0.00019900   -0.00009100   -0.00052600    0.00000000
    0.00000000    0.00000000    0.00000000
   -0.01479600    0.00335200    0.00537400    0.01138000    0.00000000
    0.00000000    0.00000000    0.00000000
    0.12071000   -0.02941300   -0.05849400   -0.11603400    0.00000000
    0.00000000    0.00000000    0.00000000
   -0.12400100    0.03209100    0.05634500    0.14932900    0.00000000
    0.00000000    0.00000000    0.00000000
   -0.32020000    0.08315200    0.22787400    0.36015400    0.00000000
    0.00000000    0.00000000    0.00000000
   -0.10562200    0.02128300   -0.00842000    0.02517400    0.00000000
    0.00000000    0.00000000    0.00000000
    0.00000000    0.00000000    0.00000000    0.00000000    0.00000000
    0.00000000    0.00000000    1.00000000
    0.47272100   -0.12998900   -0.32077700   -1.17012500    0.00000000
    0.00000000    0.00000000    0.00000000
    0.00000000    0.00000000    0.00000000    0.00000000    0.00000000
    0.00000000    1.00000000    0.00000000
    0.62038700   -0.23900600   -0.81313700   -0.87212300    0.00000000
    0.00000000    0.00000000    0.00000000
    0.20455300   -0.18031500    0.32647500    2.55063300    0.00000000
    0.00000000    0.00000000    0.00000000
    0.00592400    0.11014800    1.44754000    0.09034300    0.00000000
    0.00000000    0.00000000    0.00000000
   -0.00009700    0.40442600    0.02132100   -2.21058800    0.00000000
    0.00000000    0.00000000    0.00000000
   -0.00018500    0.51730700   -0.67832300    0.47058200    0.00000000
    0.00000000    0.00000000    0.00000000
    0.00006100    0.14813900   -0.45282800    0.83217500    1.00000000
    0.00000000    0.00000000    0.00000000
    0.00000000    0.00000000    0.00000000    0.00000000    0.00000000
    1.00000000    0.00000000    0.00000000

   113.479709    58.160819    30.043076    16.753323    10.705604
     5.604722     5.557903     3.080151     1.582963     1.467265
     0.810922     0.413396     0.195480     0.072688     0.035877
     0.017000

    0.00010300    0.00001900   -0.00019700    0.00001400    0.00000000
    0.00000000    0.00000000    0.00000000
   -0.00089400   -0.00002400    0.00135400    0.00042100    0.00000000
    0.00000000    0.00000000    0.00000000
    0.00884400   -0.00122400   -0.01010200   -0.00857300    0.00000000
    0.00000000    0.00000000    0.00000000
   -0.01968500    0.00232000    0.03060300    0.03879700    0.00000000
    0.00000000    0.00000000    0.00000000
   -0.06919000    0.02075800    0.04620000    0.09933800    0.00000000
    0.00000000    0.00000000    0.00000000
    0.00000000    0.00000000    0.00000000    0.00000000    0.00000000
    0.00000000    0.00000000    1.00000000
    0.01150800   -0.01157200   -0.01758800   -0.14444500    0.00000000
    0.00000000    0.00000000    0.00000000
    0.28231300   -0.06291900   -0.39592000   -0.82118200    0.00000000
    0.00000000    0.00000000    0.00000000
    0.43867800   -0.13675400   -0.41909300   -0.25078500    0.00000000
    0.00000000    0.00000000    0.00000000
    0.00000000    0.00000000    0.00000000    0.00000000    0.00000000
    0.00000000    1.00000000    0.00000000
    0.30984300   -0.06729500    0.07501700    1.79017000    0.00000000
    0.00000000    0.00000000    0.00000000
    0.08394500   -0.03102400    1.09298600   -0.39954700    0.00000000
    0.00000000    0.00000000    0.00000000
    0.00751700    0.37898100    0.00868000   -1.29438200    0.00000000
    0.00000000    0.00000000    0.00000000
    0.00110000    0.50782400   -0.75636900    0.84704700    0.00000000
    0.00000000    0.00000000    0.00000000
    0.00029000    0.26094100   -0.04514900    0.15171000    1.00000000
    0.00000000    0.00000000    0.00000000
    0.00000000    0.00000000    0.00000000    0.00000000    0.00000000
    1.00000000    0.00000000    0.00000000

   132.688182    45.266024    23.267336    10.605694     5.074684
     3.454746     2.469857     1.999257     1.205883     0.590569
     0.292055     0.149190     0.076511     0.034000

    0.00003000   -0.00002100    0.00006000    0.00000000    0.00000000
    0.00000000    0.00000000
    0.00529400   -0.00544900    0.00838500    0.00000000    0.00000000
    0.00000000    0.00000000
    0.02914300   -0.02903200    0.04580000    0.00000000    0.00000000
    0.00000000    0.00000000
    0.07677500   -0.07982500    0.12921500    0.00000000    0.00000000
    0.00000000    0.00000000
    0.16855100   -0.17441500    0.28432700    0.00000000    0.00000000
    0.00000000    0.00000000
    0.00000000    0.00000000    0.00000000    0.00000000    0.00000000
    0.00000000    1.00000000
    0.25683200   -0.25340400    0.27076000    0.00000000    0.00000000
    0.00000000    0.00000000
    0.00000000    0.00000000    0.00000000    0.00000000    0.00000000
    1.00000000    0.00000000
    0.28989100   -0.17430500   -0.10159100    0.00000000    0.00000000
    0.00000000    0.00000000
    0.25715400    0.04508100   -0.58067700    0.00000000    0.00000000
    0.00000000    0.00000000
    0.18172600    0.34576000   -0.18169600    0.00000000    0.00000000
    0.00000000    0.00000000
    0.08998600    0.26372500    0.02100300    0.00000000    0.00000000
    0.00000000    0.00000000
    0.03459500    0.37171500    0.72365800    1.00000000    0.00000000
    0.00000000    0.00000000
    0.00000000    0.00000000    0.00000000    0.00000000    1.00000000
    0.00000000    0.00000000

     6.309190     2.824255     0.677099     0.162331

    0.00000000    0.00000000    0.00000000    1.00000000
    0.00000000    0.00000000    1.00000000    0.00000000
    0.00000000    1.00000000    0.00000000    0.00000000
    1.00000000    0.00000000    0.00000000    0.00000000

     4.628708     1.740920     0.541534

    0.00000000    0.00000000    1.00000000
    0.00000000    1.00000000    0.00000000
    1.00000000    0.00000000    0.00000000

Mn:aug-cc-pV5Z-ccECP
ccECP aug-cc-pV5Z for Mn | source recipes/Mn/ccECP/Mn.aug-cc-pV5Z.gamess | ccECP from A. Annaberdiyev et al. Journal of Chemical Physics 149, 134108 (2018) https://doi.org/10.1063/1.5040472

  7
    0    1    2    3    4    5    6
    8    8    7    5    4    3    2
   14   14   12    5    4    3    2

    76.008334    39.277974    20.405805    12.218680     7.182690
     3.850780     2.142489     1.049631     0.508682     0.192243
     0.108899     0.053425     0.025236     0.012000

    0.00099300   -0.00019900   -0.00009100   -0.00052600    0.00409700
   -0.00307900    0.00000000    0.00000000
   -0.01479600    0.00335200    0.00537400    0.01138000   -0.03635300
    0.00346300    0.00000000    0.00000000
    0.12071000   -0.02941300   -0.05849400   -0.11603400    0.26570800
    0.15710600    0.00000000    0.00000000
   -0.12400100    0.03209100    0.05634500    0.14932900   -0.48518700
   -0.17988400    0.00000000    0.00000000
   -0.32020000    0.08315200    0.22787400    0.36015400   -0.23228800
   -1.57436000    0.00000000    0.00000000
   -0.10562200    0.02128300   -0.00842000    0.02517400   -0.24179800
    2.93715800    0.00000000    0.00000000
    0.47272100   -0.12998900   -0.32077700   -1.17012500    3.38791800
    1.63382500    0.00000000    0.00000000
    0.62038700   -0.23900600   -0.81313700   -0.87212300   -3.26857300
   -7.64894400    0.00000000    0.00000000
    0.20455300   -0.18031500    0.32647500    2.55063300   -0.83790100
    8.00185900    0.00000000    0.00000000
    0.00592400    0.11014800    1.44754000    0.09034300    5.26227100
   -5.11761000    0.00000000    0.00000000
   -0.00009700    0.40442600    0.02132100   -2.21058800   -4.29984700
    0.53926100    0.00000000    0.00000000
   -0.00018500    0.51730700   -0.67832300    0.47058200   -0.44524000
    3.13143300    0.00000000    0.00000000
    0.00006100    0.14813900   -0.45282800    0.83217500    1.29402600
   -1.86377400    1.00000000    0.00000000
    0.00000000    0.00000000    0.00000000    0.00000000    0.00000000
    0.00000000    0.00000000    1.00000000

   113.479709    58.160819    30.043076    16.753323    10.705604
     5.557903     3.080151     1.582963     0.810922     0.413396
     0.195480     0.072688     0.035877     0.017000

    0.00010300    0.00001900   -0.00019700    0.00001400   -0.00021400
   -0.00328700    0.00000000    0.00000000
   -0.00089400   -0.00002400    0.00135400    0.00042100    0.00186900
    0.01670100    0.00000000    0.00000000
    0.00884400   -0.00122400   -0.01010200   -0.00857300   -0.01439900
   -0.06009200    0.00000000    0.00000000
   -0.01968500    0.00232000    0.03060300    0.03879700    0.08866300
    0.06901300    0.00000000    0.00000000
   -0.06919000    0.02075800    0.04620000    0.09933800    0.11611700
   -0.50906300    0.00000000    0.00000000
    0.01150800   -0.01157200   -0.01758800   -0.14444500   -0.47666500
    2.28144200    0.00000000    0.00000000
    0.28231300   -0.06291900   -0.39592000   -0.82118200   -1.47189600
   -1.06091100    0.00000000    0.00000000
    0.43867800   -0.13675400   -0.41909300   -0.25078500    2.46363500
   -3.26457300    0.00000000    0.00000000
    0.30984300   -0.06729500    0.07501700    1.79017000    0.10250800
    6.07665300    0.00000000    0.00000000
    0.08394500   -0.03102400    1.09298600   -0.39954700   -2.77460100
   -5.03607800    0.00000000    0.00000000
    0.00751700    0.37898100    0.00868000   -1.29438200    2.43625400
    1.96624400    0.00000000    0.00000000
    0.00110000    0.50782400   -0.75636900    0.84704700   -0.61701900
    0.35917900    0.00000000    0.00000000
    0.00029000    0.26094100   -0.04514900    0.15171000   -0.32367600
   -0.79020200    1.00000000    0.00000000
    0.00000000    0.00000000    0.00000000    0.00000000    0.00000000
    0.00000000    0.00000000    1.00000000

   132.688182    45.266024    23.267336    10.605694     5.074684
     2.469857     1.205883     0.590569     0.292055     0.149190
     0.076511     0.034000

    0.00003000   -0.00002100    0.00006000   -0.00003700    0.00016800
    0.00000000    0.00000000
    0.00529400   -0.00544900    0.00838500   -0.01080900    0.01533800
    0.00000000    0.00000000
    0.02914300   -0.02903200    0.04580000   -0.05558200    0.08469200
    0.00000000    0.00000000
    0.07677500   -0.07982500    0.12921500   -0.17205300    0.27899300
    0.00000000    0.00000000
    0.16855100   -0.17441500    0.28432700   -0.38188900    0.55870300
    0.00000000    0.00000000
    0.25683200   -0.25340400    0.27076000   -0.13039900   -0.79413700
    0.00000000    0.00000000
    0.28989100   -0.17430500   -0.10159100    0.81899300   -0.68566600
    0.00000000    0.00000000
    0.25715400    0.04508100   -0.58067700    0.18014500    1.37685100
    0.00000000    0.00000000
    0.18172600    0.34576000   -0.18169600   -0.60472000    0.10636900
    0.00000000    0.00000000
    0.08998600    0.26372500    0.02100300   -0.73358400   -1.65453800
    0.00000000    0.00000000
    0.03459500    0.37171500    0.72365800    1.05874100    1.14932300
    1.00000000    0.00000000
    0.00000000    0.00000000    0.00000000    0.00000000    0.00000000
    0.00000000    1.00000000

     6.890148     2.377304     0.820240     0.283007     0.097646

    0.00000000    0.00000000    0.00000000    0.00000000    1.00000000
    0.00000000    0.00000000    0.00000000    1.00000000    0.00000000
    0.00000000    0.00000000    1.00000000    0.00000000    0.00000000
    0.00000000    1.00000000    0.00000000    0.00000000    0.00000000
    1.00000000    0.00000000    0.00000000    0.00000000    0.00000000

     5.086615     1.692696     0.563286     0.187447

    0.00000000    0.00000000    0.00000000    1.00000000
    0.00000000    0.00000000    1.00000000    0.00000000
    0.00000000    1.00000000    0.00000000    0.00000000
    1.00000000    0.00000000    0.00000000    0.00000000

     3.759579     1.129723     0.339473

    0.00000000    0.00000000    1.00000000
    0.00000000    1.00000000    0.00000000
    1.00000000    0.00000000    0.00000000

     2.739666     0.991671

    0.00000000    1.00000000
    1.00000000    0.00000000

Mn:aug-cc-pVDZ-ccECP
ccECP aug-cc-pVDZ for Mn | source recipes/Mn/ccECP/Mn.aug-cc-pVDZ.gamess | ccECP from A. Annaberdiyev et al. Journal of Chemical Physics 149, 134108 (2018) https://doi.org/10.1063/1.5040472

  4
    0    1    2    3
    5    5    4    2
   14   14   12    2

    76.008334    39.277974    20.405805    12.218680     7.182690
     3.850780     2.142489     1.049631     0.508682     0.192243
     0.108899     0.053425     0.025236     0.012000

    0.00099300   -0.00019900   -0.00009100    0.00000000    0.00000000
   -0.01479600    0.00335200    0.00537400    0.00000000    0.00000000
    0.12071000   -0.02941300   -0.05849400    0.00000000    0.00000000
   -0.12400100    0.03209100    0.05634500    0.00000000    0.00000000
   -0.32020000    0.08315200    0.22787400    0.00000000    0.00000000
   -0.10562200    0.02128300   -0.00842000    0.00000000    0.00000000
    0.47272100   -0.12998900   -0.32077700    0.00000000    0.00000000
    0.62038700   -0.23900600   -0.81313700    0.00000000    0.00000000
    0.20455300   -0.18031500    0.32647500    0.00000000    0.00000000
    0.00592400    0.11014800    1.44754000    0.00000000    0.00000000
   -0.00009700    0.40442600    0.02132100    0.00000000    0.00000000
   -0.00018500    0.51730700   -0.67832300    0.00000000    0.00000000
    0.00006100    0.14813900   -0.45282800    1.00000000    0.00000000
    0.00000000    0.00000000    0.00000000    0.00000000    1.00000000

   113.479709    58.160819    30.043076    16.753323    10.705604
     5.557903     3.080151     1.582963     0.810922     0.413396
     0.195480     0.072688     0.035877     0.017000

    0.00010300    0.00001900   -0.00019700    0.00000000    0.00000000
   -0.00089400   -0.00002400    0.00135400    0.00000000    0.00000000
    0.00884400   -0.00122400   -0.01010200    0.00000000    0.00000000
   -0.01968500    0.00232000    0.03060300    0.00000000    0.00000000
   -0.06919000    0.02075800    0.04620000    0.00000000    0.00000000
    0.01150800   -0.01157200   -0.01758800    0.00000000    0.00000000
    0.28231300   -0.06291900   -0.39592000    0.00000000    0.00000000
    0.43867800   -0.13675400   -0.41909300    0.00000000    0.00000000
    0.30984300   -0.06729500    0.07501700    0.00000000    0.00000000
    0.08394500   -0.03102400    1.09298600    0.00000000    0.00000000
    0.00751700    0.37898100    0.00868000    0.00000000    0.00000000
    0.00110000    0.50782400   -0.75636900    0.00000000    0.00000000
    0.00029000    0.26094100   -0.04514900    1.00000000    0.00000000
    0.00000000    0.00000000    0.00000000    0.00000000    1.00000000

   132.688182    45.266024    23.267336    10.605694     5.074684
     2.469857     1.205883     0.590569     0.292055     0.149190
     0.076511     0.034000

    0.00003000   -0.00002100    0.00000000    0.00000000
    0.00529400   -0.00544900    0.00000000    0.00000000
    0.02914300   -0.02903200    0.00000000    0.00000000
    0.07677500   -0.07982500    0.00000000    0.00000000
    0.16855100   -0.17441500    0.00000000    0.00000000
    0.25683200   -0.25340400    0.00000000    0.00000000
    0.28989100   -0.17430500    0.00000000    0.00000000
    0.25715400    0.04508100    0.00000000    0.00000000
    0.18172600    0.34576000    0.00000000    0.00000000
    0.08998600    0.26372500    0.00000000    0.00000000
    0.03459500    0.37171500    1.00000000    0.00000000
    0.00000000    0.00000000    0.00000000    1.00000000

     1.357898     0.373591

    0.00000000    1.00000000
    1.00000000    0.00000000

Mn:aug-cc-pVQZ-ccECP
ccECP aug-cc-pVQZ for Mn | source recipes/Mn/ccECP/Mn.aug-cc-pVQZ.gamess | ccECP from A. Annaberdiyev et al. Journal of Chemical Physics 149, 134108 (2018) https://doi.org/10.1063/1.5040472

  6
    0    1    2    3    4    5
    7    7    6    4    3    2
   14   14   12    4    3    2

    76.008334    39.277974    20.405805    12.218680     7.182690
     3.850780     2.142489     1.049631     0.508682     0.192243
     0.108899     0.053425     0.025236     0.012000

    0.00099300   -0.00019900   -0.00009100   -0.00052600    0.00409700
    0.00000000    0.00000000
   -0.01479600    0.00335200    0.00537400    0.01138000   -0.03635300
    0.00000000    0.00000000
    0.12071000   -0.02941300   -0.05849400   -0.11603400    0.26570800
    0.00000000    0.00000000
   -0.12400100    0.03209100    0.05634500    0.14932900   -0.48518700
    0.00000000    0.00000000
   -0.32020000    0.08315200    0.22787400    0.36015400   -0.23228800
    0.00000000    0.00000000
   -0.10562200    0.02128300   -0.00842000    0.02517400   -0.24179800
    0.00000000    0.00000000
    0.47272100   -0.12998900   -0.32077700   -1.17012500    3.38791800
    0.00000000    0.00000000
    0.62038700   -0.23900600   -0.81313700   -0.87212300   -3.26857300
    0.00000000    0.00000000
    0.20455300   -0.18031500    0.32647500    2.55063300   -0.83790100
    0.00000000    0.00000000
    0.00592400    0.11014800    1.44754000    0.09034300    5.26227100
    0.00000000    0.00000000
   -0.00009700    0.40442600    0.02132100   -2.21058800   -4.29984700
    0.00000000    0.00000000
   -0.00018500    0.51730700   -0.67832300    0.47058200   -0.44524000
    0.00000000    0.00000000
    0.00006100    0.14813900   -0.45282800    0.83217500    1.29402600
    1.00000000    0.00000000
    0.00000000    0.00000000    0.00000000    0.00000000    0.00000000
    0.00000000    1.00000000

   113.479709    58.160819    30.043076    16.753323    10.705604
     5.557903     3.080151     1.582963     0.810922     0.413396
     0.195480     0.072688     0.035877     0.017000

    0.00010300    0.00001900   -0.00019700    0.00001400   -0.00021400
    0.00000000    0.00000000
   -0.00089400   -0.00002400    0.00135400    0.00042100    0.00186900
    0.00000000    0.00000000
    0.00884400   -0.00122400   -0.01010200   -0.00857300   -0.01439900
    0.00000000    0.00000000
   -0.01968500    0.00232000    0.03060300    0.03879700    0.08866300
    0.00000000    0.00000000
   -0.06919000    0.02075800    0.04620000    0.09933800    0.11611700
    0.00000000    0.00000000
    0.01150800   -0.01157200   -0.01758800   -0.14444500   -0.47666500
    0.00000000    0.00000000
    0.28231300   -0.06291900   -0.39592000   -0.82118200   -1.47189600
    0.00000000    0.00000000
    0.43867800   -0.13675400   -0.41909300   -0.25078500    2.46363500
    0.00000000    0.00000000
    0.30984300   -0.06729500    0.07501700    1.79017000    0.10250800
    0.00000000    0.00000000
    0.08394500   -0.03102400    1.09298600   -0.39954700   -2.77460100
    0.00000000    0.00000000
    0.00751700    0.37898100    0.00868000   -1.29438200    2.43625400
    0.00000000    0.00000000
    0.00110000    0.50782400   -0.75636900    0.84704700   -0.61701900
    0.00000000    0.00000000
    0.00029000    0.26094100   -0.04514900    0.15171000   -0.32367600
    1.00000000    0.00000000
    0.00000000    0.00000000    0.00000000    0.00000000    0.00000000
    0.00000000    1.00000000

   132.688182    45.266024    23.267336    10.605694     5.074684
     2.469857     1.205883     0.590569     0.292055     0.149190
     0.076511     0.034000

    0.00003000   -0.00002100    0.00006000   -0.00003700    0.00000000
    0.00000000
    0.00529400   -0.00544900    0.00838500   -0.01080900    0.00000000
    0.00000000
    0.02914300   -0.02903200    0.04580000   -0.05558200    0.00000000
    0.00000000
    0.07677500   -0.07982500    0.12921500   -0.17205300    0.00000000
    0.00000000
    0.16855100   -0.17441500    0.28432700   -0.38188900    0.00000000
    0.00000000
    0.25683200   -0.25340400    0.27076000   -0.13039900    0.00000000
    0.00000000
    0.28989100   -0.17430500   -0.10159100    0.81899300    0.00000000
    0.00000000
    0.25715400    0.04508100   -0.58067700    0.18014500    0.00000000
    0.00000000
    0.18172600    0.34576000   -0.18169600   -0.60472000    0.00000000
    0.00000000
    0.08998600    0.26372500    0.02100300   -0.73358400    0.00000000
    0.00000000
    0.03459500    0.37171500    0.72365800    1.05874100    1.00000000
    0.00000000
    0.00000000    0.00000000    0.00000000    0.00000000    0.00000000
    1.00000000

     4.631705     1.369701     0.405052     0.119783

    0.00000000    0.00000000    0.00000000    1.00000000
    0.00000000    0.00000000    1.00000000    0.00000000
    0.00000000    1.00000000    0.00000000    0.00000000
    1.00000000    0.00000000    0.00000000    0.00000000

     3.265719     0.893773     0.244611

    0.00000000    0.00000000    1.00000000
    0.00000000    1.00000000    0.00000000
    1.00000000    0.00000000    0.00000000

     2.093484     0.740197

    0.00000000    1.00000000
    1.00000000    0.00000000

Mn:aug-cc-pVTZ-ccECP
ccECP aug-cc-pVTZ for Mn | source recipes/Mn/ccECP/Mn.aug-cc-pVTZ.gamess | ccECP from A. Annaberdiyev et al. Journal of Chemical Physics 149, 134108 (2018) https://doi.org/10.1063/1.5040472

  5
    0    1    2    3    4
    6    6    5    3    2
   14   14   12    3    2

    76.008334    39.277974    20.405805    12.218680     7.182690
     3.850780     2.142489     1.049631     0.508682     0.192243
     0.108899     0.053425     0.025236     0.012000

    0.00099300   -0.00019900   -0.00009100   -0.00052600    0.00000000
    0.00000000
   -0.01479600    0.00335200    0.00537400    0.01138000    0.00000000
    0.00000000
    0.12071000   -0.02941300   -0.05849400   -0.11603400    0.00000000
    0.00000000
   -0.12400100    0.03209100    0.05634500    0.14932900    0.00000000
    0.00000000
   -0.32020000    0.08315200    0.22787400    0.36015400    0.00000000
    0.00000000
   -0.10562200    0.02128300   -0.00842000    0.02517400    0.00000000
    0.00000000
    0.47272100   -0.12998900   -0.32077700   -1.17012500    0.00000000
    0.00000000
    0.62038700   -0.23900600   -0.81313700   -0.87212300    0.00000000
    0.00000000
    0.20455300   -0.18031500    0.32647500    2.55063300    0.00000000
    0.00000000
    0.00592400    0.11014800    1.44754000    0.09034300    0.00000000
    0.00000000
   -0.00009700    0.40442600    0.02132100   -2.21058800    0.00000000
    0.00000000
   -0.00018500    0.51730700   -0.67832300    0.47058200    0.00000000
    0.00000000
    0.00006100    0.14813900   -0.45282800    0.83217500    1.00000000
    0.00000000
    0.00000000    0.00000000    0.00000000    0.00000000    0.00000000
    1.00000000

   113.479709    58.160819    30.043076    16.753323    10.705604
     5.557903     3.080151     1.582963     0.810922     0.413396
     0.195480     0.072688     0.035877     0.017000

    0.00010300    0.00001900   -0.00019700    0.00001400    0.00000000
    0.00000000
   -0.00089400   -0.00002400    0.00135400    0.00042100    0.00000000
    0.00000000
    0.00884400   -0.00122400   -0.01010200   -0.00857300    0.00000000
    0.00000000
   -0.01968500    0.00232000    0.03060300    0.03879700    0.00000000
    0.00000000
   -0.06919000    0.02075800    0.04620000    0.09933800    0.00000000
    0.00000000
    0.01150800   -0.01157200   -0.01758800   -0.14444500    0.00000000
    0.00000000
    0.28231300   -0.06291900   -0.39592000   -0.82118200    0.00000000
    0.00000000
    0.43867800   -0.13675400   -0.41909300   -0.25078500    0.00000000
    0.00000000
    0.30984300   -0.06729500    0.07501700    1.79017000    0.00000000
    0.00000000
    0.08394500   -0.03102400    1.09298600   -0.39954700    0.00000000
    0.00000000
    0.00751700    0.37898100    0.00868000   -1.29438200    0.00000000
    0.00000000
    0.00110000    0.50782400   -0.75636900    0.84704700    0.00000000
    0.00000000
    0.00029000    0.26094100   -0.04514900    0.15171000    1.00000000
    0.00000000
    0.00000000    0.00000000    0.00000000    0.00000000    0.00000000
    1.00000000

   132.688182    45.266024    23.267336    10.605694     5.074684
     2.469857     1.205883     0.590569     0.292055     0.149190
     0.076511     0.034000

    0.00003000   -0.00002100    0.00006000    0.00000000    0.00000000
    0.00529400   -0.00544900    0.00838500    0.00000000    0.00000000
    0.02914300   -0.02903200    0.04580000    0.00000000    0.00000000
    0.07677500   -0.07982500    0.12921500    0.00000000    0.00000000
    0.16855100   -0.17441500    0.28432700    0.00000000    0.00000000
    0.25683200   -0.25340400    0.27076000    0.00000000    0.00000000
    0.28989100   -0.17430500   -0.10159100    0.00000000    0.00000000
    0.25715400    0.04508100   -0.58067700    0.00000000    0.00000000
    0.18172600    0.34576000   -0.18169600    0.00000000    0.00000000
    0.08998600    0.26372500    0.02100300    0.00000000    0.00000000
    0.03459500    0.37171500    0.72365800    1.00000000    0.00000000
    0.00000000    0.00000000    0.00000000    0.00000000    1.00000000

     2.824255     0.677099     0.162331

    0.00000000    0.00000000    1.00000000
    0.00000000    1.00000000    0.00000000
    1.00000000    0.00000000    0.00000000

     1.740920     0.541534

    0.00000000    1.00000000
    1.00000000    0.00000000

Mn:cc-pCV5Z-ccECP
ccECP cc-pCV5Z for Mn | source recipes/Mn/ccECP/Mn.cc-pCV5Z.gamess | ccECP from A. Annaberdiyev et al. Journal of Chemical Physics 149, 134108 (2018) https://doi.org/10.1063/1.5040472

  7
    0    1    2    3    4    5    6
    9    9    8    5    4    3    2
   15   15   13    5    4    3    2

    76.008334    39.277974    20.405805    12.218680     7.182690
     3.850780     3.360928     2.765370     2.142489     1.049631
     0.508682     0.192243     0.108899     0.053425     0.025236

    0.00099300   -0.00019900   -0.00009100   -0.00052600    0.00409700
   -0.00307900    0.00000000    0.00000000    0.00000000
   -0.01479600    0.00335200    0.00537400    0.01138000   -0.03635300
    0.00346300    0.00000000    0.00000000    0.00000000
    0.12071000   -0.02941300   -0.05849400   -0.11603400    0.26570800
    0.15710600    0.00000000    0.00000000    0.00000000
   -0.12400100    0.03209100    0.05634500    0.14932900   -0.48518700
   -0.17988400    0.00000000    0.00000000    0.00000000
   -0.32020000    0.08315200    0.22787400    0.36015400   -0.23228800
   -1.57436000    0.00000000    0.00000000    0.00000000
   -0.10562200    0.02128300   -0.00842000    0.02517400   -0.24179800
    2.93715800    0.00000000    0.00000000    0.00000000
    0.00000000    0.00000000    0.00000000    0.00000000    0.00000000
    0.00000000    0.00000000    0.00000000    1.00000000
    0.00000000    0.00000000    0.00000000    0.00000000    0.00000000
    0.00000000    0.00000000    1.00000000    0.00000000
    0.47272100   -0.12998900   -0.32077700   -1.17012500    3.38791800
    1.63382500    0.00000000    0.00000000    0.00000000
    0.62038700   -0.23900600   -0.81313700   -0.87212300   -3.26857300
   -7.64894400    0.00000000    0.00000000    0.00000000
    0.20455300   -0.18031500    0.32647500    2.55063300   -0.83790100
    8.00185900    0.00000000    0.00000000    0.00000000
    0.00592400    0.11014800    1.44754000    0.09034300    5.26227100
   -5.11761000    0.00000000    0.00000000    0.00000000
   -0.00009700    0.40442600    0.02132100   -2.21058800   -4.29984700
    0.53926100    0.00000000    0.00000000    0.00000000
   -0.00018500    0.51730700   -0.67832300    0.47058200   -0.44524000
    3.13143300    0.00000000    0.00000000    0.00000000
    0.00006100    0.14813900   -0.45282800    0.83217500    1.29402600
   -1.86377400    1.00000000    0.00000000    0.00000000

   113.479709    58.160819    30.043076    16.753323    10.705604
     8.446458     5.557903     3.237914     3.080151     1.582963
     0.810922     0.413396     0.195480     0.072688     0.035877

    0.00010300    0.00001900   -0.00019700    0.00001400   -0.00021400
   -0.00328700    0.00000000    0.00000000    0.00000000
   -0.00089400   -0.00002400    0.00135400    0.00042100    0.00186900
    0.01670100    0.00000000    0.00000000    0.00000000
    0.00884400   -0.00122400   -0.01010200   -0.00857300   -0.01439900
   -0.06009200    0.00000000    0.00000000    0.00000000
   -0.01968500    0.00232000    0.03060300    0.03879700    0.08866300
    0.06901300    0.00000000    0.00000000    0.00000000
   -0.06919000    0.02075800    0.04620000    0.09933800    0.11611700
   -0.50906300    0.00000000    0.00000000    0.00000000
    0.00000000    0.00000000    0.00000000    0.00000000    0.00000000
    0.00000000    0.00000000    0.00000000    1.00000000
    0.01150800   -0.01157200   -0.01758800   -0.14444500   -0.47666500
    2.28144200    0.00000000    0.00000000    0.00000000
    0.00000000    0.00000000    0.00000000    0.00000000    0.00000000
    0.00000000    0.00000000    1.00000000    0.00000000
    0.28231300   -0.06291900   -0.39592000   -0.82118200   -1.47189600
   -1.06091100    0.00000000    0.00000000    0.00000000
    0.43867800   -0.13675400   -0.41909300   -0.25078500    2.46363500
   -3.26457300    0.00000000    0.00000000    0.00000000
    0.30984300   -0.06729500    0.07501700    1.79017000    0.10250800
    6.07665300    0.00000000    0.00000000    0.00000000
    0.08394500   -0.03102400    1.09298600   -0.39954700   -2.77460100
   -5.03607800    0.00000000    0.00000000    0.00000000
    0.00751700    0.37898100    0.00868000   -1.29438200    2.43625400
    1.96624400    0.00000000    0.00000000    0.00000000
    0.00110000    0.50782400   -0.75636900    0.84704700   -0.61701900
    0.35917900    0.00000000    0.00000000    0.00000000
    0.00029000    0.26094100   -0.04514900    0.15171000   -0.32367600
   -0.79020200    1.00000000    0.00000000    0.00000000

   132.688182    45.266024    23.267336    10.605694     5.074684
     3.852065     3.423194     2.469857     1.205883     0.590569
     0.292055     0.149190     0.076511

    0.00003000   -0.00002100    0.00006000   -0.00003700    0.00016800
    0.00000000    0.00000000    0.00000000
    0.00529400   -0.00544900    0.00838500   -0.01080900    0.01533800
    0.00000000    0.00000000    0.00000000
    0.02914300   -0.02903200    0.04580000   -0.05558200    0.08469200
    0.00000000    0.00000000    0.00000000
    0.07677500   -0.07982500    0.12921500   -0.17205300    0.27899300
    0.00000000    0.00000000    0.00000000
    0.16855100   -0.17441500    0.28432700   -0.38188900    0.55870300
    0.00000000    0.00000000    0.00000000
    0.00000000    0.00000000    0.00000000    0.00000000    0.00000000
    0.00000000    0.00000000    1.00000000
    0.00000000    0.00000000    0.00000000    0.00000000    0.00000000
    0.00000000    1.00000000    0.00000000
    0.25683200   -0.25340400    0.27076000   -0.13039900   -0.79413700
    0.00000000    0.00000000    0.00000000
    0.28989100   -0.17430500   -0.10159100    0.81899300   -0.68566600
    0.00000000    0.00000000    0.00000000
    0.25715400    0.04508100   -0.58067700    0.18014500    1.37685100
    0.00000000    0.00000000    0.00000000
    0.18172600    0.34576000   -0.18169600   -0.60472000    0.10636900
    0.00000000    0.00000000    0.00000000
    0.08998600    0.26372500    0.02100300   -0.73358400   -1.65453800
    0.00000000    0.00000000    0.00000000
    0.03459500    0.37171500    0.72365800    1.05874100    1.14932300
    1.00000000    0.00000000    0.00000000

     6.890148     3.846371     2.377304     0.820240     0.283007

    0.00000000    0.00000000    0.00000000    1.00000000    0.00000000
    0.00000000    0.00000000    0.00000000    0.00000000    1.00000000
    0.00000000    0.00000000    1.00000000    0.00000000    0.00000000
    0.00000000    1.00000000    0.00000000    0.00000000    0.00000000
    1.00000000    0.00000000    0.00000000    0.00000000    0.00000000

     5.086615     4.016496     1.692696     0.563286

    0.00000000    0.00000000    1.00000000    0.00000000
    0.00000000    0.00000000    0.00000000    1.00000000
    0.00000000    1.00000000    0.00000000    0.00000000
    1.00000000    0.00000000    0.00000000    0.00000000

     6.157810     3.759579     1.129723

    0.00000000    0.00000000    1.00000000
    0.00000000    1.00000000    0.00000000
    1.00000000    0.00000000    0.00000000

     6.318422     2.739666

    0.00000000    1.00000000
    1.00000000    0.00000000

Mn:cc-pCVDZ-ccECP
ccECP cc-pCVDZ for Mn | source recipes/Mn/ccECP/Mn.cc-pCVDZ.gamess | ccECP from A. Annaberdiyev et al. Journal of Chemical Physics 149, 134108 (2018) https://doi.org/10.1063/1.5040472

  4
    0    1    2    3
    6    6    5    2
   15   15   13    2

    76.008334    39.277974    20.405805    12.218680     7.182690
     3.850780     3.133156     2.142489     1.049631     0.832852
     0.508682     0.192243     0.108899     0.053425     0.025236

    0.00099300   -0.00019900   -0.00009100    0.00000000    0.00000000
    0.00000000
   -0.01479600    0.00335200    0.00537400    0.00000000    0.00000000
    0.00000000
    0.12071000   -0.02941300   -0.05849400    0.00000000    0.00000000
    0.00000000
   -0.12400100    0.03209100    0.05634500    0.00000000    0.00000000
    0.00000000
   -0.32020000    0.08315200    0.22787400    0.00000000    0.00000000
    0.00000000
   -0.10562200    0.02128300   -0.00842000    0.00000000    0.00000000
    0.00000000
    0.00000000    0.00000000    0.00000000    0.00000000    0.00000000
    1.00000000
    0.47272100   -0.12998900   -0.32077700    0.00000000    0.00000000
    0.00000000
    0.62038700   -0.23900600   -0.81313700    0.00000000    0.00000000
    0.00000000
    0.00000000    0.00000000    0.00000000    0.00000000    1.00000000
    0.00000000
    0.20455300   -0.18031500    0.32647500    0.00000000    0.00000000
    0.00000000
    0.00592400    0.11014800    1.44754000    0.00000000    0.00000000
    0.00000000
   -0.00009700    0.40442600    0.02132100    0.00000000    0.00000000
    0.00000000
   -0.00018500    0.51730700   -0.67832300    0.00000000    0.00000000
    0.00000000
    0.00006100    0.14813900   -0.45282800    1.00000000    0.00000000
    0.00000000

   113.479709    58.160819    30.043076    16.753323    10.705604
     5.557903     4.582593     3.080151     1.582963     1.020743
     0.810922     0.413396     0.195480     0.072688     0.035877

    0.00010300    0.00001900   -0.00019700    0.00000000    0.00000000
    0.00000000
   -0.00089400   -0.00002400    0.00135400    0.00000000    0.00000000
    0.00000000
    0.00884400   -0.00122400   -0.01010200    0.00000000    0.00000000
    0.00000000
   -0.01968500    0.00232000    0.03060300    0.00000000    0.00000000
    0.00000000
   -0.06919000    0.02075800    0.04620000    0.00000000    0.00000000
    0.00000000
    0.01150800   -0.01157200   -0.01758800    0.00000000    0.00000000
    0.00000000
    0.00000000    0.00000000    0.00000000    0.00000000    0.00000000
    1.00000000
    0.28231300   -0.06291900   -0.39592000    0.00000000    0.00000000
    0.00000000
    0.43867800   -0.13675400   -0.41909300    0.00000000    0.00000000
    0.00000000
    0.00000000    0.00000000    0.00000000    0.00000000    1.00000000
    0.00000000
    0.30984300   -0.06729500    0.07501700    0.00000000    0.00000000
    0.00000000
    0.08394500   -0.03102400    1.09298600    0.00000000    0.00000000
    0.00000000
    0.00751700    0.37898100    0.00868000    0.00000000    0.00000000
    0.00000000
    0.00110000    0.50782400   -0.75636900    0.00000000    0.00000000
    0.00000000
    0.00029000    0.26094100   -0.04514900    1.00000000    0.00000000
    0.00000000

   132.688182    45.266024    23.267336    10.605694     5.074684
     2.469857     2.435684     1.205883     0.985022     0.590569
     0.292055     0.149190     0.076511

    0.00003000   -0.00002100    0.00000000    0.00000000    0.00000000
    0.00529400   -0.00544900    0.00000000    0.00000000    0.00000000
    0.02914300   -0.02903200    0.00000000    0.00000000    0.00000000
    0.07677500   -0.07982500    0.00000000    0.00000000    0.00000000
    0.16855100   -0.17441500    0.00000000    0.00000000    0.00000000
    0.25683200   -0.25340400    0.00000000    0.00000000    0.00000000
    0.00000000    0.00000000    0.00000000    0.00000000    1.00000000
    0.28989100   -0.17430500    0.00000000    0.00000000    0.00000000
    0.00000000    0.00000000    0.00000000    1.00000000    0.00000000
    0.25715400    0.04508100    0.00000000    0.00000000    0.00000000
    0.18172600    0.34576000    0.00000000    0.00000000    0.00000000
    0.08998600    0.26372500    0.00000000    0.00000000    0.00000000
    0.03459500    0.37171500    1.00000000    0.00000000    0.00000000

     4.198704     1.357898

    0.00000000    1.00000000
    1.00000000    0.00000000

Mn:cc-pCVQZ-ccECP
ccECP cc-pCVQZ for Mn | source recipes/Mn/ccECP/Mn.cc-pCVQZ.gamess | ccECP from A. Annaberdiyev et al. Journal of Chemical Physics 149, 134108 (2018) https://doi.org/10.1063/1.5040472

  6
    0    1    2    3    4    5
    8    8    7    4    3    2
   15   15   13    4    3    2

    76.008334    39.277974    20.405805    12.218680     7.182690
     3.850780     2.807571     2.142489     1.916448     1.049631
     0.508682     0.192243     0.108899     0.053425     0.025236

    0.00099300   -0.00019900   -0.00009100   -0.00052600    0.00409700
    0.00000000    0.00000000    0.00000000
   -0.01479600    0.00335200    0.00537400    0.01138000   -0.03635300
    0.00000000    0.00000000    0.00000000
    0.12071000   -0.02941300   -0.05849400   -0.11603400    0.26570800
    0.00000000    0.00000000    0.00000000
   -0.12400100    0.03209100    0.05634500    0.14932900   -0.48518700
    0.00000000    0.00000000    0.00000000
   -0.32020000    0.08315200    0.22787400    0.36015400   -0.23228800
    0.00000000    0.00000000    0.00000000
   -0.10562200    0.02128300   -0.00842000    0.02517400   -0.24179800
    0.00000000    0.00000000    0.00000000
    0.00000000    0.00000000    0.00000000    0.00000000    0.00000000
    0.00000000    0.00000000    1.00000000
    0.47272100   -0.12998900   -0.32077700   -1.17012500    3.38791800
    0.00000000    0.00000000    0.00000000
    0.00000000    0.00000000    0.00000000    0.00000000    0.00000000
    0.00000000    1.00000000    0.00000000
    0.62038700   -0.23900600   -0.81313700   -0.87212300   -3.26857300
    0.00000000    0.00000000    0.00000000
    0.20455300   -0.18031500    0.32647500    2.55063300   -0.83790100
    0.00000000    0.00000000    0.00000000
    0.00592400    0.11014800    1.44754000    0.09034300    5.26227100
    0.00000000    0.00000000    0.00000000
   -0.00009700    0.40442600    0.02132100   -2.21058800   -4.29984700
    0.00000000    0.00000000    0.00000000
   -0.00018500    0.51730700   -0.67832300    0.47058200   -0.44524000
    0.00000000    0.00000000    0.00000000
    0.00006100    0.14813900   -0.45282800    0.83217500    1.29402600
    1.00000000    0.00000000    0.00000000

   113.479709    58.160819    30.043076    16.753323    10.705604
     7.123182     5.557903     3.080151     2.153887     1.582963
     0.810922     0.413396     0.195480     0.072688     0.035877

    0.00010300    0.00001900   -0.00019700    0.00001400   -0.00021400
    0.00000000    0.00000000    0.00000000
   -0.00089400   -0.00002400    0.00135400    0.00042100    0.00186900
    0.00000000    0.00000000    0.00000000
    0.00884400   -0.00122400   -0.01010200   -0.00857300   -0.01439900
    0.00000000    0.00000000    0.00000000
   -0.01968500    0.00232000    0.03060300    0.03879700    0.08866300
    0.00000000    0.00000000    0.00000000
   -0.06919000    0.02075800    0.04620000    0.09933800    0.11611700
    0.00000000    0.00000000    0.00000000
    0.00000000    0.00000000    0.00000000    0.00000000    0.00000000
    0.00000000    0.00000000    1.00000000
    0.01150800   -0.01157200   -0.01758800   -0.14444500   -0.47666500
    0.00000000    0.00000000    0.00000000
    0.28231300   -0.06291900   -0.39592000   -0.82118200   -1.47189600
    0.00000000    0.00000000    0.00000000
    0.00000000    0.00000000    0.00000000    0.00000000    0.00000000
    0.00000000    1.00000000    0.00000000
    0.43867800   -0.13675400   -0.41909300   -0.25078500    2.46363500
    0.00000000    0.00000000    0.00000000
    0.30984300   -0.06729500    0.07501700    1.79017000    0.10250800
    0.00000000    0.00000000    0.00000000
    0.08394500   -0.03102400    1.09298600   -0.39954700   -2.77460100
    0.00000000    0.00000000    0.00000000
    0.00751700    0.37898100    0.00868000   -1.29438200    2.43625400
    0.00000000    0.00000000    0.00000000
    0.00110000    0.50782400   -0.75636900    0.84704700   -0.61701900
    0.00000000    0.00000000    0.00000000
    0.00029000    0.26094100   -0.04514900    0.15171000   -0.32367600
    1.00000000    0.00000000    0.00000000

   132.688182    45.266024    23.267336    10.605694     5.074684
     3.910783     3.346946     2.469857     1.205883     0.590569
     0.292055     0.149190     0.076511

    0.00003000   -0.00002100    0.00006000   -0.00003700    0.00000000
    0.00000000    0.00000000
    0.00529400   -0.00544900    0.00838500   -0.01080900    0.00000000
    0.00000000    0.00000000
    0.02914300   -0.02903200    0.04580000   -0.05558200    0.00000000
    0.00000000    0.00000000
    0.07677500   -0.07982500    0.12921500   -0.17205300    0.00000000
    0.00000000    0.00000000
    0.16855100   -0.17441500    0.28432700   -0.38188900    0.00000000
    0.00000000    0.00000000
    0.00000000    0.00000000    0.00000000    0.00000000    0.00000000
    0.00000000    1.00000000
    0.00000000    0.00000000    0.00000000    0.00000000    0.00000000
    1.00000000    0.00000000
    0.25683200   -0.25340400    0.27076000   -0.13039900    0.00000000
    0.00000000    0.00000000
    0.28989100   -0.17430500   -0.10159100    0.81899300    0.00000000
    0.00000000    0.00000000
    0.25715400    0.04508100   -0.58067700    0.18014500    0.00000000
    0.00000000    0.00000000
    0.18172600    0.34576000   -0.18169600   -0.60472000    0.00000000
    0.00000000    0.00000000
    0.08998600    0.26372500    0.02100300   -0.73358400    0.00000000
    0.00000000    0.00000000
    0.03459500    0.37171500    0.72365800    1.05874100    1.00000000
    0.00000000    0.00000000

     4.631705     2.949498     1.369701     0.405052

    0.00000000    0.00000000    1.00000000    0.00000000
    0.00000000    0.00000000    0.00000000    1.00000000
    0.00000000    1.00000000    0.00000000    0.00000000
    1.00000000    0.00000000    0.00000000    0.00000000

     5.760733     3.265719     0.893773

    0.00000000    0.00000000    1.00000000
    0.00000000    1.00000000    0.00000000
    1.00000000    0.00000000    0.00000000

     5.267512     2.093484

    0.00000000    1.00000000
    1.00000000    0.00000000

Mn:cc-pCVTZ-ccECP
ccECP cc-pCVTZ for Mn | source recipes/Mn/ccECP/Mn.cc-pCVTZ.gamess | ccECP from A. Annaberdiyev et al. Journal of Chemical Physics 149, 134108 (2018) https://doi.org/10.1063/1.5040472

  5
    0    1    2    3    4
    7    7    6    3    2
   15   15   13    3    2

    76.008334    39.277974    20.405805    12.218680     7.182690
     3.850780     3.121964     2.142489     1.199951     1.049631
     0.508682     0.192243     0.108899     0.053425     0.025236

    0.00099300   -0.00019900   -0.00009100   -0.00052600    0.00000000
    0.00000000    0.00000000
   -0.01479600    0.00335200    0.00537400    0.01138000    0.00000000
    0.00000000    0.00000000
    0.12071000   -0.02941300   -0.05849400   -0.11603400    0.00000000
    0.00000000    0.00000000
   -0.12400100    0.03209100    0.05634500    0.14932900    0.00000000
    0.00000000    0.00000000
   -0.32020000    0.08315200    0.22787400    0.36015400    0.00000000
    0.00000000    0.00000000
   -0.10562200    0.02128300   -0.00842000    0.02517400    0.00000000
    0.00000000    0.00000000
    0.00000000    0.00000000    0.00000000    0.00000000    0.00000000
    0.00000000    1.00000000
    0.47272100   -0.12998900   -0.32077700   -1.17012500    0.00000000
    0.00000000    0.00000000
    0.00000000    0.00000000    0.00000000    0.00000000    0.00000000
    1.00000000    0.00000000
    0.62038700   -0.23900600   -0.81313700   -0.87212300    0.00000000
    0.00000000    0.00000000
    0.20455300   -0.18031500    0.32647500    2.55063300    0.00000000
    0.00000000    0.00000000
    0.00592400    0.11014800    1.44754000    0.09034300    0.00000000
    0.00000000    0.00000000
   -0.00009700    0.40442600    0.02132100   -2.21058800    0.00000000
    0.00000000    0.00000000
   -0.00018500    0.51730700   -0.67832300    0.47058200    0.00000000
    0.00000000    0.00000000
    0.00006100    0.14813900   -0.45282800    0.83217500    1.00000000
    0.00000000    0.00000000

   113.479709    58.160819    30.043076    16.753323    10.705604
     5.604722     5.557903     3.080151     1.582963     1.467265
     0.810922     0.413396     0.195480     0.072688     0.035877

    0.00010300    0.00001900   -0.00019700    0.00001400    0.00000000
    0.00000000    0.00000000
   -0.00089400   -0.00002400    0.00135400    0.00042100    0.00000000
    0.00000000    0.00000000
    0.00884400   -0.00122400   -0.01010200   -0.00857300    0.00000000
    0.00000000    0.00000000
   -0.01968500    0.00232000    0.03060300    0.03879700    0.00000000
    0.00000000    0.00000000
   -0.06919000    0.02075800    0.04620000    0.09933800    0.00000000
    0.00000000    0.00000000
    0.00000000    0.00000000    0.00000000    0.00000000    0.00000000
    0.00000000    1.00000000
    0.01150800   -0.01157200   -0.01758800   -0.14444500    0.00000000
    0.00000000    0.00000000
    0.28231300   -0.06291900   -0.39592000   -0.82118200    0.00000000
    0.00000000    0.00000000
    0.43867800   -0.13675400   -0.41909300   -0.25078500    0.00000000
    0.00000000    0.00000000
    0.00000000    0.00000000    0.00000000    0.00000000    0.00000000
    1.00000000    0.00000000
    0.30984300   -0.06729500    0.07501700    1.79017000    0.00000000
    0.00000000    0.00000000
    0.08394500   -0.03102400    1.09298600   -0.39954700    0.00000000
    0.00000000    0.00000000
    0.00751700    0.37898100    0.00868000   -1.29438200    0.00000000
    0.00000000    0.00000000
    0.00110000    0.50782400   -0.75636900    0.84704700    0.00000000
    0.00000000    0.00000000
    0.00029000    0.26094100   -0.04514900    0.15171000    1.00000000
    0.00000000    0.00000000

   132.688182    45.266024    23.267336    10.605694     5.074684
     3.454746     2.469857     1.999257     1.205883     0.590569
     0.292055     0.149190     0.076511

    0.00003000   -0.00002100    0.00006000    0.00000000    0.00000000
    0.00000000
    0.00529400   -0.00544900    0.00838500    0.00000000    0.00000000
    0.00000000
    0.02914300   -0.02903200    0.04580000    0.00000000    0.00000000
    0.00000000
    0.07677500   -0.07982500    0.12921500    0.00000000    0.00000000
    0.00000000
    0.16855100   -0.17441500    0.28432700    0.00000000    0.00000000
    0.00000000
    0.00000000    0.00000000    0.00000000    0.00000000    0.00000000
    1.00000000
    0.25683200   -0.25340400    0.27076000    0.00000000    0.00000000
    0.00000000
    0.00000000    0.00000000    0.00000000    0.00000000    1.00000000
    0.00000000
    0.28989100   -0.17430500   -0.10159100    0.00000000    0.00000000
    0.00000000
    0.25715400    0.04508100   -0.58067700    0.00000000    0.00000000
    0.00000000
    0.18172600    0.34576000   -0.18169600    0.00000000    0.00000000
    0.00000000
    0.08998600    0.26372500    0.02100300    0.00000000    0.00000000
    0.00000000
    0.03459500    0.37171500    0.72365800    1.00000000    0.00000000
    0.00000000

     6.309190     2.824255     0.677099

    0.00000000    0.00000000    1.00000000
    0.00000000    1.00000000    0.00000000
    1.00000000    0.00000000    0.00000000

     4.628708     1.740920

    0.00000000    1.00000000
    1.00000000    0.00000000

Mn:cc-pV5Z-ccECP
ccECP cc-pV5Z for Mn | source recipes/Mn/ccECP/Mn.cc-pV5Z.gamess | ccECP from A. Annaberdiyev et al. Journal of Chemical Physics 149, 134108 (2018) https://doi.org/10.1063/1.5040472

  7
    0    1    2    3    4    5    6
    7    7    6    4    3    2    1
   13   13   11    4    3    2    1

    76.008334    39.277974    20.405805    12.218680     7.182690
     3.850780     2.142489     1.049631     0.508682     0.192243
     0.108899     0.053425     0.025236

    0.00099300   -0.00019900   -0.00009100   -0.00052600    0.00409700
   -0.00307900    0.00000000
   -0.01479600    0.00335200    0.00537400    0.01138000   -0.03635300
    0.00346300    0.00000000
    0.12071000   -0.02941300   -0.05849400   -0.11603400    0.26570800
    0.15710600    0.00000000
   -0.12400100    0.03209100    0.05634500    0.14932900   -0.48518700
   -0.17988400    0.00000000
   -0.32020000    0.08315200    0.22787400    0.36015400   -0.23228800
   -1.57436000    0.00000000
   -0.10562200    0.02128300   -0.00842000    0.02517400   -0.24179800
    2.93715800    0.00000000
    0.47272100   -0.12998900   -0.32077700   -1.17012500    3.38791800
    1.63382500    0.00000000
    0.62038700   -0.23900600   -0.81313700   -0.87212300   -3.26857300
   -7.64894400    0.00000000
    0.20455300   -0.18031500    0.32647500    2.55063300   -0.83790100
    8.00185900    0.00000000
    0.00592400    0.11014800    1.44754000    0.09034300    5.26227100
   -5.11761000    0.00000000
   -0.00009700    0.40442600    0.02132100   -2.21058800   -4.29984700
    0.53926100    0.00000000
   -0.00018500    0.51730700   -0.67832300    0.47058200   -0.44524000
    3.13143300    0.00000000
    0.00006100    0.14813900   -0.45282800    0.83217500    1.29402600
   -1.86377400    1.00000000

   113.479709    58.160819    30.043076    16.753323    10.705604
     5.557903     3.080151     1.582963     0.810922     0.413396
     0.195480     0.072688     0.035877

    0.00010300    0.00001900   -0.00019700    0.00001400   -0.00021400
   -0.00328700    0.00000000
   -0.00089400   -0.00002400    0.00135400    0.00042100    0.00186900
    0.01670100    0.00000000
    0.00884400   -0.00122400   -0.01010200   -0.00857300   -0.01439900
   -0.06009200    0.00000000
   -0.01968500    0.00232000    0.03060300    0.03879700    0.08866300
    0.06901300    0.00000000
   -0.06919000    0.02075800    0.04620000    0.09933800    0.11611700
   -0.50906300    0.00000000
    0.01150800   -0.01157200   -0.01758800   -0.14444500   -0.47666500
    2.28144200    0.00000000
    0.28231300   -0.06291900   -0.39592000   -0.82118200   -1.47189600
   -1.06091100    0.00000000
    0.43867800   -0.13675400   -0.41909300   -0.25078500    2.46363500
   -3.26457300    0.00000000
    0.30984300   -0.06729500    0.07501700    1.79017000    0.10250800
    6.07665300    0.00000000
    0.08394500   -0.03102400    1.09298600   -0.39954700   -2.77460100
   -5.03607800    0.00000000
    0.00751700    0.37898100    0.00868000   -1.29438200    2.43625400
    1.96624400    0.00000000
    0.00110000    0.50782400   -0.75636900    0.84704700   -0.61701900
    0.35917900    0.00000000
    0.00029000    0.26094100   -0.04514900    0.15171000   -0.32367600
   -0.79020200    1.00000000

   132.688182    45.266024    23.267336    10.605694     5.074684
     2.469857     1.205883     0.590569     0.292055     0.149190
     0.076511

    0.00003000   -0.00002100    0.00006000   -0.00003700    0.00016800
    0.00000000
    0.00529400   -0.00544900    0.00838500   -0.01080900    0.01533800
    0.00000000
    0.02914300   -0.02903200    0.04580000   -0.05558200    0.08469200
    0.00000000
    0.07677500   -0.07982500    0.12921500   -0.17205300    0.27899300
    0.00000000
    0.16855100   -0.17441500    0.28432700   -0.38188900    0.55870300
    0.00000000
    0.25683200   -0.25340400    0.27076000   -0.13039900   -0.79413700
    0.00000000
    0.28989100   -0.17430500   -0.10159100    0.81899300   -0.68566600
    0.00000000
    0.25715400    0.04508100   -0.58067700    0.18014500    1.37685100
    0.00000000
    0.18172600    0.34576000   -0.18169600   -0.60472000    0.10636900
    0.00000000
    0.08998600    0.26372500    0.02100300   -0.73358400   -1.65453800
    0.00000000
    0.03459500    0.37171500    0.72365800    1.05874100    1.14932300
    1.00000000

     6.890148     2.377304     0.820240     0.283007

    0.00000000    0.00000000    0.00000000    1.00000000
    0.00000000    0.00000000    1.00000000    0.00000000
    0.00000000    1.00000000    0.00000000    0.00000000
    1.00000000    0.00000000    0.00000000    0.00000000

     5.086615     1.692696     0.563286

    0.00000000    0.00000000    1.00000000
    0.00000000    1.00000000    0.00000000
    1.00000000    0.00000000    0.00000000

     3.759579     1.129723

    0.00000000    1.00000000
    1.00000000    0.00000000

     2.739666

    1.00000000

Mn:cc-pVDZ-ccECP
ccECP cc-pVDZ for Mn | source recipes/Mn/ccECP/Mn.cc-pVDZ.gamess | ccECP from A. Annaberdiyev et al. Journal of Chemical Physics 149, 134108 (2018) https://doi.org/10.1063/1.5040472

  4
    0    1    2    3
    4    4    3    1
   13   13   11    1

    76.008334    39.277974    20.405805    12.218680     7.182690
     3.850780     2.142489     1.049631     0.508682     0.192243
     0.108899     0.053425     0.025236

    0.00099300   -0.00019900   -0.00009100    0.00000000
   -0.01479600    0.00335200    0.00537400    0.00000000
    0.12071000   -0.02941300   -0.05849400    0.00000000
   -0.12400100    0.03209100    0.05634500    0.00000000
   -0.32020000    0.08315200    0.22787400    0.00000000
   -0.10562200    0.02128300   -0.00842000    0.00000000
    0.47272100   -0.12998900   -0.32077700    0.00000000
    0.62038700   -0.23900600   -0.81313700    0.00000000
    0.20455300   -0.18031500    0.32647500    0.00000000
    0.00592400    0.11014800    1.44754000    0.00000000
   -0.00009700    0.40442600    0.02132100    0.00000000
   -0.00018500    0.51730700   -0.67832300    0.00000000
    0.00006100    0.14813900   -0.45282800    1.00000000

   113.479709    58.160819    30.043076    16.753323    10.705604
     5.557903     3.080151     1.582963     0.810922     0.413396
     0.195480     0.072688     0.035877

    0.00010300    0.00001900   -0.00019700    0.00000000
   -0.00089400   -0.00002400    0.00135400    0.00000000
    0.00884400   -0.00122400   -0.01010200    0.00000000
   -0.01968500    0.00232000    0.03060300    0.00000000
   -0.06919000    0.02075800    0.04620000    0.00000000
    0.01150800   -0.01157200   -0.01758800    0.00000000
    0.28231300   -0.06291900   -0.39592000    0.00000000
    0.43867800   -0.13675400   -0.41909300    0.00000000
    0.30984300   -0.06729500    0.07501700    0.00000000
    0.08394500   -0.03102400    1.09298600    0.00000000
    0.00751700    0.37898100    0.00868000    0.00000000
    0.00110000    0.50782400   -0.75636900    0.00000000
    0.00029000    0.26094100   -0.04514900    1.00000000

   132.688182    45.266024    23.267336    10.605694     5.074684
     2.469857     1.205883     0.590569     0.292055     0.149190
     0.076511

    0.00003000   -0.00002100    0.00000000
    0.00529400   -0.00544900    0.00000000
    0.02914300   -0.02903200    0.00000000
    0.07677500   -0.07982500    0.00000000
    0.16855100   -0.17441500    0.00000000
    0.25683200   -0.25340400    0.00000000
    0.28989100   -0.17430500    0.00000000
    0.25715400    0.04508100    0.00000000
    0.18172600    0.34576000    0.00000000
    0.08998600    0.26372500    0.00000000
    0.03459500    0.37171500    1.00000000

     1.357898

    1.00000000

Mn:cc-pVQZ-ccECP
ccECP cc-pVQZ for Mn | source recipes/Mn/ccECP/Mn.cc-pVQZ.gamess | ccECP from A. Annaberdiyev et al. Journal of Chemical Physics 149, 134108 (2018) https://doi.org/10.1063/1.5040472

  6
    0    1    2    3    4    5
    6    6    5    3    2    1
   13   13   11    3    2    1

    76.008334    39.277974    20.405805    12.218680     7.182690
     3.850780     2.142489     1.049631     0.508682     0.192243
     0.108899     0.053425     0.025236

    0.00099300   -0.00019900   -0.00009100   -0.00052600    0.00409700
    0.00000000
   -0.01479600    0.00335200    0.00537400    0.01138000   -0.03635300
    0.00000000
    0.12071000   -0.02941300   -0.05849400   -0.11603400    0.26570800
    0.00000000
   -0.12400100    0.03209100    0.05634500    0.14932900   -0.48518700
    0.00000000
   -0.32020000    0.08315200    0.22787400    0.36015400   -0.23228800
    0.00000000
   -0.10562200    0.02128300   -0.00842000    0.02517400   -0.24179800
    0.00000000
    0.47272100   -0.12998900   -0.32077700   -1.17012500    3.38791800
    0.00000000
    0.62038700   -0.23900600   -0.81313700   -0.87212300   -3.26857300
    0.00000000
    0.20455300   -0.18031500    0.32647500    2.55063300   -0.83790100
    0.00000000
    0.00592400    0.11014800    1.44754000    0.09034300    5.26227100
    0.00000000
   -0.00009700    0.40442600    0.02132100   -2.21058800   -4.29984700
    0.00000000
   -0.00018500    0.51730700   -0.67832300    0.47058200   -0.44524000
    0.00000000
    0.00006100    0.14813900   -0.45282800    0.83217500    1.29402600
    1.00000000

   113.479709    58.160819    30.043076    16.753323    10.705604
     5.557903     3.080151     1.582963     0.810922     0.413396
     0.195480     0.072688     0.035877

    0.00010300    0.00001900   -0.00019700    0.00001400   -0.00021400
    0.00000000
   -0.00089400   -0.00002400    0.00135400    0.00042100    0.00186900
    0.00000000
    0.00884400   -0.00122400   -0.01010200   -0.00857300   -0.01439900
    0.00000000
   -0.01968500    0.00232000    0.03060300    0.03879700    0.08866300
    0.00000000
   -0.06919000    0.02075800    0.04620000    0.09933800    0.11611700
    0.00000000
    0.01150800   -0.01157200   -0.01758800   -0.14444500   -0.47666500
    0.00000000
    0.28231300   -0.06291900   -0.39592000   -0.82118200   -1.47189600
    0.00000000
    0.43867800   -0.13675400   -0.41909300   -0.25078500    2.46363500
    0.00000000
    0.30984300   -0.06729500    0.07501700    1.79017000    0.10250800
    0.00000000
    0.08394500   -0.03102400    1.09298600   -0.39954700   -2.77460100
    0.00000000
    0.00751700    0.37898100    0.00868000   -1.29438200    2.43625400
    0.00000000
    0.00110000    0.50782400   -0.75636900    0.84704700   -0.61701900
    0.00000000
    0.00029000    0.26094100   -0.04514900    0.15171000   -0.32367600
    1.00000000

   132.688182    45.266024    23.267336    10.605694     5.074684
     2.469857     1.205883     0.590569     0.292055     0.149190
     0.076511

    0.00003000   -0.00002100    0.00006000   -0.00003700    0.00000000
    0.00529400   -0.00544900    0.00838500   -0.01080900    0.00000000
    0.02914300   -0.02903200    0.04580000   -0.05558200    0.00000000
    0.07677500   -0.07982500    0.12921500   -0.17205300    0.00000000
    0.16855100   -0.17441500    0.28432700   -0.38188900    0.00000000
    0.25683200   -0.25340400    0.27076000   -0.13039900    0.00000000
    0.28989100   -0.17430500   -0.10159100    0.81899300    0.00000000
    0.25715400    0.04508100   -0.58067700    0.18014500    0.00000000
    0.18172600    0.34576000   -0.18169600   -0.60472000    0.00000000
    0.08998600    0.26372500    0.02100300   -0.73358400    0.00000000
    0.03459500    0.37171500    0.72365800    1.05874100    1.00000000

     4.631705     1.369701     0.405052

    0.00000000    0.00000000    1.00000000
    0.00000000    1.00000000    0.00000000
    1.00000000    0.00000000    0.00000000

     3.265719     0.893773

    0.00000000    1.00000000
    1.00000000    0.00000000

     2.093484

    1.00000000

Mn:cc-pVTZ-ccECP
ccECP cc-pVTZ for Mn | source recipes/Mn/ccECP/Mn.cc-pVTZ.gamess | ccECP from A. Annaberdiyev et al. Journal of Chemical Physics 149, 134108 (2018) https://doi.org/10.1063/1.5040472

  5
    0    1    2    3    4
    5    5    4    2    1
   13   13   11    2    1

    76.008334    39.277974    20.405805    12.218680     7.182690
     3.850780     2.142489     1.049631     0.508682     0.192243
     0.108899     0.053425     0.025236

    0.00099300   -0.00019900   -0.00009100   -0.00052600    0.00000000
   -0.01479600    0.00335200    0.00537400    0.01138000    0.00000000
    0.12071000   -0.02941300   -0.05849400   -0.11603400    0.00000000
   -0.12400100    0.03209100    0.05634500    0.14932900    0.00000000
   -0.32020000    0.08315200    0.22787400    0.36015400    0.00000000
   -0.10562200    0.02128300   -0.00842000    0.02517400    0.00000000
    0.47272100   -0.12998900   -0.32077700   -1.17012500    0.00000000
    0.62038700   -0.23900600   -0.81313700   -0.87212300    0.00000000
    0.20455300   -0.18031500    0.32647500    2.55063300    0.00000000
    0.00592400    0.11014800    1.44754000    0.09034300    0.00000000
   -0.00009700    0.40442600    0.02132100   -2.21058800    0.00000000
   -0.00018500    0.51730700   -0.67832300    0.47058200    0.00000000
    0.00006100    0.14813900   -0.45282800    0.83217500    1.00000000

   113.479709    58.160819    30.043076    16.753323    10.705604
     5.557903     3.080151     1.582963     0.810922     0.413396
     0.195480     0.072688     0.035877

    0.00010300    0.00001900   -0.00019700    0.00001400    0.00000000
   -0.00089400   -0.00002400    0.00135400    0.00042100    0.00000000
    0.00884400   -0.00122400   -0.01010200   -0.00857300    0.00000000
   -0.01968500    0.00232000    0.03060300    0.03879700    0.00000000
   -0.06919000    0.02075800    0.04620000    0.09933800    0.00000000
    0.01150800   -0.01157200   -0.01758800   -0.14444500    0.00000000
    0.28231300   -0.06291900   -0.39592000   -0.82118200    0.00000000
    0.43867800   -0.13675400   -0.41909300   -0.25078500    0.00000000
    0.30984300   -0.06729500    0.07501700    1.79017000    0.00000000
    0.08394500   -0.03102400    1.09298600   -0.39954700    0.00000000
    0.00751700    0.37898100    0.00868000   -1.29438200    0.00000000
    0.00110000    0.50782400   -0.75636900    0.84704700    0.00000000
    0.00029000    0.26094100   -0.04514900    0.15171000    1.00000000

   132.688182    45.266024    23.267336    10.605694     5.074684
     2.469857     1.205883     0.590569     0.292055     0.149190
     0.076511

    0.00003000   -0.00002100    0.00006000    0.00000000
    0.00529400   -0.00544900    0.00838500    0.00000000
    0.02914300   -0.02903200    0.04580000    0.00000000
    0.07677500   -0.07982500    0.12921500    0.00000000
    0.16855100   -0.17441500    0.28432700    0.00000000
    0.25683200   -0.25340400    0.27076000    0.00000000
    0.28989100   -0.17430500   -0.10159100    0.00000000
    0.25715400    0.04508100   -0.58067700    0.00000000
    0.18172600    0.34576000   -0.18169600    0.00000000
    0.08998600    0.26372500    0.02100300    0.00000000
    0.03459500    0.37171500    0.72365800    1.00000000

     2.824255     0.677099

    0.00000000    1.00000000
    1.00000000    0.00000000

     1.740920

    1.00000000

