
Ne:cc-pV5Z-ccECP
ccECP cc-pV5Z for Ne | source recipes/Ne/ccECP/Ne.cc-pV5Z.gamess | ccECP from Guangming Wang et al. Journal of Chemical Physics 151, 144110 (2019) https://doi.org/10.1063/1.5121006

  6
    0    1    2    3    4    5
    5    5    4    3    2    1
   14   14    4    3    2    1

   89.999848   44.745732   22.246488   11.060411    5.498967
    4.912719    2.733953    1.972598    1.359255    0.792055
    0.675788    0.335985    0.318033    0.167044

    0.00003370    0.00000000    0.00000000    0.00000000    0.00000000
   -0.00055860    0.00000000    0.00000000    0.00000000    0.00000000
    0.01858840    0.00000000    0.00000000    0.00000000    0.00000000
   -0.12689730    0.00000000    0.00000000    0.00000000    0.00000000
   -0.04853020    0.00000000    0.00000000    0.00000000    0.00000000
    0.00000000    1.00000000    0.00000000    0.00000000    0.00000000
    0.17891780    0.00000000    0.00000000    0.00000000    0.00000000
    0.00000000    0.00000000    1.00000000    0.00000000    0.00000000
    0.37701020    0.00000000    0.00000000    0.00000000    0.00000000
    0.00000000    0.00000000    0.00000000    1.00000000    0.00000000
    0.39006930    0.00000000    0.00000000    0.00000000    0.00000000
    0.18553010    0.00000000    0.00000000    0.00000000    0.00000000
    0.00000000    0.00000000    0.00000000    0.00000000    1.00000000
    0.02494380    0.00000000    0.00000000    0.00000000    0.00000000

   40.001333   20.592442   10.600863    5.457260    3.803053
    2.809364    1.469942    1.446244    0.744517    0.568157
    0.383273    0.219602    0.197307    0.101572

    0.00364740    0.00000000    0.00000000    0.00000000    0.00000000
    0.03301820    0.00000000    0.00000000    0.00000000    0.00000000
    0.06814330    0.00000000    0.00000000    0.00000000    0.00000000
    0.13511940    0.00000000    0.00000000    0.00000000    0.00000000
    0.00000000    1.00000000    0.00000000    0.00000000    0.00000000
    0.21484190    0.00000000    0.00000000    0.00000000    0.00000000
    0.00000000    0.00000000    1.00000000    0.00000000    0.00000000
    0.26495200    0.00000000    0.00000000    0.00000000    0.00000000
    0.25843380    0.00000000    0.00000000    0.00000000    0.00000000
    0.00000000    0.00000000    0.00000000    1.00000000    0.00000000
    0.19042960    0.00000000    0.00000000    0.00000000    0.00000000
    0.00000000    0.00000000    0.00000000    0.00000000    1.00000000
    0.08474940    0.00000000    0.00000000    0.00000000    0.00000000
    0.01542050    0.00000000    0.00000000    0.00000000    0.00000000

   10.513557    4.094747    1.594793    0.621129

    1.00000000    0.00000000    0.00000000    0.00000000
    0.00000000    1.00000000    0.00000000    0.00000000
    0.00000000    0.00000000    1.00000000    0.00000000
    0.00000000    0.00000000    0.00000000    1.00000000

    7.163506    2.796987    1.092082

    1.00000000    0.00000000    0.00000000
    0.00000000    1.00000000    0.00000000
    0.00000000    0.00000000    1.00000000

    5.407637    1.907344

    1.00000000    0.00000000
    0.00000000    1.00000000

    3.797706

    1.00000000

Ne:cc-pV6Z-ccECP
ccECP cc-pV6Z for Ne | source recipes/Ne/ccECP/Ne.cc-pV6Z.gamess | ccECP from Guangming Wang et al. Journal of Chemical Physics 151, 144110 (2019) https://doi.org/10.1063/1.5121006

  7
    0    1    2    3    4    5    6
    6    6    5    4    3    2    1
   15   15    5    4    3    2    1

   89.999848   44.745732   22.246488   11.060411    5.645582
    5.498967    2.733953    2.598539    1.359255    1.196052
    0.675788    0.550517    0.335985    0.253391    0.167044

    0.00003370    0.00000000    0.00000000    0.00000000    0.00000000
    0.00000000
   -0.00055860    0.00000000    0.00000000    0.00000000    0.00000000
    0.00000000
    0.01858840    0.00000000    0.00000000    0.00000000    0.00000000
    0.00000000
   -0.12689730    0.00000000    0.00000000    0.00000000    0.00000000
    0.00000000
    0.00000000    1.00000000    0.00000000    0.00000000    0.00000000
    0.00000000
   -0.04853020    0.00000000    0.00000000    0.00000000    0.00000000
    0.00000000
    0.17891780    0.00000000    0.00000000    0.00000000    0.00000000
    0.00000000
    0.00000000    0.00000000    1.00000000    0.00000000    0.00000000
    0.00000000
    0.37701020    0.00000000    0.00000000    0.00000000    0.00000000
    0.00000000
    0.00000000    0.00000000    0.00000000    1.00000000    0.00000000
    0.00000000
    0.39006930    0.00000000    0.00000000    0.00000000    0.00000000
    0.00000000
    0.00000000    0.00000000    0.00000000    0.00000000    1.00000000
    0.00000000
    0.18553010    0.00000000    0.00000000    0.00000000    0.00000000
    0.00000000
    0.00000000    0.00000000    0.00000000    0.00000000    0.00000000
    1.00000000
    0.02494380    0.00000000    0.00000000    0.00000000    0.00000000
    0.00000000

   40.001333   20.592442   10.600863    5.956575    5.457260
    2.809364    2.513531    1.446244    1.060649    0.744517
    0.447568    0.383273    0.197307    0.188863    0.101572

    0.00364740    0.00000000    0.00000000    0.00000000    0.00000000
    0.00000000
    0.03301820    0.00000000    0.00000000    0.00000000    0.00000000
    0.00000000
    0.06814330    0.00000000    0.00000000    0.00000000    0.00000000
    0.00000000
    0.00000000    1.00000000    0.00000000    0.00000000    0.00000000
    0.00000000
    0.13511940    0.00000000    0.00000000    0.00000000    0.00000000
    0.00000000
    0.21484190    0.00000000    0.00000000    0.00000000    0.00000000
    0.00000000
    0.00000000    0.00000000    1.00000000    0.00000000    0.00000000
    0.00000000
    0.26495200    0.00000000    0.00000000    0.00000000    0.00000000
    0.00000000
    0.00000000    0.00000000    0.00000000    1.00000000    0.00000000
    0.00000000
    0.25843380    0.00000000    0.00000000    0.00000000    0.00000000
    0.00000000
    0.00000000    0.00000000    0.00000000    0.00000000    1.00000000
    0.00000000
    0.19042960    0.00000000    0.00000000    0.00000000    0.00000000
    0.00000000
    0.08474940    0.00000000    0.00000000    0.00000000    0.00000000
    0.00000000
    0.00000000    0.00000000    0.00000000    0.00000000    0.00000000
    1.00000000
    0.01542050    0.00000000    0.00000000    0.00000000    0.00000000
    0.00000000

   15.502080    6.688366    2.885693    1.245031    0.537168

    1.00000000    0.00000000    0.00000000    0.00000000    0.00000000
    0.00000000    1.00000000    0.00000000    0.00000000    0.00000000
    0.00000000    0.00000000    1.00000000    0.00000000    0.00000000
    0.00000000    0.00000000    0.00000000    1.00000000    0.00000000
    0.00000000    0.00000000    0.00000000    0.00000000    1.00000000

    9.454061    4.194532    1.861010    0.825684

    1.00000000    0.00000000    0.00000000    0.00000000
    0.00000000    1.00000000    0.00000000    0.00000000
    0.00000000    0.00000000    1.00000000    0.00000000
    0.00000000    0.00000000    0.00000000    1.00000000

    8.764366    3.622402    1.497176

    1.00000000    0.00000000    0.00000000
    0.00000000    1.00000000    0.00000000
    0.00000000    0.00000000    1.00000000

    6.298847    2.452948

    1.00000000    0.00000000
    0.00000000    1.00000000

    4.489278

    1.00000000

Ne:cc-pVDZ-ccECP
ccECP cc-pVDZ for Ne | source recipes/Ne/ccECP/Ne.cc-pVDZ.gamess | ccECP from Guangming Wang et al. Journal of Chemical Physics 151, 144110 (2019) https://doi.org/10.1063/1.5121006

  3
    0    1    2
    2    2    1
   11   11    1

   89.999848   44.745732   22.246488   11.060411    5.498967
    2.733953    1.359255    0.675788    0.455383    0.335985
    0.167044

    0.00003370    0.00000000
   -0.00055860    0.00000000
    0.01858840    0.00000000
   -0.12689730    0.00000000
   -0.04853020    0.00000000
    0.17891780    0.00000000
    0.37701020    0.00000000
    0.39006930    0.00000000
    0.00000000    1.00000000
    0.18553010    0.00000000
    0.02494380    0.00000000

   40.001333   20.592442   10.600863    5.457260    2.809364
    1.446244    0.744517    0.472224    0.383273    0.197307
    0.101572

    0.00364740    0.00000000
    0.03301820    0.00000000
    0.06814330    0.00000000
    0.13511940    0.00000000
    0.21484190    0.00000000
    0.26495200    0.00000000
    0.25843380    0.00000000
    0.00000000    1.00000000
    0.19042960    0.00000000
    0.08474940    0.00000000
    0.01542050    0.00000000

    2.371533

    1.00000000

Ne:cc-pVQZ-ccECP
ccECP cc-pVQZ for Ne | source recipes/Ne/ccECP/Ne.cc-pVQZ.gamess | ccECP from Guangming Wang et al. Journal of Chemical Physics 151, 144110 (2019) https://doi.org/10.1063/1.5121006

  5
    0    1    2    3    4
    4    4    3    2    1
   13   13    3    2    1

   89.999848   44.745732   22.246488   11.060411    5.498967
    2.733953    2.261159    1.658402    1.359255    0.675788
    0.399186    0.335985    0.167044

    0.00003370    0.00000000    0.00000000    0.00000000
   -0.00055860    0.00000000    0.00000000    0.00000000
    0.01858840    0.00000000    0.00000000    0.00000000
   -0.12689730    0.00000000    0.00000000    0.00000000
   -0.04853020    0.00000000    0.00000000    0.00000000
    0.17891780    0.00000000    0.00000000    0.00000000
    0.00000000    1.00000000    0.00000000    0.00000000
    0.00000000    0.00000000    1.00000000    0.00000000
    0.37701020    0.00000000    0.00000000    0.00000000
    0.39006930    0.00000000    0.00000000    0.00000000
    0.00000000    0.00000000    0.00000000    1.00000000
    0.18553010    0.00000000    0.00000000    0.00000000
    0.02494380    0.00000000    0.00000000    0.00000000

   40.001333   20.592442   10.600863    5.457260    2.809364
    1.938376    1.446244    0.757342    0.744517    0.383273
    0.245215    0.197307    0.101572

    0.00364740    0.00000000    0.00000000    0.00000000
    0.03301820    0.00000000    0.00000000    0.00000000
    0.06814330    0.00000000    0.00000000    0.00000000
    0.13511940    0.00000000    0.00000000    0.00000000
    0.21484190    0.00000000    0.00000000    0.00000000
    0.00000000    1.00000000    0.00000000    0.00000000
    0.26495200    0.00000000    0.00000000    0.00000000
    0.00000000    0.00000000    1.00000000    0.00000000
    0.25843380    0.00000000    0.00000000    0.00000000
    0.19042960    0.00000000    0.00000000    0.00000000
    0.00000000    0.00000000    0.00000000    1.00000000
    0.08474940    0.00000000    0.00000000    0.00000000
    0.01542050    0.00000000    0.00000000    0.00000000

    6.170224    2.188751    0.738131

    1.00000000    0.00000000    0.00000000
    0.00000000    1.00000000    0.00000000
    0.00000000    0.00000000    1.00000000

    4.849402    1.589986

    1.00000000    0.00000000
    0.00000000    1.00000000

    3.228793

    1.00000000

Ne:cc-pVTZ-ccECP
ccECP cc-pVTZ for Ne | source recipes/Ne/ccECP/Ne.cc-pVTZ.gamess | ccECP from Guangming Wang et al. Journal of Chemical Physics 151, 144110 (2019) https://doi.org/10.1063/1.5121006

  4
    0    1    2    3
    3    3    2    1
   12   12    2    1

   89.999848   44.745732   22.246488   11.060411    5.498967
    2.733953    1.359255    0.675788    0.534557    0.335985
    0.317767    0.167044

    0.00003370    0.00000000    0.00000000
   -0.00055860    0.00000000    0.00000000
    0.01858840    0.00000000    0.00000000
   -0.12689730    0.00000000    0.00000000
   -0.04853020    0.00000000    0.00000000
    0.17891780    0.00000000    0.00000000
    0.37701020    0.00000000    0.00000000
    0.39006930    0.00000000    0.00000000
    0.00000000    1.00000000    0.00000000
    0.18553010    0.00000000    0.00000000
    0.00000000    0.00000000    1.00000000
    0.02494380    0.00000000    0.00000000

   40.001333   20.592442   10.600863    5.457260    2.809364
    1.446244    0.962126    0.744517    0.383273    0.294665
    0.197307    0.101572

    0.00364740    0.00000000    0.00000000
    0.03301820    0.00000000    0.00000000
    0.06814330    0.00000000    0.00000000
    0.13511940    0.00000000    0.00000000
    0.21484190    0.00000000    0.00000000
    0.26495200    0.00000000    0.00000000
    0.00000000    1.00000000    0.00000000
    0.25843380    0.00000000    0.00000000
    0.19042960    0.00000000    0.00000000
    0.00000000    0.00000000    1.00000000
    0.08474940    0.00000000    0.00000000
    0.01542050    0.00000000    0.00000000

    4.161437    1.134063

    1.00000000    0.00000000
    0.00000000    1.00000000

    2.556751

    1.00000000

