
Cs:aug-cc-pCV5Z-ccECP
ccECP aug-cc-pCV5Z for Cs | source recipes/Cs/ccECP/Cs.aug-cc-pCV5Z.gamess | ccECP from Omar Madany et al. Journal of Chemical Physics (2025) https://doi.org/10.1063/5.0285320

  6
    0    1    2    3    4    5
   13   13    9    7    5    3
   24   24    9    7    5    3

   65.882738   32.159823   15.698410    7.662980    4.761275
    3.740586    2.682834    1.825920    1.511695    0.891300
    0.851794    0.564108    0.479960    0.435077    0.228083
    0.212377    0.103669    0.092220    0.050605    0.037287
    0.024702    0.015076    0.012058    0.006030

    -0.000050     0.000035   0.00000000   0.00000000   0.00000000   0.00000000
   0.00000000   0.00000000   0.00000000   0.00000000   0.00000000   0.00000000
   0.00000000
     0.000191    -0.000165   0.00000000   0.00000000   0.00000000   0.00000000
   0.00000000   0.00000000   0.00000000   0.00000000   0.00000000   0.00000000
   0.00000000
     0.000565     0.000252   0.00000000   0.00000000   0.00000000   0.00000000
   0.00000000   0.00000000   0.00000000   0.00000000   0.00000000   0.00000000
   0.00000000
    -0.023603     0.005070   0.00000000   0.00000000   0.00000000   0.00000000
   0.00000000   0.00000000   0.00000000   0.00000000   0.00000000   0.00000000
   0.00000000
   0.00000000   0.00000000   0.00000000   0.00000000   0.00000000   0.00000000
   0.00000000   0.00000000     1.000000   0.00000000   0.00000000   0.00000000
   0.00000000
     0.235875    -0.062127   0.00000000   0.00000000   0.00000000   0.00000000
   0.00000000   0.00000000   0.00000000   0.00000000   0.00000000   0.00000000
   0.00000000
   0.00000000   0.00000000   0.00000000   0.00000000   0.00000000   0.00000000
   0.00000000   0.00000000   0.00000000     1.000000   0.00000000   0.00000000
   0.00000000
    -0.633310     0.182657   0.00000000   0.00000000   0.00000000   0.00000000
   0.00000000   0.00000000   0.00000000   0.00000000   0.00000000   0.00000000
   0.00000000
   0.00000000   0.00000000   0.00000000   0.00000000   0.00000000   0.00000000
   0.00000000   0.00000000   0.00000000   0.00000000     1.000000   0.00000000
   0.00000000
    -0.116978     0.016976   0.00000000   0.00000000   0.00000000   0.00000000
   0.00000000   0.00000000   0.00000000   0.00000000   0.00000000   0.00000000
   0.00000000
   0.00000000   0.00000000   0.00000000   0.00000000   0.00000000   0.00000000
   0.00000000   0.00000000   0.00000000   0.00000000   0.00000000     1.000000
   0.00000000
   0.00000000   0.00000000     1.000000   0.00000000   0.00000000   0.00000000
   0.00000000   0.00000000   0.00000000   0.00000000   0.00000000   0.00000000
   0.00000000
   0.00000000   0.00000000   0.00000000   0.00000000   0.00000000   0.00000000
   0.00000000   0.00000000   0.00000000   0.00000000   0.00000000   0.00000000
     1.000000
     0.722923    -0.225257   0.00000000   0.00000000   0.00000000   0.00000000
   0.00000000   0.00000000   0.00000000   0.00000000   0.00000000   0.00000000
   0.00000000
   0.00000000   0.00000000   0.00000000     1.000000   0.00000000   0.00000000
   0.00000000   0.00000000   0.00000000   0.00000000   0.00000000   0.00000000
   0.00000000
     0.546604    -0.258018   0.00000000   0.00000000   0.00000000   0.00000000
   0.00000000   0.00000000   0.00000000   0.00000000   0.00000000   0.00000000
   0.00000000
     0.084514    -0.206209   0.00000000   0.00000000   0.00000000   0.00000000
   0.00000000   0.00000000   0.00000000   0.00000000   0.00000000   0.00000000
   0.00000000
   0.00000000   0.00000000   0.00000000   0.00000000     1.000000   0.00000000
   0.00000000   0.00000000   0.00000000   0.00000000   0.00000000   0.00000000
   0.00000000
    -0.002641     0.216748   0.00000000   0.00000000   0.00000000   0.00000000
   0.00000000   0.00000000   0.00000000   0.00000000   0.00000000   0.00000000
   0.00000000
   0.00000000   0.00000000   0.00000000   0.00000000   0.00000000     1.000000
   0.00000000   0.00000000   0.00000000   0.00000000   0.00000000   0.00000000
   0.00000000
     0.001999     0.711343   0.00000000   0.00000000   0.00000000   0.00000000
   0.00000000   0.00000000   0.00000000   0.00000000   0.00000000   0.00000000
   0.00000000
   0.00000000   0.00000000   0.00000000   0.00000000   0.00000000   0.00000000
     1.000000   0.00000000   0.00000000   0.00000000   0.00000000   0.00000000
   0.00000000
    -0.000128     0.316476   0.00000000   0.00000000   0.00000000   0.00000000
   0.00000000   0.00000000   0.00000000   0.00000000   0.00000000   0.00000000
   0.00000000
   0.00000000   0.00000000   0.00000000   0.00000000   0.00000000   0.00000000
   0.00000000     1.000000   0.00000000   0.00000000   0.00000000   0.00000000
   0.00000000

   54.810722   27.283483   13.581074    6.760338    3.407215
    3.365136    2.170289    1.675085    1.382406    0.993380
    0.880549    0.833818    0.560882    0.421126    0.415055
    0.206605    0.178529    0.102843    0.075684    0.051193
    0.032085    0.025483    0.012834    0.012685

    -0.000106     0.000075   0.00000000   0.00000000   0.00000000   0.00000000
   0.00000000   0.00000000   0.00000000   0.00000000   0.00000000   0.00000000
   0.00000000
     0.000668    -0.000371   0.00000000   0.00000000   0.00000000   0.00000000
   0.00000000   0.00000000   0.00000000   0.00000000   0.00000000   0.00000000
   0.00000000
    -0.003789     0.001326   0.00000000   0.00000000   0.00000000   0.00000000
   0.00000000   0.00000000   0.00000000   0.00000000   0.00000000   0.00000000
   0.00000000
     0.018201    -0.004460   0.00000000   0.00000000   0.00000000   0.00000000
   0.00000000   0.00000000   0.00000000   0.00000000   0.00000000   0.00000000
   0.00000000
   0.00000000   0.00000000   0.00000000   0.00000000   0.00000000   0.00000000
   0.00000000   0.00000000     1.000000   0.00000000   0.00000000   0.00000000
   0.00000000
    -0.000788     0.005253   0.00000000   0.00000000   0.00000000   0.00000000
   0.00000000   0.00000000   0.00000000   0.00000000   0.00000000   0.00000000
   0.00000000
   0.00000000   0.00000000   0.00000000   0.00000000   0.00000000   0.00000000
   0.00000000   0.00000000   0.00000000     1.000000   0.00000000   0.00000000
   0.00000000
    -0.241963     0.020008   0.00000000   0.00000000   0.00000000   0.00000000
   0.00000000   0.00000000   0.00000000   0.00000000   0.00000000   0.00000000
   0.00000000
   0.00000000   0.00000000   0.00000000   0.00000000   0.00000000   0.00000000
   0.00000000   0.00000000   0.00000000   0.00000000     1.000000   0.00000000
   0.00000000
   0.00000000   0.00000000     1.000000   0.00000000   0.00000000   0.00000000
   0.00000000   0.00000000   0.00000000   0.00000000   0.00000000   0.00000000
   0.00000000
   0.00000000   0.00000000   0.00000000   0.00000000   0.00000000   0.00000000
   0.00000000   0.00000000   0.00000000   0.00000000   0.00000000     1.000000
   0.00000000
     0.132583     0.005249   0.00000000   0.00000000   0.00000000   0.00000000
   0.00000000   0.00000000   0.00000000   0.00000000   0.00000000   0.00000000
   0.00000000
   0.00000000   0.00000000   0.00000000   0.00000000   0.00000000   0.00000000
   0.00000000   0.00000000   0.00000000   0.00000000   0.00000000   0.00000000
     1.000000
   0.00000000   0.00000000   0.00000000     1.000000   0.00000000   0.00000000
   0.00000000   0.00000000   0.00000000   0.00000000   0.00000000   0.00000000
   0.00000000
     0.492227    -0.117643   0.00000000   0.00000000   0.00000000   0.00000000
   0.00000000   0.00000000   0.00000000   0.00000000   0.00000000   0.00000000
   0.00000000
     0.429611     0.039568   0.00000000   0.00000000   0.00000000   0.00000000
   0.00000000   0.00000000   0.00000000   0.00000000   0.00000000   0.00000000
   0.00000000
   0.00000000   0.00000000   0.00000000   0.00000000     1.000000   0.00000000
   0.00000000   0.00000000   0.00000000   0.00000000   0.00000000   0.00000000
   0.00000000
     0.137791    -0.284837   0.00000000   0.00000000   0.00000000   0.00000000
   0.00000000   0.00000000   0.00000000   0.00000000   0.00000000   0.00000000
   0.00000000
   0.00000000   0.00000000   0.00000000   0.00000000   0.00000000     1.000000
   0.00000000   0.00000000   0.00000000   0.00000000   0.00000000   0.00000000
   0.00000000
     0.008737     0.511076   0.00000000   0.00000000   0.00000000   0.00000000
   0.00000000   0.00000000   0.00000000   0.00000000   0.00000000   0.00000000
   0.00000000
   0.00000000   0.00000000   0.00000000   0.00000000   0.00000000   0.00000000
     1.000000   0.00000000   0.00000000   0.00000000   0.00000000   0.00000000
   0.00000000
     0.002427    -0.579147   0.00000000   0.00000000   0.00000000   0.00000000
   0.00000000   0.00000000   0.00000000   0.00000000   0.00000000   0.00000000
   0.00000000
   0.00000000   0.00000000   0.00000000   0.00000000   0.00000000   0.00000000
   0.00000000     1.000000   0.00000000   0.00000000   0.00000000   0.00000000
   0.00000000
    -0.000263     1.283008   0.00000000   0.00000000   0.00000000   0.00000000
   0.00000000   0.00000000   0.00000000   0.00000000   0.00000000   0.00000000
   0.00000000

    3.022058    1.671639    0.924660    0.511472    0.474714
    0.189376    0.075548    0.030138    0.012055

   0.00000000   0.00000000   0.00000000   0.00000000   0.00000000     1.000000
   0.00000000   0.00000000   0.00000000
   0.00000000   0.00000000   0.00000000   0.00000000   0.00000000   0.00000000
     1.000000   0.00000000   0.00000000
   0.00000000   0.00000000   0.00000000   0.00000000   0.00000000   0.00000000
   0.00000000     1.000000   0.00000000
   0.00000000   0.00000000   0.00000000   0.00000000   0.00000000   0.00000000
   0.00000000   0.00000000     1.000000
     1.000000   0.00000000   0.00000000   0.00000000   0.00000000   0.00000000
   0.00000000   0.00000000   0.00000000
   0.00000000     1.000000   0.00000000   0.00000000   0.00000000   0.00000000
   0.00000000   0.00000000   0.00000000
   0.00000000   0.00000000     1.000000   0.00000000   0.00000000   0.00000000
   0.00000000   0.00000000   0.00000000
   0.00000000   0.00000000   0.00000000     1.000000   0.00000000   0.00000000
   0.00000000   0.00000000   0.00000000
   0.00000000   0.00000000   0.00000000   0.00000000     1.000000   0.00000000
   0.00000000   0.00000000   0.00000000

    3.830071    1.494052    0.819541    0.582807    0.331946
    0.134451    0.053780

   0.00000000   0.00000000   0.00000000   0.00000000     1.000000   0.00000000
   0.00000000
   0.00000000   0.00000000   0.00000000   0.00000000   0.00000000     1.000000
   0.00000000
     1.000000   0.00000000   0.00000000   0.00000000   0.00000000   0.00000000
   0.00000000
   0.00000000   0.00000000   0.00000000   0.00000000   0.00000000   0.00000000
     1.000000
   0.00000000     1.000000   0.00000000   0.00000000   0.00000000   0.00000000
   0.00000000
   0.00000000   0.00000000     1.000000   0.00000000   0.00000000   0.00000000
   0.00000000
   0.00000000   0.00000000   0.00000000     1.000000   0.00000000   0.00000000
   0.00000000

    1.348057    0.791506    0.677733    0.316786    0.126714

   0.00000000   0.00000000   0.00000000     1.000000   0.00000000
     1.000000   0.00000000   0.00000000   0.00000000   0.00000000
   0.00000000   0.00000000   0.00000000   0.00000000     1.000000
   0.00000000     1.000000   0.00000000   0.00000000   0.00000000
   0.00000000   0.00000000     1.000000   0.00000000   0.00000000

    1.052622    0.730553    0.292221

   0.00000000   0.00000000     1.000000
     1.000000   0.00000000   0.00000000
   0.00000000     1.000000   0.00000000

Cs:aug-cc-pCVDZ-ccECP
ccECP aug-cc-pCVDZ for Cs | source recipes/Cs/ccECP/Cs.aug-cc-pCVDZ.gamess | ccECP from Omar Madany et al. Journal of Chemical Physics (2025) https://doi.org/10.1063/5.0285320

  3
    0    1    2
    7    7    3
   18   18    3

   65.882738   32.159823   15.698410    7.662980    3.740586
    1.825920    1.232220    0.891300    0.820910    0.435077
    0.212377    0.113870    0.103669    0.050605    0.024702
    0.018704    0.012058    0.007482

    -0.000050     0.000035   0.00000000   0.00000000   0.00000000   0.00000000
   0.00000000
     0.000191    -0.000165   0.00000000   0.00000000   0.00000000   0.00000000
   0.00000000
     0.000565     0.000252   0.00000000   0.00000000   0.00000000   0.00000000
   0.00000000
    -0.023603     0.005070   0.00000000   0.00000000   0.00000000   0.00000000
   0.00000000
     0.235875    -0.062127   0.00000000   0.00000000   0.00000000   0.00000000
   0.00000000
    -0.633310     0.182657   0.00000000   0.00000000   0.00000000   0.00000000
   0.00000000
   0.00000000   0.00000000   0.00000000   0.00000000   0.00000000     1.000000
   0.00000000
    -0.116978     0.016976   0.00000000   0.00000000   0.00000000   0.00000000
   0.00000000
   0.00000000   0.00000000   0.00000000   0.00000000   0.00000000   0.00000000
     1.000000
     0.722923    -0.225257   0.00000000   0.00000000   0.00000000   0.00000000
   0.00000000
     0.546604    -0.258018   0.00000000   0.00000000   0.00000000   0.00000000
   0.00000000
   0.00000000   0.00000000     1.000000   0.00000000   0.00000000   0.00000000
   0.00000000
     0.084514    -0.206209   0.00000000   0.00000000   0.00000000   0.00000000
   0.00000000
    -0.002641     0.216748   0.00000000   0.00000000   0.00000000   0.00000000
   0.00000000
     0.001999     0.711343   0.00000000   0.00000000   0.00000000   0.00000000
   0.00000000
   0.00000000   0.00000000   0.00000000     1.000000   0.00000000   0.00000000
   0.00000000
    -0.000128     0.316476   0.00000000   0.00000000   0.00000000   0.00000000
   0.00000000
   0.00000000   0.00000000   0.00000000   0.00000000     1.000000   0.00000000
   0.00000000

   54.810722   27.283483   13.581074    6.760338    3.365136
    1.675085    0.833818    0.718413    0.415055    0.283120
    0.206605    0.119421    0.102843    0.051193    0.041881
    0.025483    0.016752    0.012685

    -0.000106     0.000075   0.00000000   0.00000000   0.00000000   0.00000000
   0.00000000
     0.000668    -0.000371   0.00000000   0.00000000   0.00000000   0.00000000
   0.00000000
    -0.003789     0.001326   0.00000000   0.00000000   0.00000000   0.00000000
   0.00000000
     0.018201    -0.004460   0.00000000   0.00000000   0.00000000   0.00000000
   0.00000000
    -0.000788     0.005253   0.00000000   0.00000000   0.00000000   0.00000000
   0.00000000
    -0.241963     0.020008   0.00000000   0.00000000   0.00000000   0.00000000
   0.00000000
     0.132583     0.005249   0.00000000   0.00000000   0.00000000   0.00000000
   0.00000000
   0.00000000   0.00000000   0.00000000   0.00000000   0.00000000     1.000000
   0.00000000
     0.492227    -0.117643   0.00000000   0.00000000   0.00000000   0.00000000
   0.00000000
   0.00000000   0.00000000   0.00000000   0.00000000   0.00000000   0.00000000
     1.000000
     0.429611     0.039568   0.00000000   0.00000000   0.00000000   0.00000000
   0.00000000
   0.00000000   0.00000000     1.000000   0.00000000   0.00000000   0.00000000
   0.00000000
     0.137791    -0.284837   0.00000000   0.00000000   0.00000000   0.00000000
   0.00000000
     0.008737     0.511076   0.00000000   0.00000000   0.00000000   0.00000000
   0.00000000
   0.00000000   0.00000000   0.00000000     1.000000   0.00000000   0.00000000
   0.00000000
     0.002427    -0.579147   0.00000000   0.00000000   0.00000000   0.00000000
   0.00000000
   0.00000000   0.00000000   0.00000000   0.00000000     1.000000   0.00000000
   0.00000000
    -0.000263     1.283008   0.00000000   0.00000000   0.00000000   0.00000000
   0.00000000

    0.539491    0.367348    0.146939

   0.00000000   0.00000000     1.000000
     1.000000   0.00000000   0.00000000
   0.00000000     1.000000   0.00000000

Cs:aug-cc-pCVQZ-ccECP
ccECP aug-cc-pCVQZ for Cs | source recipes/Cs/ccECP/Cs.aug-cc-pCVQZ.gamess | ccECP from Omar Madany et al. Journal of Chemical Physics (2025) https://doi.org/10.1063/5.0285320

  5
    0    1    2    3    4
   11   11    7    5    3
   22   22    7    5    3

   65.882738   32.159823   15.698410    7.662980    3.740586
    1.948028    1.825920    1.100386    0.891300    0.621577
    0.435077    0.351111    0.212377    0.142185    0.103669
    0.056251    0.050605    0.024702    0.022254    0.012058
    0.008804    0.003522

    -0.000050     0.000035   0.00000000   0.00000000   0.00000000   0.00000000
   0.00000000   0.00000000   0.00000000   0.00000000   0.00000000
     0.000191    -0.000165   0.00000000   0.00000000   0.00000000   0.00000000
   0.00000000   0.00000000   0.00000000   0.00000000   0.00000000
     0.000565     0.000252   0.00000000   0.00000000   0.00000000   0.00000000
   0.00000000   0.00000000   0.00000000   0.00000000   0.00000000
    -0.023603     0.005070   0.00000000   0.00000000   0.00000000   0.00000000
   0.00000000   0.00000000   0.00000000   0.00000000   0.00000000
     0.235875    -0.062127   0.00000000   0.00000000   0.00000000   0.00000000
   0.00000000   0.00000000   0.00000000   0.00000000   0.00000000
   0.00000000   0.00000000   0.00000000   0.00000000   0.00000000   0.00000000
   0.00000000     1.000000   0.00000000   0.00000000   0.00000000
    -0.633310     0.182657   0.00000000   0.00000000   0.00000000   0.00000000
   0.00000000   0.00000000   0.00000000   0.00000000   0.00000000
   0.00000000   0.00000000   0.00000000   0.00000000   0.00000000   0.00000000
   0.00000000   0.00000000     1.000000   0.00000000   0.00000000
    -0.116978     0.016976   0.00000000   0.00000000   0.00000000   0.00000000
   0.00000000   0.00000000   0.00000000   0.00000000   0.00000000
   0.00000000   0.00000000   0.00000000   0.00000000   0.00000000   0.00000000
   0.00000000   0.00000000   0.00000000     1.000000   0.00000000
     0.722923    -0.225257   0.00000000   0.00000000   0.00000000   0.00000000
   0.00000000   0.00000000   0.00000000   0.00000000   0.00000000
   0.00000000   0.00000000   0.00000000   0.00000000   0.00000000   0.00000000
   0.00000000   0.00000000   0.00000000   0.00000000     1.000000
     0.546604    -0.258018   0.00000000   0.00000000   0.00000000   0.00000000
   0.00000000   0.00000000   0.00000000   0.00000000   0.00000000
   0.00000000   0.00000000     1.000000   0.00000000   0.00000000   0.00000000
   0.00000000   0.00000000   0.00000000   0.00000000   0.00000000
     0.084514    -0.206209   0.00000000   0.00000000   0.00000000   0.00000000
   0.00000000   0.00000000   0.00000000   0.00000000   0.00000000
   0.00000000   0.00000000   0.00000000     1.000000   0.00000000   0.00000000
   0.00000000   0.00000000   0.00000000   0.00000000   0.00000000
    -0.002641     0.216748   0.00000000   0.00000000   0.00000000   0.00000000
   0.00000000   0.00000000   0.00000000   0.00000000   0.00000000
     0.001999     0.711343   0.00000000   0.00000000   0.00000000   0.00000000
   0.00000000   0.00000000   0.00000000   0.00000000   0.00000000
   0.00000000   0.00000000   0.00000000   0.00000000     1.000000   0.00000000
   0.00000000   0.00000000   0.00000000   0.00000000   0.00000000
    -0.000128     0.316476   0.00000000   0.00000000   0.00000000   0.00000000
   0.00000000   0.00000000   0.00000000   0.00000000   0.00000000
   0.00000000   0.00000000   0.00000000   0.00000000   0.00000000     1.000000
   0.00000000   0.00000000   0.00000000   0.00000000   0.00000000
   0.00000000   0.00000000   0.00000000   0.00000000   0.00000000   0.00000000
     1.000000   0.00000000   0.00000000   0.00000000   0.00000000

   54.810722   27.283483   13.581074    6.760338    3.365136
    1.675085    1.644565    1.062203    0.833818    0.686063
    0.646167    0.443119    0.415055    0.251269    0.206605
    0.102843    0.097709    0.051193    0.037995    0.025483
    0.015198    0.012685

    -0.000106     0.000075   0.00000000   0.00000000   0.00000000   0.00000000
   0.00000000   0.00000000   0.00000000   0.00000000   0.00000000
     0.000668    -0.000371   0.00000000   0.00000000   0.00000000   0.00000000
   0.00000000   0.00000000   0.00000000   0.00000000   0.00000000
    -0.003789     0.001326   0.00000000   0.00000000   0.00000000   0.00000000
   0.00000000   0.00000000   0.00000000   0.00000000   0.00000000
     0.018201    -0.004460   0.00000000   0.00000000   0.00000000   0.00000000
   0.00000000   0.00000000   0.00000000   0.00000000   0.00000000
    -0.000788     0.005253   0.00000000   0.00000000   0.00000000   0.00000000
   0.00000000   0.00000000   0.00000000   0.00000000   0.00000000
    -0.241963     0.020008   0.00000000   0.00000000   0.00000000   0.00000000
   0.00000000   0.00000000   0.00000000   0.00000000   0.00000000
   0.00000000   0.00000000   0.00000000   0.00000000   0.00000000   0.00000000
   0.00000000     1.000000   0.00000000   0.00000000   0.00000000
   0.00000000   0.00000000   0.00000000   0.00000000   0.00000000   0.00000000
   0.00000000   0.00000000     1.000000   0.00000000   0.00000000
     0.132583     0.005249   0.00000000   0.00000000   0.00000000   0.00000000
   0.00000000   0.00000000   0.00000000   0.00000000   0.00000000
   0.00000000   0.00000000   0.00000000   0.00000000   0.00000000   0.00000000
   0.00000000   0.00000000   0.00000000     1.000000   0.00000000
   0.00000000   0.00000000     1.000000   0.00000000   0.00000000   0.00000000
   0.00000000   0.00000000   0.00000000   0.00000000   0.00000000
   0.00000000   0.00000000   0.00000000   0.00000000   0.00000000   0.00000000
   0.00000000   0.00000000   0.00000000   0.00000000     1.000000
     0.492227    -0.117643   0.00000000   0.00000000   0.00000000   0.00000000
   0.00000000   0.00000000   0.00000000   0.00000000   0.00000000
   0.00000000   0.00000000   0.00000000     1.000000   0.00000000   0.00000000
   0.00000000   0.00000000   0.00000000   0.00000000   0.00000000
     0.429611     0.039568   0.00000000   0.00000000   0.00000000   0.00000000
   0.00000000   0.00000000   0.00000000   0.00000000   0.00000000
     0.137791    -0.284837   0.00000000   0.00000000   0.00000000   0.00000000
   0.00000000   0.00000000   0.00000000   0.00000000   0.00000000
   0.00000000   0.00000000   0.00000000   0.00000000     1.000000   0.00000000
   0.00000000   0.00000000   0.00000000   0.00000000   0.00000000
     0.008737     0.511076   0.00000000   0.00000000   0.00000000   0.00000000
   0.00000000   0.00000000   0.00000000   0.00000000   0.00000000
   0.00000000   0.00000000   0.00000000   0.00000000   0.00000000     1.000000
   0.00000000   0.00000000   0.00000000   0.00000000   0.00000000
     0.002427    -0.579147   0.00000000   0.00000000   0.00000000   0.00000000
   0.00000000   0.00000000   0.00000000   0.00000000   0.00000000
   0.00000000   0.00000000   0.00000000   0.00000000   0.00000000   0.00000000
     1.000000   0.00000000   0.00000000   0.00000000   0.00000000
    -0.000263     1.283008   0.00000000   0.00000000   0.00000000   0.00000000
   0.00000000   0.00000000   0.00000000   0.00000000   0.00000000

    2.965599    1.607018    0.870821    0.456234    0.182969
    0.073378    0.029351

   0.00000000   0.00000000   0.00000000   0.00000000     1.000000   0.00000000
   0.00000000
   0.00000000   0.00000000   0.00000000   0.00000000   0.00000000     1.000000
   0.00000000
   0.00000000   0.00000000   0.00000000   0.00000000   0.00000000   0.00000000
     1.000000
     1.000000   0.00000000   0.00000000   0.00000000   0.00000000   0.00000000
   0.00000000
   0.00000000     1.000000   0.00000000   0.00000000   0.00000000   0.00000000
   0.00000000
   0.00000000   0.00000000     1.000000   0.00000000   0.00000000   0.00000000
   0.00000000
   0.00000000   0.00000000   0.00000000     1.000000   0.00000000   0.00000000
   0.00000000

    0.728349    0.616309    0.294344    0.238395    0.117738

     1.000000   0.00000000   0.00000000   0.00000000   0.00000000
   0.00000000   0.00000000   0.00000000     1.000000   0.00000000
   0.00000000     1.000000   0.00000000   0.00000000   0.00000000
   0.00000000   0.00000000   0.00000000   0.00000000     1.000000
   0.00000000   0.00000000     1.000000   0.00000000   0.00000000

    0.933853    0.603320    0.241328

   0.00000000   0.00000000     1.000000
     1.000000   0.00000000   0.00000000
   0.00000000     1.000000   0.00000000

Cs:aug-cc-pCVTZ-ccECP
ccECP aug-cc-pCVTZ for Cs | source recipes/Cs/ccECP/Cs.aug-cc-pCVTZ.gamess | ccECP from Omar Madany et al. Journal of Chemical Physics (2025) https://doi.org/10.1063/5.0285320

  4
    0    1    2    3
    9    9    5    3
   20   20    5    3

   65.882738   32.159823   15.698410    7.662980    3.740586
    3.500591    1.825920    1.550644    0.891300    0.686883
    0.435077    0.212377    0.121016    0.103669    0.050605
    0.044795    0.024702    0.016581    0.012058    0.006632

    -0.000050     0.000035   0.00000000   0.00000000   0.00000000   0.00000000
   0.00000000   0.00000000   0.00000000
     0.000191    -0.000165   0.00000000   0.00000000   0.00000000   0.00000000
   0.00000000   0.00000000   0.00000000
     0.000565     0.000252   0.00000000   0.00000000   0.00000000   0.00000000
   0.00000000   0.00000000   0.00000000
    -0.023603     0.005070   0.00000000   0.00000000   0.00000000   0.00000000
   0.00000000   0.00000000   0.00000000
     0.235875    -0.062127   0.00000000   0.00000000   0.00000000   0.00000000
   0.00000000   0.00000000   0.00000000
   0.00000000   0.00000000   0.00000000   0.00000000   0.00000000   0.00000000
     1.000000   0.00000000   0.00000000
    -0.633310     0.182657   0.00000000   0.00000000   0.00000000   0.00000000
   0.00000000   0.00000000   0.00000000
   0.00000000   0.00000000   0.00000000   0.00000000   0.00000000   0.00000000
   0.00000000     1.000000   0.00000000
    -0.116978     0.016976   0.00000000   0.00000000   0.00000000   0.00000000
   0.00000000   0.00000000   0.00000000
   0.00000000   0.00000000   0.00000000   0.00000000   0.00000000   0.00000000
   0.00000000   0.00000000     1.000000
     0.722923    -0.225257   0.00000000   0.00000000   0.00000000   0.00000000
   0.00000000   0.00000000   0.00000000
     0.546604    -0.258018   0.00000000   0.00000000   0.00000000   0.00000000
   0.00000000   0.00000000   0.00000000
   0.00000000   0.00000000     1.000000   0.00000000   0.00000000   0.00000000
   0.00000000   0.00000000   0.00000000
     0.084514    -0.206209   0.00000000   0.00000000   0.00000000   0.00000000
   0.00000000   0.00000000   0.00000000
    -0.002641     0.216748   0.00000000   0.00000000   0.00000000   0.00000000
   0.00000000   0.00000000   0.00000000
   0.00000000   0.00000000   0.00000000     1.000000   0.00000000   0.00000000
   0.00000000   0.00000000   0.00000000
     0.001999     0.711343   0.00000000   0.00000000   0.00000000   0.00000000
   0.00000000   0.00000000   0.00000000
   0.00000000   0.00000000   0.00000000   0.00000000     1.000000   0.00000000
   0.00000000   0.00000000   0.00000000
    -0.000128     0.316476   0.00000000   0.00000000   0.00000000   0.00000000
   0.00000000   0.00000000   0.00000000
   0.00000000   0.00000000   0.00000000   0.00000000   0.00000000     1.000000
   0.00000000   0.00000000   0.00000000

   54.810722   27.283483   13.581074    6.760338    3.365136
    2.176702    1.675085    0.833818    0.751574    0.503584
    0.415055    0.259504    0.206605    0.172275    0.102843
    0.058935    0.051193    0.025483    0.023574    0.012685

    -0.000106     0.000075   0.00000000   0.00000000   0.00000000   0.00000000
   0.00000000   0.00000000   0.00000000
     0.000668    -0.000371   0.00000000   0.00000000   0.00000000   0.00000000
   0.00000000   0.00000000   0.00000000
    -0.003789     0.001326   0.00000000   0.00000000   0.00000000   0.00000000
   0.00000000   0.00000000   0.00000000
     0.018201    -0.004460   0.00000000   0.00000000   0.00000000   0.00000000
   0.00000000   0.00000000   0.00000000
    -0.000788     0.005253   0.00000000   0.00000000   0.00000000   0.00000000
   0.00000000   0.00000000   0.00000000
   0.00000000   0.00000000   0.00000000   0.00000000   0.00000000   0.00000000
     1.000000   0.00000000   0.00000000
    -0.241963     0.020008   0.00000000   0.00000000   0.00000000   0.00000000
   0.00000000   0.00000000   0.00000000
     0.132583     0.005249   0.00000000   0.00000000   0.00000000   0.00000000
   0.00000000   0.00000000   0.00000000
   0.00000000   0.00000000   0.00000000   0.00000000   0.00000000   0.00000000
   0.00000000     1.000000   0.00000000
   0.00000000   0.00000000     1.000000   0.00000000   0.00000000   0.00000000
   0.00000000   0.00000000   0.00000000
     0.492227    -0.117643   0.00000000   0.00000000   0.00000000   0.00000000
   0.00000000   0.00000000   0.00000000
   0.00000000   0.00000000   0.00000000   0.00000000   0.00000000   0.00000000
   0.00000000   0.00000000     1.000000
     0.429611     0.039568   0.00000000   0.00000000   0.00000000   0.00000000
   0.00000000   0.00000000   0.00000000
   0.00000000   0.00000000   0.00000000     1.000000   0.00000000   0.00000000
   0.00000000   0.00000000   0.00000000
     0.137791    -0.284837   0.00000000   0.00000000   0.00000000   0.00000000
   0.00000000   0.00000000   0.00000000
   0.00000000   0.00000000   0.00000000   0.00000000     1.000000   0.00000000
   0.00000000   0.00000000   0.00000000
     0.008737     0.511076   0.00000000   0.00000000   0.00000000   0.00000000
   0.00000000   0.00000000   0.00000000
     0.002427    -0.579147   0.00000000   0.00000000   0.00000000   0.00000000
   0.00000000   0.00000000   0.00000000
   0.00000000   0.00000000   0.00000000   0.00000000   0.00000000     1.000000
   0.00000000   0.00000000   0.00000000
    -0.000263     1.283008   0.00000000   0.00000000   0.00000000   0.00000000
   0.00000000   0.00000000   0.00000000

    1.201845    0.795531    0.444677    0.172054    0.068822

   0.00000000   0.00000000   0.00000000     1.000000   0.00000000
   0.00000000   0.00000000   0.00000000   0.00000000     1.000000
     1.000000   0.00000000   0.00000000   0.00000000   0.00000000
   0.00000000     1.000000   0.00000000   0.00000000   0.00000000
   0.00000000   0.00000000     1.000000   0.00000000   0.00000000

    0.807552    0.539097    0.215639

   0.00000000   0.00000000     1.000000
     1.000000   0.00000000   0.00000000
   0.00000000     1.000000   0.00000000

Cs:aug-cc-pV5Z-ccECP
ccECP aug-cc-pV5Z for Cs | source recipes/Cs/ccECP/Cs.aug-cc-pV5Z.gamess | ccECP from Omar Madany et al. Journal of Chemical Physics (2025) https://doi.org/10.1063/5.0285320

  6
    0    1    2    3    4    5
    8    8    5    4    3    2
   19   19    5    4    3    2

   65.882738   32.159823   15.698410    7.662980    3.740586
    1.825920    0.891300    0.564108    0.435077    0.228083
    0.212377    0.103669    0.092220    0.050605    0.037287
    0.024702    0.015076    0.012058    0.006030

    -0.000050     0.000035   0.00000000   0.00000000   0.00000000   0.00000000
   0.00000000   0.00000000
     0.000191    -0.000165   0.00000000   0.00000000   0.00000000   0.00000000
   0.00000000   0.00000000
     0.000565     0.000252   0.00000000   0.00000000   0.00000000   0.00000000
   0.00000000   0.00000000
    -0.023603     0.005070   0.00000000   0.00000000   0.00000000   0.00000000
   0.00000000   0.00000000
     0.235875    -0.062127   0.00000000   0.00000000   0.00000000   0.00000000
   0.00000000   0.00000000
    -0.633310     0.182657   0.00000000   0.00000000   0.00000000   0.00000000
   0.00000000   0.00000000
    -0.116978     0.016976   0.00000000   0.00000000   0.00000000   0.00000000
   0.00000000   0.00000000
   0.00000000   0.00000000     1.000000   0.00000000   0.00000000   0.00000000
   0.00000000   0.00000000
     0.722923    -0.225257   0.00000000   0.00000000   0.00000000   0.00000000
   0.00000000   0.00000000
   0.00000000   0.00000000   0.00000000     1.000000   0.00000000   0.00000000
   0.00000000   0.00000000
     0.546604    -0.258018   0.00000000   0.00000000   0.00000000   0.00000000
   0.00000000   0.00000000
     0.084514    -0.206209   0.00000000   0.00000000   0.00000000   0.00000000
   0.00000000   0.00000000
   0.00000000   0.00000000   0.00000000   0.00000000     1.000000   0.00000000
   0.00000000   0.00000000
    -0.002641     0.216748   0.00000000   0.00000000   0.00000000   0.00000000
   0.00000000   0.00000000
   0.00000000   0.00000000   0.00000000   0.00000000   0.00000000     1.000000
   0.00000000   0.00000000
     0.001999     0.711343   0.00000000   0.00000000   0.00000000   0.00000000
   0.00000000   0.00000000
   0.00000000   0.00000000   0.00000000   0.00000000   0.00000000   0.00000000
     1.000000   0.00000000
    -0.000128     0.316476   0.00000000   0.00000000   0.00000000   0.00000000
   0.00000000   0.00000000
   0.00000000   0.00000000   0.00000000   0.00000000   0.00000000   0.00000000
   0.00000000     1.000000

   54.810722   27.283483   13.581074    6.760338    3.365136
    1.675085    0.993380    0.833818    0.421126    0.415055
    0.206605    0.178529    0.102843    0.075684    0.051193
    0.032085    0.025483    0.012834    0.012685

    -0.000106     0.000075   0.00000000   0.00000000   0.00000000   0.00000000
   0.00000000   0.00000000
     0.000668    -0.000371   0.00000000   0.00000000   0.00000000   0.00000000
   0.00000000   0.00000000
    -0.003789     0.001326   0.00000000   0.00000000   0.00000000   0.00000000
   0.00000000   0.00000000
     0.018201    -0.004460   0.00000000   0.00000000   0.00000000   0.00000000
   0.00000000   0.00000000
    -0.000788     0.005253   0.00000000   0.00000000   0.00000000   0.00000000
   0.00000000   0.00000000
    -0.241963     0.020008   0.00000000   0.00000000   0.00000000   0.00000000
   0.00000000   0.00000000
   0.00000000   0.00000000     1.000000   0.00000000   0.00000000   0.00000000
   0.00000000   0.00000000
     0.132583     0.005249   0.00000000   0.00000000   0.00000000   0.00000000
   0.00000000   0.00000000
   0.00000000   0.00000000   0.00000000     1.000000   0.00000000   0.00000000
   0.00000000   0.00000000
     0.492227    -0.117643   0.00000000   0.00000000   0.00000000   0.00000000
   0.00000000   0.00000000
     0.429611     0.039568   0.00000000   0.00000000   0.00000000   0.00000000
   0.00000000   0.00000000
   0.00000000   0.00000000   0.00000000   0.00000000     1.000000   0.00000000
   0.00000000   0.00000000
     0.137791    -0.284837   0.00000000   0.00000000   0.00000000   0.00000000
   0.00000000   0.00000000
   0.00000000   0.00000000   0.00000000   0.00000000   0.00000000     1.000000
   0.00000000   0.00000000
     0.008737     0.511076   0.00000000   0.00000000   0.00000000   0.00000000
   0.00000000   0.00000000
   0.00000000   0.00000000   0.00000000   0.00000000   0.00000000   0.00000000
     1.000000   0.00000000
     0.002427    -0.579147   0.00000000   0.00000000   0.00000000   0.00000000
   0.00000000   0.00000000
   0.00000000   0.00000000   0.00000000   0.00000000   0.00000000   0.00000000
   0.00000000     1.000000
    -0.000263     1.283008   0.00000000   0.00000000   0.00000000   0.00000000
   0.00000000   0.00000000

    0.474714    0.189376    0.075548    0.030138    0.012055

     1.000000   0.00000000   0.00000000   0.00000000   0.00000000
   0.00000000     1.000000   0.00000000   0.00000000   0.00000000
   0.00000000   0.00000000     1.000000   0.00000000   0.00000000
   0.00000000   0.00000000   0.00000000     1.000000   0.00000000
   0.00000000   0.00000000   0.00000000   0.00000000     1.000000

    0.819541    0.331946    0.134451    0.053780

     1.000000   0.00000000   0.00000000   0.00000000
   0.00000000     1.000000   0.00000000   0.00000000
   0.00000000   0.00000000     1.000000   0.00000000
   0.00000000   0.00000000   0.00000000     1.000000

    0.791506    0.316786    0.126714

     1.000000   0.00000000   0.00000000
   0.00000000     1.000000   0.00000000
   0.00000000   0.00000000     1.000000

    0.730553    0.292221

     1.000000   0.00000000
   0.00000000     1.000000

Cs:aug-cc-pVDZ-ccECP
ccECP aug-cc-pVDZ for Cs | source recipes/Cs/ccECP/Cs.aug-cc-pVDZ.gamess | ccECP from Omar Madany et al. Journal of Chemical Physics (2025) https://doi.org/10.1063/5.0285320

  3
    0    1    2
    5    5    2
   16   16    2

   65.882738   32.159823   15.698410    7.662980    3.740586
    1.825920    0.891300    0.435077    0.212377    0.113870
    0.103669    0.050605    0.024702    0.018704    0.012058
    0.007482

    -0.000050     0.000035   0.00000000   0.00000000   0.00000000
     0.000191    -0.000165   0.00000000   0.00000000   0.00000000
     0.000565     0.000252   0.00000000   0.00000000   0.00000000
    -0.023603     0.005070   0.00000000   0.00000000   0.00000000
     0.235875    -0.062127   0.00000000   0.00000000   0.00000000
    -0.633310     0.182657   0.00000000   0.00000000   0.00000000
    -0.116978     0.016976   0.00000000   0.00000000   0.00000000
     0.722923    -0.225257   0.00000000   0.00000000   0.00000000
     0.546604    -0.258018   0.00000000   0.00000000   0.00000000
   0.00000000   0.00000000     1.000000   0.00000000   0.00000000
     0.084514    -0.206209   0.00000000   0.00000000   0.00000000
    -0.002641     0.216748   0.00000000   0.00000000   0.00000000
     0.001999     0.711343   0.00000000   0.00000000   0.00000000
   0.00000000   0.00000000   0.00000000     1.000000   0.00000000
    -0.000128     0.316476   0.00000000   0.00000000   0.00000000
   0.00000000   0.00000000   0.00000000   0.00000000     1.000000

   54.810722   27.283483   13.581074    6.760338    3.365136
    1.675085    0.833818    0.415055    0.206605    0.119421
    0.102843    0.051193    0.041881    0.025483    0.016752
    0.012685

    -0.000106     0.000075   0.00000000   0.00000000   0.00000000
     0.000668    -0.000371   0.00000000   0.00000000   0.00000000
    -0.003789     0.001326   0.00000000   0.00000000   0.00000000
     0.018201    -0.004460   0.00000000   0.00000000   0.00000000
    -0.000788     0.005253   0.00000000   0.00000000   0.00000000
    -0.241963     0.020008   0.00000000   0.00000000   0.00000000
     0.132583     0.005249   0.00000000   0.00000000   0.00000000
     0.492227    -0.117643   0.00000000   0.00000000   0.00000000
     0.429611     0.039568   0.00000000   0.00000000   0.00000000
   0.00000000   0.00000000     1.000000   0.00000000   0.00000000
     0.137791    -0.284837   0.00000000   0.00000000   0.00000000
     0.008737     0.511076   0.00000000   0.00000000   0.00000000
   0.00000000   0.00000000   0.00000000     1.000000   0.00000000
     0.002427    -0.579147   0.00000000   0.00000000   0.00000000
   0.00000000   0.00000000   0.00000000   0.00000000     1.000000
    -0.000263     1.283008   0.00000000   0.00000000   0.00000000

    0.367348    0.146939

     1.000000   0.00000000
   0.00000000     1.000000

Cs:aug-cc-pVQZ-ccECP
ccECP aug-cc-pVQZ for Cs | source recipes/Cs/ccECP/Cs.aug-cc-pVQZ.gamess | ccECP from Omar Madany et al. Journal of Chemical Physics (2025) https://doi.org/10.1063/5.0285320

  5
    0    1    2    3    4
    7    7    4    3    2
   18   18    4    3    2

   65.882738   32.159823   15.698410    7.662980    3.740586
    1.825920    0.891300    0.435077    0.212377    0.142185
    0.103669    0.056251    0.050605    0.024702    0.022254
    0.012058    0.008804    0.003522

    -0.000050     0.000035   0.00000000   0.00000000   0.00000000   0.00000000
   0.00000000
     0.000191    -0.000165   0.00000000   0.00000000   0.00000000   0.00000000
   0.00000000
     0.000565     0.000252   0.00000000   0.00000000   0.00000000   0.00000000
   0.00000000
    -0.023603     0.005070   0.00000000   0.00000000   0.00000000   0.00000000
   0.00000000
     0.235875    -0.062127   0.00000000   0.00000000   0.00000000   0.00000000
   0.00000000
    -0.633310     0.182657   0.00000000   0.00000000   0.00000000   0.00000000
   0.00000000
    -0.116978     0.016976   0.00000000   0.00000000   0.00000000   0.00000000
   0.00000000
     0.722923    -0.225257   0.00000000   0.00000000   0.00000000   0.00000000
   0.00000000
     0.546604    -0.258018   0.00000000   0.00000000   0.00000000   0.00000000
   0.00000000
   0.00000000   0.00000000     1.000000   0.00000000   0.00000000   0.00000000
   0.00000000
     0.084514    -0.206209   0.00000000   0.00000000   0.00000000   0.00000000
   0.00000000
   0.00000000   0.00000000   0.00000000     1.000000   0.00000000   0.00000000
   0.00000000
    -0.002641     0.216748   0.00000000   0.00000000   0.00000000   0.00000000
   0.00000000
     0.001999     0.711343   0.00000000   0.00000000   0.00000000   0.00000000
   0.00000000
   0.00000000   0.00000000   0.00000000   0.00000000     1.000000   0.00000000
   0.00000000
    -0.000128     0.316476   0.00000000   0.00000000   0.00000000   0.00000000
   0.00000000
   0.00000000   0.00000000   0.00000000   0.00000000   0.00000000     1.000000
   0.00000000
   0.00000000   0.00000000   0.00000000   0.00000000   0.00000000   0.00000000
     1.000000

   54.810722   27.283483   13.581074    6.760338    3.365136
    1.675085    0.833818    0.646167    0.415055    0.251269
    0.206605    0.102843    0.097709    0.051193    0.037995
    0.025483    0.015198    0.012685

    -0.000106     0.000075   0.00000000   0.00000000   0.00000000   0.00000000
   0.00000000
     0.000668    -0.000371   0.00000000   0.00000000   0.00000000   0.00000000
   0.00000000
    -0.003789     0.001326   0.00000000   0.00000000   0.00000000   0.00000000
   0.00000000
     0.018201    -0.004460   0.00000000   0.00000000   0.00000000   0.00000000
   0.00000000
    -0.000788     0.005253   0.00000000   0.00000000   0.00000000   0.00000000
   0.00000000
    -0.241963     0.020008   0.00000000   0.00000000   0.00000000   0.00000000
   0.00000000
     0.132583     0.005249   0.00000000   0.00000000   0.00000000   0.00000000
   0.00000000
   0.00000000   0.00000000     1.000000   0.00000000   0.00000000   0.00000000
   0.00000000
     0.492227    -0.117643   0.00000000   0.00000000   0.00000000   0.00000000
   0.00000000
   0.00000000   0.00000000   0.00000000     1.000000   0.00000000   0.00000000
   0.00000000
     0.429611     0.039568   0.00000000   0.00000000   0.00000000   0.00000000
   0.00000000
     0.137791    -0.284837   0.00000000   0.00000000   0.00000000   0.00000000
   0.00000000
   0.00000000   0.00000000   0.00000000   0.00000000     1.000000   0.00000000
   0.00000000
     0.008737     0.511076   0.00000000   0.00000000   0.00000000   0.00000000
   0.00000000
   0.00000000   0.00000000   0.00000000   0.00000000   0.00000000     1.000000
   0.00000000
     0.002427    -0.579147   0.00000000   0.00000000   0.00000000   0.00000000
   0.00000000
   0.00000000   0.00000000   0.00000000   0.00000000   0.00000000   0.00000000
     1.000000
    -0.000263     1.283008   0.00000000   0.00000000   0.00000000   0.00000000
   0.00000000

    0.456234    0.182969    0.073378    0.029351

     1.000000   0.00000000   0.00000000   0.00000000
   0.00000000     1.000000   0.00000000   0.00000000
   0.00000000   0.00000000     1.000000   0.00000000
   0.00000000   0.00000000   0.00000000     1.000000

    0.728349    0.294344    0.117738

     1.000000   0.00000000   0.00000000
   0.00000000     1.000000   0.00000000
   0.00000000   0.00000000     1.000000

    0.603320    0.241328

     1.000000   0.00000000
   0.00000000     1.000000

Cs:aug-cc-pVTZ-ccECP
ccECP aug-cc-pVTZ for Cs | source recipes/Cs/ccECP/Cs.aug-cc-pVTZ.gamess | ccECP from Omar Madany et al. Journal of Chemical Physics (2025) https://doi.org/10.1063/5.0285320

  4
    0    1    2    3
    6    6    3    2
   17   17    3    2

   65.882738   32.159823   15.698410    7.662980    3.740586
    1.825920    0.891300    0.435077    0.212377    0.121016
    0.103669    0.050605    0.044795    0.024702    0.016581
    0.012058    0.006632

    -0.000050     0.000035   0.00000000   0.00000000   0.00000000   0.00000000
     0.000191    -0.000165   0.00000000   0.00000000   0.00000000   0.00000000
     0.000565     0.000252   0.00000000   0.00000000   0.00000000   0.00000000
    -0.023603     0.005070   0.00000000   0.00000000   0.00000000   0.00000000
     0.235875    -0.062127   0.00000000   0.00000000   0.00000000   0.00000000
    -0.633310     0.182657   0.00000000   0.00000000   0.00000000   0.00000000
    -0.116978     0.016976   0.00000000   0.00000000   0.00000000   0.00000000
     0.722923    -0.225257   0.00000000   0.00000000   0.00000000   0.00000000
     0.546604    -0.258018   0.00000000   0.00000000   0.00000000   0.00000000
   0.00000000   0.00000000     1.000000   0.00000000   0.00000000   0.00000000
     0.084514    -0.206209   0.00000000   0.00000000   0.00000000   0.00000000
    -0.002641     0.216748   0.00000000   0.00000000   0.00000000   0.00000000
   0.00000000   0.00000000   0.00000000     1.000000   0.00000000   0.00000000
     0.001999     0.711343   0.00000000   0.00000000   0.00000000   0.00000000
   0.00000000   0.00000000   0.00000000   0.00000000     1.000000   0.00000000
    -0.000128     0.316476   0.00000000   0.00000000   0.00000000   0.00000000
   0.00000000   0.00000000   0.00000000   0.00000000   0.00000000     1.000000

   54.810722   27.283483   13.581074    6.760338    3.365136
    1.675085    0.833818    0.503584    0.415055    0.206605
    0.172275    0.102843    0.058935    0.051193    0.025483
    0.023574    0.012685

    -0.000106     0.000075   0.00000000   0.00000000   0.00000000   0.00000000
     0.000668    -0.000371   0.00000000   0.00000000   0.00000000   0.00000000
    -0.003789     0.001326   0.00000000   0.00000000   0.00000000   0.00000000
     0.018201    -0.004460   0.00000000   0.00000000   0.00000000   0.00000000
    -0.000788     0.005253   0.00000000   0.00000000   0.00000000   0.00000000
    -0.241963     0.020008   0.00000000   0.00000000   0.00000000   0.00000000
     0.132583     0.005249   0.00000000   0.00000000   0.00000000   0.00000000
   0.00000000   0.00000000     1.000000   0.00000000   0.00000000   0.00000000
     0.492227    -0.117643   0.00000000   0.00000000   0.00000000   0.00000000
     0.429611     0.039568   0.00000000   0.00000000   0.00000000   0.00000000
   0.00000000   0.00000000   0.00000000     1.000000   0.00000000   0.00000000
     0.137791    -0.284837   0.00000000   0.00000000   0.00000000   0.00000000
   0.00000000   0.00000000   0.00000000   0.00000000     1.000000   0.00000000
     0.008737     0.511076   0.00000000   0.00000000   0.00000000   0.00000000
     0.002427    -0.579147   0.00000000   0.00000000   0.00000000   0.00000000
   0.00000000   0.00000000   0.00000000   0.00000000   0.00000000     1.000000
    -0.000263     1.283008   0.00000000   0.00000000   0.00000000   0.00000000

    0.444677    0.172054    0.068822

     1.000000   0.00000000   0.00000000
   0.00000000     1.000000   0.00000000
   0.00000000   0.00000000     1.000000

    0.539097    0.215639

     1.000000   0.00000000
   0.00000000     1.000000

Cs:cc-pCV5Z-ccECP
ccECP cc-pCV5Z for Cs | source recipes/Cs/ccECP/Cs.cc-pCV5Z.gamess | ccECP from Omar Madany et al. Journal of Chemical Physics (2025) https://doi.org/10.1063/5.0285320

  6
    0    1    2    3    4    5
   12   12    8    6    4    2
   23   23    8    6    4    2

   65.882738   32.159823   15.698410    7.662980    4.761275
    3.740586    2.682834    1.825920    1.511695    0.891300
    0.851794    0.564108    0.479960    0.435077    0.228083
    0.212377    0.103669    0.092220    0.050605    0.037287
    0.024702    0.015076    0.012058

    -0.000050     0.000035   0.00000000   0.00000000   0.00000000   0.00000000
   0.00000000   0.00000000   0.00000000   0.00000000   0.00000000   0.00000000
     0.000191    -0.000165   0.00000000   0.00000000   0.00000000   0.00000000
   0.00000000   0.00000000   0.00000000   0.00000000   0.00000000   0.00000000
     0.000565     0.000252   0.00000000   0.00000000   0.00000000   0.00000000
   0.00000000   0.00000000   0.00000000   0.00000000   0.00000000   0.00000000
    -0.023603     0.005070   0.00000000   0.00000000   0.00000000   0.00000000
   0.00000000   0.00000000   0.00000000   0.00000000   0.00000000   0.00000000
   0.00000000   0.00000000   0.00000000   0.00000000   0.00000000   0.00000000
   0.00000000     1.000000   0.00000000   0.00000000   0.00000000   0.00000000
     0.235875    -0.062127   0.00000000   0.00000000   0.00000000   0.00000000
   0.00000000   0.00000000   0.00000000   0.00000000   0.00000000   0.00000000
   0.00000000   0.00000000   0.00000000   0.00000000   0.00000000   0.00000000
   0.00000000   0.00000000     1.000000   0.00000000   0.00000000   0.00000000
    -0.633310     0.182657   0.00000000   0.00000000   0.00000000   0.00000000
   0.00000000   0.00000000   0.00000000   0.00000000   0.00000000   0.00000000
   0.00000000   0.00000000   0.00000000   0.00000000   0.00000000   0.00000000
   0.00000000   0.00000000   0.00000000     1.000000   0.00000000   0.00000000
    -0.116978     0.016976   0.00000000   0.00000000   0.00000000   0.00000000
   0.00000000   0.00000000   0.00000000   0.00000000   0.00000000   0.00000000
   0.00000000   0.00000000   0.00000000   0.00000000   0.00000000   0.00000000
   0.00000000   0.00000000   0.00000000   0.00000000     1.000000   0.00000000
   0.00000000   0.00000000     1.000000   0.00000000   0.00000000   0.00000000
   0.00000000   0.00000000   0.00000000   0.00000000   0.00000000   0.00000000
   0.00000000   0.00000000   0.00000000   0.00000000   0.00000000   0.00000000
   0.00000000   0.00000000   0.00000000   0.00000000   0.00000000     1.000000
     0.722923    -0.225257   0.00000000   0.00000000   0.00000000   0.00000000
   0.00000000   0.00000000   0.00000000   0.00000000   0.00000000   0.00000000
   0.00000000   0.00000000   0.00000000     1.000000   0.00000000   0.00000000
   0.00000000   0.00000000   0.00000000   0.00000000   0.00000000   0.00000000
     0.546604    -0.258018   0.00000000   0.00000000   0.00000000   0.00000000
   0.00000000   0.00000000   0.00000000   0.00000000   0.00000000   0.00000000
     0.084514    -0.206209   0.00000000   0.00000000   0.00000000   0.00000000
   0.00000000   0.00000000   0.00000000   0.00000000   0.00000000   0.00000000
   0.00000000   0.00000000   0.00000000   0.00000000     1.000000   0.00000000
   0.00000000   0.00000000   0.00000000   0.00000000   0.00000000   0.00000000
    -0.002641     0.216748   0.00000000   0.00000000   0.00000000   0.00000000
   0.00000000   0.00000000   0.00000000   0.00000000   0.00000000   0.00000000
   0.00000000   0.00000000   0.00000000   0.00000000   0.00000000     1.000000
   0.00000000   0.00000000   0.00000000   0.00000000   0.00000000   0.00000000
     0.001999     0.711343   0.00000000   0.00000000   0.00000000   0.00000000
   0.00000000   0.00000000   0.00000000   0.00000000   0.00000000   0.00000000
   0.00000000   0.00000000   0.00000000   0.00000000   0.00000000   0.00000000
     1.000000   0.00000000   0.00000000   0.00000000   0.00000000   0.00000000
    -0.000128     0.316476   0.00000000   0.00000000   0.00000000   0.00000000
   0.00000000   0.00000000   0.00000000   0.00000000   0.00000000   0.00000000

   54.810722   27.283483   13.581074    6.760338    3.407215
    3.365136    2.170289    1.675085    1.382406    0.993380
    0.880549    0.833818    0.560882    0.421126    0.415055
    0.206605    0.178529    0.102843    0.075684    0.051193
    0.032085    0.025483    0.012685

    -0.000106     0.000075   0.00000000   0.00000000   0.00000000   0.00000000
   0.00000000   0.00000000   0.00000000   0.00000000   0.00000000   0.00000000
     0.000668    -0.000371   0.00000000   0.00000000   0.00000000   0.00000000
   0.00000000   0.00000000   0.00000000   0.00000000   0.00000000   0.00000000
    -0.003789     0.001326   0.00000000   0.00000000   0.00000000   0.00000000
   0.00000000   0.00000000   0.00000000   0.00000000   0.00000000   0.00000000
     0.018201    -0.004460   0.00000000   0.00000000   0.00000000   0.00000000
   0.00000000   0.00000000   0.00000000   0.00000000   0.00000000   0.00000000
   0.00000000   0.00000000   0.00000000   0.00000000   0.00000000   0.00000000
   0.00000000     1.000000   0.00000000   0.00000000   0.00000000   0.00000000
    -0.000788     0.005253   0.00000000   0.00000000   0.00000000   0.00000000
   0.00000000   0.00000000   0.00000000   0.00000000   0.00000000   0.00000000
   0.00000000   0.00000000   0.00000000   0.00000000   0.00000000   0.00000000
   0.00000000   0.00000000     1.000000   0.00000000   0.00000000   0.00000000
    -0.241963     0.020008   0.00000000   0.00000000   0.00000000   0.00000000
   0.00000000   0.00000000   0.00000000   0.00000000   0.00000000   0.00000000
   0.00000000   0.00000000   0.00000000   0.00000000   0.00000000   0.00000000
   0.00000000   0.00000000   0.00000000     1.000000   0.00000000   0.00000000
   0.00000000   0.00000000     1.000000   0.00000000   0.00000000   0.00000000
   0.00000000   0.00000000   0.00000000   0.00000000   0.00000000   0.00000000
   0.00000000   0.00000000   0.00000000   0.00000000   0.00000000   0.00000000
   0.00000000   0.00000000   0.00000000   0.00000000     1.000000   0.00000000
     0.132583     0.005249   0.00000000   0.00000000   0.00000000   0.00000000
   0.00000000   0.00000000   0.00000000   0.00000000   0.00000000   0.00000000
   0.00000000   0.00000000   0.00000000   0.00000000   0.00000000   0.00000000
   0.00000000   0.00000000   0.00000000   0.00000000   0.00000000     1.000000
   0.00000000   0.00000000   0.00000000     1.000000   0.00000000   0.00000000
   0.00000000   0.00000000   0.00000000   0.00000000   0.00000000   0.00000000
     0.492227    -0.117643   0.00000000   0.00000000   0.00000000   0.00000000
   0.00000000   0.00000000   0.00000000   0.00000000   0.00000000   0.00000000
     0.429611     0.039568   0.00000000   0.00000000   0.00000000   0.00000000
   0.00000000   0.00000000   0.00000000   0.00000000   0.00000000   0.00000000
   0.00000000   0.00000000   0.00000000   0.00000000     1.000000   0.00000000
   0.00000000   0.00000000   0.00000000   0.00000000   0.00000000   0.00000000
     0.137791    -0.284837   0.00000000   0.00000000   0.00000000   0.00000000
   0.00000000   0.00000000   0.00000000   0.00000000   0.00000000   0.00000000
   0.00000000   0.00000000   0.00000000   0.00000000   0.00000000     1.000000
   0.00000000   0.00000000   0.00000000   0.00000000   0.00000000   0.00000000
     0.008737     0.511076   0.00000000   0.00000000   0.00000000   0.00000000
   0.00000000   0.00000000   0.00000000   0.00000000   0.00000000   0.00000000
   0.00000000   0.00000000   0.00000000   0.00000000   0.00000000   0.00000000
     1.000000   0.00000000   0.00000000   0.00000000   0.00000000   0.00000000
     0.002427    -0.579147   0.00000000   0.00000000   0.00000000   0.00000000
   0.00000000   0.00000000   0.00000000   0.00000000   0.00000000   0.00000000
    -0.000263     1.283008   0.00000000   0.00000000   0.00000000   0.00000000
   0.00000000   0.00000000   0.00000000   0.00000000   0.00000000   0.00000000

    3.022058    1.671639    0.924660    0.511472    0.474714
    0.189376    0.075548    0.030138

   0.00000000   0.00000000   0.00000000   0.00000000     1.000000   0.00000000
   0.00000000   0.00000000
   0.00000000   0.00000000   0.00000000   0.00000000   0.00000000     1.000000
   0.00000000   0.00000000
   0.00000000   0.00000000   0.00000000   0.00000000   0.00000000   0.00000000
     1.000000   0.00000000
   0.00000000   0.00000000   0.00000000   0.00000000   0.00000000   0.00000000
   0.00000000     1.000000
     1.000000   0.00000000   0.00000000   0.00000000   0.00000000   0.00000000
   0.00000000   0.00000000
   0.00000000     1.000000   0.00000000   0.00000000   0.00000000   0.00000000
   0.00000000   0.00000000
   0.00000000   0.00000000     1.000000   0.00000000   0.00000000   0.00000000
   0.00000000   0.00000000
   0.00000000   0.00000000   0.00000000     1.000000   0.00000000   0.00000000
   0.00000000   0.00000000

    3.830071    1.494052    0.819541    0.582807    0.331946
    0.134451

   0.00000000   0.00000000   0.00000000     1.000000   0.00000000   0.00000000
   0.00000000   0.00000000   0.00000000   0.00000000     1.000000   0.00000000
     1.000000   0.00000000   0.00000000   0.00000000   0.00000000   0.00000000
   0.00000000   0.00000000   0.00000000   0.00000000   0.00000000     1.000000
   0.00000000     1.000000   0.00000000   0.00000000   0.00000000   0.00000000
   0.00000000   0.00000000     1.000000   0.00000000   0.00000000   0.00000000

    1.348057    0.791506    0.677733    0.316786

   0.00000000   0.00000000     1.000000   0.00000000
     1.000000   0.00000000   0.00000000   0.00000000
   0.00000000   0.00000000   0.00000000     1.000000
   0.00000000     1.000000   0.00000000   0.00000000

    1.052622    0.730553

   0.00000000     1.000000
     1.000000   0.00000000

Cs:cc-pCVDZ-ccECP
ccECP cc-pCVDZ for Cs | source recipes/Cs/ccECP/Cs.cc-pCVDZ.gamess | ccECP from Omar Madany et al. Journal of Chemical Physics (2025) https://doi.org/10.1063/5.0285320

  3
    0    1    2
    6    6    2
   17   17    2

   65.882738   32.159823   15.698410    7.662980    3.740586
    1.825920    1.232220    0.891300    0.820910    0.435077
    0.212377    0.113870    0.103669    0.050605    0.024702
    0.018704    0.012058

    -0.000050     0.000035   0.00000000   0.00000000   0.00000000   0.00000000
     0.000191    -0.000165   0.00000000   0.00000000   0.00000000   0.00000000
     0.000565     0.000252   0.00000000   0.00000000   0.00000000   0.00000000
    -0.023603     0.005070   0.00000000   0.00000000   0.00000000   0.00000000
     0.235875    -0.062127   0.00000000   0.00000000   0.00000000   0.00000000
    -0.633310     0.182657   0.00000000   0.00000000   0.00000000   0.00000000
   0.00000000   0.00000000   0.00000000   0.00000000     1.000000   0.00000000
    -0.116978     0.016976   0.00000000   0.00000000   0.00000000   0.00000000
   0.00000000   0.00000000   0.00000000   0.00000000   0.00000000     1.000000
     0.722923    -0.225257   0.00000000   0.00000000   0.00000000   0.00000000
     0.546604    -0.258018   0.00000000   0.00000000   0.00000000   0.00000000
   0.00000000   0.00000000     1.000000   0.00000000   0.00000000   0.00000000
     0.084514    -0.206209   0.00000000   0.00000000   0.00000000   0.00000000
    -0.002641     0.216748   0.00000000   0.00000000   0.00000000   0.00000000
     0.001999     0.711343   0.00000000   0.00000000   0.00000000   0.00000000
   0.00000000   0.00000000   0.00000000     1.000000   0.00000000   0.00000000
    -0.000128     0.316476   0.00000000   0.00000000   0.00000000   0.00000000

   54.810722   27.283483   13.581074    6.760338    3.365136
    1.675085    0.833818    0.718413    0.415055    0.283120
    0.206605    0.119421    0.102843    0.051193    0.041881
    0.025483    0.012685

    -0.000106     0.000075   0.00000000   0.00000000   0.00000000   0.00000000
     0.000668    -0.000371   0.00000000   0.00000000   0.00000000   0.00000000
    -0.003789     0.001326   0.00000000   0.00000000   0.00000000   0.00000000
     0.018201    -0.004460   0.00000000   0.00000000   0.00000000   0.00000000
    -0.000788     0.005253   0.00000000   0.00000000   0.00000000   0.00000000
    -0.241963     0.020008   0.00000000   0.00000000   0.00000000   0.00000000
     0.132583     0.005249   0.00000000   0.00000000   0.00000000   0.00000000
   0.00000000   0.00000000   0.00000000   0.00000000     1.000000   0.00000000
     0.492227    -0.117643   0.00000000   0.00000000   0.00000000   0.00000000
   0.00000000   0.00000000   0.00000000   0.00000000   0.00000000     1.000000
     0.429611     0.039568   0.00000000   0.00000000   0.00000000   0.00000000
   0.00000000   0.00000000     1.000000   0.00000000   0.00000000   0.00000000
     0.137791    -0.284837   0.00000000   0.00000000   0.00000000   0.00000000
     0.008737     0.511076   0.00000000   0.00000000   0.00000000   0.00000000
   0.00000000   0.00000000   0.00000000     1.000000   0.00000000   0.00000000
     0.002427    -0.579147   0.00000000   0.00000000   0.00000000   0.00000000
    -0.000263     1.283008   0.00000000   0.00000000   0.00000000   0.00000000

    0.539491    0.367348

   0.00000000     1.000000
     1.000000   0.00000000

Cs:cc-pCVQZ-ccECP
ccECP cc-pCVQZ for Cs | source recipes/Cs/ccECP/Cs.cc-pCVQZ.gamess | ccECP from Omar Madany et al. Journal of Chemical Physics (2025) https://doi.org/10.1063/5.0285320

  5
    0    1    2    3    4
   10   10    6    4    2
   21   21    6    4    2

   65.882738   32.159823   15.698410    7.662980    3.740586
    1.948028    1.825920    1.100386    0.891300    0.621577
    0.435077    0.351111    0.212377    0.142185    0.103669
    0.056251    0.050605    0.024702    0.022254    0.012058
    0.008804

    -0.000050     0.000035   0.00000000   0.00000000   0.00000000   0.00000000
   0.00000000   0.00000000   0.00000000   0.00000000
     0.000191    -0.000165   0.00000000   0.00000000   0.00000000   0.00000000
   0.00000000   0.00000000   0.00000000   0.00000000
     0.000565     0.000252   0.00000000   0.00000000   0.00000000   0.00000000
   0.00000000   0.00000000   0.00000000   0.00000000
    -0.023603     0.005070   0.00000000   0.00000000   0.00000000   0.00000000
   0.00000000   0.00000000   0.00000000   0.00000000
     0.235875    -0.062127   0.00000000   0.00000000   0.00000000   0.00000000
   0.00000000   0.00000000   0.00000000   0.00000000
   0.00000000   0.00000000   0.00000000   0.00000000   0.00000000   0.00000000
     1.000000   0.00000000   0.00000000   0.00000000
    -0.633310     0.182657   0.00000000   0.00000000   0.00000000   0.00000000
   0.00000000   0.00000000   0.00000000   0.00000000
   0.00000000   0.00000000   0.00000000   0.00000000   0.00000000   0.00000000
   0.00000000     1.000000   0.00000000   0.00000000
    -0.116978     0.016976   0.00000000   0.00000000   0.00000000   0.00000000
   0.00000000   0.00000000   0.00000000   0.00000000
   0.00000000   0.00000000   0.00000000   0.00000000   0.00000000   0.00000000
   0.00000000   0.00000000     1.000000   0.00000000
     0.722923    -0.225257   0.00000000   0.00000000   0.00000000   0.00000000
   0.00000000   0.00000000   0.00000000   0.00000000
   0.00000000   0.00000000   0.00000000   0.00000000   0.00000000   0.00000000
   0.00000000   0.00000000   0.00000000     1.000000
     0.546604    -0.258018   0.00000000   0.00000000   0.00000000   0.00000000
   0.00000000   0.00000000   0.00000000   0.00000000
   0.00000000   0.00000000     1.000000   0.00000000   0.00000000   0.00000000
   0.00000000   0.00000000   0.00000000   0.00000000
     0.084514    -0.206209   0.00000000   0.00000000   0.00000000   0.00000000
   0.00000000   0.00000000   0.00000000   0.00000000
   0.00000000   0.00000000   0.00000000     1.000000   0.00000000   0.00000000
   0.00000000   0.00000000   0.00000000   0.00000000
    -0.002641     0.216748   0.00000000   0.00000000   0.00000000   0.00000000
   0.00000000   0.00000000   0.00000000   0.00000000
     0.001999     0.711343   0.00000000   0.00000000   0.00000000   0.00000000
   0.00000000   0.00000000   0.00000000   0.00000000
   0.00000000   0.00000000   0.00000000   0.00000000     1.000000   0.00000000
   0.00000000   0.00000000   0.00000000   0.00000000
    -0.000128     0.316476   0.00000000   0.00000000   0.00000000   0.00000000
   0.00000000   0.00000000   0.00000000   0.00000000
   0.00000000   0.00000000   0.00000000   0.00000000   0.00000000     1.000000
   0.00000000   0.00000000   0.00000000   0.00000000

   54.810722   27.283483   13.581074    6.760338    3.365136
    1.675085    1.644565    1.062203    0.833818    0.686063
    0.646167    0.443119    0.415055    0.251269    0.206605
    0.102843    0.097709    0.051193    0.037995    0.025483
    0.012685

    -0.000106     0.000075   0.00000000   0.00000000   0.00000000   0.00000000
   0.00000000   0.00000000   0.00000000   0.00000000
     0.000668    -0.000371   0.00000000   0.00000000   0.00000000   0.00000000
   0.00000000   0.00000000   0.00000000   0.00000000
    -0.003789     0.001326   0.00000000   0.00000000   0.00000000   0.00000000
   0.00000000   0.00000000   0.00000000   0.00000000
     0.018201    -0.004460   0.00000000   0.00000000   0.00000000   0.00000000
   0.00000000   0.00000000   0.00000000   0.00000000
    -0.000788     0.005253   0.00000000   0.00000000   0.00000000   0.00000000
   0.00000000   0.00000000   0.00000000   0.00000000
    -0.241963     0.020008   0.00000000   0.00000000   0.00000000   0.00000000
   0.00000000   0.00000000   0.00000000   0.00000000
   0.00000000   0.00000000   0.00000000   0.00000000   0.00000000   0.00000000
     1.000000   0.00000000   0.00000000   0.00000000
   0.00000000   0.00000000   0.00000000   0.00000000   0.00000000   0.00000000
   0.00000000     1.000000   0.00000000   0.00000000
     0.132583     0.005249   0.00000000   0.00000000   0.00000000   0.00000000
   0.00000000   0.00000000   0.00000000   0.00000000
   0.00000000   0.00000000   0.00000000   0.00000000   0.00000000   0.00000000
   0.00000000   0.00000000     1.000000   0.00000000
   0.00000000   0.00000000     1.000000   0.00000000   0.00000000   0.00000000
   0.00000000   0.00000000   0.00000000   0.00000000
   0.00000000   0.00000000   0.00000000   0.00000000   0.00000000   0.00000000
   0.00000000   0.00000000   0.00000000     1.000000
     0.492227    -0.117643   0.00000000   0.00000000   0.00000000   0.00000000
   0.00000000   0.00000000   0.00000000   0.00000000
   0.00000000   0.00000000   0.00000000     1.000000   0.00000000   0.00000000
   0.00000000   0.00000000   0.00000000   0.00000000
     0.429611     0.039568   0.00000000   0.00000000   0.00000000   0.00000000
   0.00000000   0.00000000   0.00000000   0.00000000
     0.137791    -0.284837   0.00000000   0.00000000   0.00000000   0.00000000
   0.00000000   0.00000000   0.00000000   0.00000000
   0.00000000   0.00000000   0.00000000   0.00000000     1.000000   0.00000000
   0.00000000   0.00000000   0.00000000   0.00000000
     0.008737     0.511076   0.00000000   0.00000000   0.00000000   0.00000000
   0.00000000   0.00000000   0.00000000   0.00000000
   0.00000000   0.00000000   0.00000000   0.00000000   0.00000000     1.000000
   0.00000000   0.00000000   0.00000000   0.00000000
     0.002427    -0.579147   0.00000000   0.00000000   0.00000000   0.00000000
   0.00000000   0.00000000   0.00000000   0.00000000
    -0.000263     1.283008   0.00000000   0.00000000   0.00000000   0.00000000
   0.00000000   0.00000000   0.00000000   0.00000000

    2.965599    1.607018    0.870821    0.456234    0.182969
    0.073378

   0.00000000   0.00000000   0.00000000     1.000000   0.00000000   0.00000000
   0.00000000   0.00000000   0.00000000   0.00000000     1.000000   0.00000000
   0.00000000   0.00000000   0.00000000   0.00000000   0.00000000     1.000000
     1.000000   0.00000000   0.00000000   0.00000000   0.00000000   0.00000000
   0.00000000     1.000000   0.00000000   0.00000000   0.00000000   0.00000000
   0.00000000   0.00000000     1.000000   0.00000000   0.00000000   0.00000000

    0.728349    0.616309    0.294344    0.238395

     1.000000   0.00000000   0.00000000   0.00000000
   0.00000000   0.00000000     1.000000   0.00000000
   0.00000000     1.000000   0.00000000   0.00000000
   0.00000000   0.00000000   0.00000000     1.000000

    0.933853    0.603320

   0.00000000     1.000000
     1.000000   0.00000000

Cs:cc-pCVTZ-ccECP
ccECP cc-pCVTZ for Cs | source recipes/Cs/ccECP/Cs.cc-pCVTZ.gamess | ccECP from Omar Madany et al. Journal of Chemical Physics (2025) https://doi.org/10.1063/5.0285320

  4
    0    1    2    3
    8    8    4    2
   19   19    4    2

   65.882738   32.159823   15.698410    7.662980    3.740586
    3.500591    1.825920    1.550644    0.891300    0.686883
    0.435077    0.212377    0.121016    0.103669    0.050605
    0.044795    0.024702    0.016581    0.012058

    -0.000050     0.000035   0.00000000   0.00000000   0.00000000   0.00000000
   0.00000000   0.00000000
     0.000191    -0.000165   0.00000000   0.00000000   0.00000000   0.00000000
   0.00000000   0.00000000
     0.000565     0.000252   0.00000000   0.00000000   0.00000000   0.00000000
   0.00000000   0.00000000
    -0.023603     0.005070   0.00000000   0.00000000   0.00000000   0.00000000
   0.00000000   0.00000000
     0.235875    -0.062127   0.00000000   0.00000000   0.00000000   0.00000000
   0.00000000   0.00000000
   0.00000000   0.00000000   0.00000000   0.00000000   0.00000000     1.000000
   0.00000000   0.00000000
    -0.633310     0.182657   0.00000000   0.00000000   0.00000000   0.00000000
   0.00000000   0.00000000
   0.00000000   0.00000000   0.00000000   0.00000000   0.00000000   0.00000000
     1.000000   0.00000000
    -0.116978     0.016976   0.00000000   0.00000000   0.00000000   0.00000000
   0.00000000   0.00000000
   0.00000000   0.00000000   0.00000000   0.00000000   0.00000000   0.00000000
   0.00000000     1.000000
     0.722923    -0.225257   0.00000000   0.00000000   0.00000000   0.00000000
   0.00000000   0.00000000
     0.546604    -0.258018   0.00000000   0.00000000   0.00000000   0.00000000
   0.00000000   0.00000000
   0.00000000   0.00000000     1.000000   0.00000000   0.00000000   0.00000000
   0.00000000   0.00000000
     0.084514    -0.206209   0.00000000   0.00000000   0.00000000   0.00000000
   0.00000000   0.00000000
    -0.002641     0.216748   0.00000000   0.00000000   0.00000000   0.00000000
   0.00000000   0.00000000
   0.00000000   0.00000000   0.00000000     1.000000   0.00000000   0.00000000
   0.00000000   0.00000000
     0.001999     0.711343   0.00000000   0.00000000   0.00000000   0.00000000
   0.00000000   0.00000000
   0.00000000   0.00000000   0.00000000   0.00000000     1.000000   0.00000000
   0.00000000   0.00000000
    -0.000128     0.316476   0.00000000   0.00000000   0.00000000   0.00000000
   0.00000000   0.00000000

   54.810722   27.283483   13.581074    6.760338    3.365136
    2.176702    1.675085    0.833818    0.751574    0.503584
    0.415055    0.259504    0.206605    0.172275    0.102843
    0.058935    0.051193    0.025483    0.012685

    -0.000106     0.000075   0.00000000   0.00000000   0.00000000   0.00000000
   0.00000000   0.00000000
     0.000668    -0.000371   0.00000000   0.00000000   0.00000000   0.00000000
   0.00000000   0.00000000
    -0.003789     0.001326   0.00000000   0.00000000   0.00000000   0.00000000
   0.00000000   0.00000000
     0.018201    -0.004460   0.00000000   0.00000000   0.00000000   0.00000000
   0.00000000   0.00000000
    -0.000788     0.005253   0.00000000   0.00000000   0.00000000   0.00000000
   0.00000000   0.00000000
   0.00000000   0.00000000   0.00000000   0.00000000   0.00000000     1.000000
   0.00000000   0.00000000
    -0.241963     0.020008   0.00000000   0.00000000   0.00000000   0.00000000
   0.00000000   0.00000000
     0.132583     0.005249   0.00000000   0.00000000   0.00000000   0.00000000
   0.00000000   0.00000000
   0.00000000   0.00000000   0.00000000   0.00000000   0.00000000   0.00000000
     1.000000   0.00000000
   0.00000000   0.00000000     1.000000   0.00000000   0.00000000   0.00000000
   0.00000000   0.00000000
     0.492227    -0.117643   0.00000000   0.00000000   0.00000000   0.00000000
   0.00000000   0.00000000
   0.00000000   0.00000000   0.00000000   0.00000000   0.00000000   0.00000000
   0.00000000     1.000000
     0.429611     0.039568   0.00000000   0.00000000   0.00000000   0.00000000
   0.00000000   0.00000000
   0.00000000   0.00000000   0.00000000     1.000000   0.00000000   0.00000000
   0.00000000   0.00000000
     0.137791    -0.284837   0.00000000   0.00000000   0.00000000   0.00000000
   0.00000000   0.00000000
   0.00000000   0.00000000   0.00000000   0.00000000     1.000000   0.00000000
   0.00000000   0.00000000
     0.008737     0.511076   0.00000000   0.00000000   0.00000000   0.00000000
   0.00000000   0.00000000
     0.002427    -0.579147   0.00000000   0.00000000   0.00000000   0.00000000
   0.00000000   0.00000000
    -0.000263     1.283008   0.00000000   0.00000000   0.00000000   0.00000000
   0.00000000   0.00000000

    1.201845    0.795531    0.444677    0.172054

   0.00000000   0.00000000     1.000000   0.00000000
   0.00000000   0.00000000   0.00000000     1.000000
     1.000000   0.00000000   0.00000000   0.00000000
   0.00000000     1.000000   0.00000000   0.00000000

    0.807552    0.539097

   0.00000000     1.000000
     1.000000   0.00000000

Cs:cc-pV5Z-ccECP
ccECP cc-pV5Z for Cs | source recipes/Cs/ccECP/Cs.cc-pV5Z.gamess | ccECP from Omar Madany et al. Journal of Chemical Physics (2025) https://doi.org/10.1063/5.0285320

  6
    0    1    2    3    4    5
    7    7    4    3    2    1
   18   18    4    3    2    1

   65.882738   32.159823   15.698410    7.662980    3.740586
    1.825920    0.891300    0.564108    0.435077    0.228083
    0.212377    0.103669    0.092220    0.050605    0.037287
    0.024702    0.015076    0.012058

    -0.000050     0.000035   0.00000000   0.00000000   0.00000000   0.00000000
   0.00000000
     0.000191    -0.000165   0.00000000   0.00000000   0.00000000   0.00000000
   0.00000000
     0.000565     0.000252   0.00000000   0.00000000   0.00000000   0.00000000
   0.00000000
    -0.023603     0.005070   0.00000000   0.00000000   0.00000000   0.00000000
   0.00000000
     0.235875    -0.062127   0.00000000   0.00000000   0.00000000   0.00000000
   0.00000000
    -0.633310     0.182657   0.00000000   0.00000000   0.00000000   0.00000000
   0.00000000
    -0.116978     0.016976   0.00000000   0.00000000   0.00000000   0.00000000
   0.00000000
   0.00000000   0.00000000     1.000000   0.00000000   0.00000000   0.00000000
   0.00000000
     0.722923    -0.225257   0.00000000   0.00000000   0.00000000   0.00000000
   0.00000000
   0.00000000   0.00000000   0.00000000     1.000000   0.00000000   0.00000000
   0.00000000
     0.546604    -0.258018   0.00000000   0.00000000   0.00000000   0.00000000
   0.00000000
     0.084514    -0.206209   0.00000000   0.00000000   0.00000000   0.00000000
   0.00000000
   0.00000000   0.00000000   0.00000000   0.00000000     1.000000   0.00000000
   0.00000000
    -0.002641     0.216748   0.00000000   0.00000000   0.00000000   0.00000000
   0.00000000
   0.00000000   0.00000000   0.00000000   0.00000000   0.00000000     1.000000
   0.00000000
     0.001999     0.711343   0.00000000   0.00000000   0.00000000   0.00000000
   0.00000000
   0.00000000   0.00000000   0.00000000   0.00000000   0.00000000   0.00000000
     1.000000
    -0.000128     0.316476   0.00000000   0.00000000   0.00000000   0.00000000
   0.00000000

   54.810722   27.283483   13.581074    6.760338    3.365136
    1.675085    0.993380    0.833818    0.421126    0.415055
    0.206605    0.178529    0.102843    0.075684    0.051193
    0.032085    0.025483    0.012685

    -0.000106     0.000075   0.00000000   0.00000000   0.00000000   0.00000000
   0.00000000
     0.000668    -0.000371   0.00000000   0.00000000   0.00000000   0.00000000
   0.00000000
    -0.003789     0.001326   0.00000000   0.00000000   0.00000000   0.00000000
   0.00000000
     0.018201    -0.004460   0.00000000   0.00000000   0.00000000   0.00000000
   0.00000000
    -0.000788     0.005253   0.00000000   0.00000000   0.00000000   0.00000000
   0.00000000
    -0.241963     0.020008   0.00000000   0.00000000   0.00000000   0.00000000
   0.00000000
   0.00000000   0.00000000     1.000000   0.00000000   0.00000000   0.00000000
   0.00000000
     0.132583     0.005249   0.00000000   0.00000000   0.00000000   0.00000000
   0.00000000
   0.00000000   0.00000000   0.00000000     1.000000   0.00000000   0.00000000
   0.00000000
     0.492227    -0.117643   0.00000000   0.00000000   0.00000000   0.00000000
   0.00000000
     0.429611     0.039568   0.00000000   0.00000000   0.00000000   0.00000000
   0.00000000
   0.00000000   0.00000000   0.00000000   0.00000000     1.000000   0.00000000
   0.00000000
     0.137791    -0.284837   0.00000000   0.00000000   0.00000000   0.00000000
   0.00000000
   0.00000000   0.00000000   0.00000000   0.00000000   0.00000000     1.000000
   0.00000000
     0.008737     0.511076   0.00000000   0.00000000   0.00000000   0.00000000
   0.00000000
   0.00000000   0.00000000   0.00000000   0.00000000   0.00000000   0.00000000
     1.000000
     0.002427    -0.579147   0.00000000   0.00000000   0.00000000   0.00000000
   0.00000000
    -0.000263     1.283008   0.00000000   0.00000000   0.00000000   0.00000000
   0.00000000

    0.474714    0.189376    0.075548    0.030138

     1.000000   0.00000000   0.00000000   0.00000000
   0.00000000     1.000000   0.00000000   0.00000000
   0.00000000   0.00000000     1.000000   0.00000000
   0.00000000   0.00000000   0.00000000     1.000000

    0.819541    0.331946    0.134451

     1.000000   0.00000000   0.00000000
   0.00000000     1.000000   0.00000000
   0.00000000   0.00000000     1.000000

    0.791506    0.316786

     1.000000   0.00000000
   0.00000000     1.000000

    0.730553

     1.000000

Cs:cc-pVDZ-ccECP
ccECP cc-pVDZ for Cs | source recipes/Cs/ccECP/Cs.cc-pVDZ.gamess | ccECP from Omar Madany et al. Journal of Chemical Physics (2025) https://doi.org/10.1063/5.0285320

  3
    0    1    2
    4    4    1
   15   15    1

   65.882738   32.159823   15.698410    7.662980    3.740586
    1.825920    0.891300    0.435077    0.212377    0.113870
    0.103669    0.050605    0.024702    0.018704    0.012058

    -0.000050     0.000035   0.00000000   0.00000000
     0.000191    -0.000165   0.00000000   0.00000000
     0.000565     0.000252   0.00000000   0.00000000
    -0.023603     0.005070   0.00000000   0.00000000
     0.235875    -0.062127   0.00000000   0.00000000
    -0.633310     0.182657   0.00000000   0.00000000
    -0.116978     0.016976   0.00000000   0.00000000
     0.722923    -0.225257   0.00000000   0.00000000
     0.546604    -0.258018   0.00000000   0.00000000
   0.00000000   0.00000000     1.000000   0.00000000
     0.084514    -0.206209   0.00000000   0.00000000
    -0.002641     0.216748   0.00000000   0.00000000
     0.001999     0.711343   0.00000000   0.00000000
   0.00000000   0.00000000   0.00000000     1.000000
    -0.000128     0.316476   0.00000000   0.00000000

   54.810722   27.283483   13.581074    6.760338    3.365136
    1.675085    0.833818    0.415055    0.206605    0.119421
    0.102843    0.051193    0.041881    0.025483    0.012685

    -0.000106     0.000075   0.00000000   0.00000000
     0.000668    -0.000371   0.00000000   0.00000000
    -0.003789     0.001326   0.00000000   0.00000000
     0.018201    -0.004460   0.00000000   0.00000000
    -0.000788     0.005253   0.00000000   0.00000000
    -0.241963     0.020008   0.00000000   0.00000000
     0.132583     0.005249   0.00000000   0.00000000
     0.492227    -0.117643   0.00000000   0.00000000
     0.429611     0.039568   0.00000000   0.00000000
   0.00000000   0.00000000     1.000000   0.00000000
     0.137791    -0.284837   0.00000000   0.00000000
     0.008737     0.511076   0.00000000   0.00000000
   0.00000000   0.00000000   0.00000000     1.000000
     0.002427    -0.579147   0.00000000   0.00000000
    -0.000263     1.283008   0.00000000   0.00000000

    0.367348

     1.000000

Cs:cc-pVQZ-ccECP
ccECP cc-pVQZ for Cs | source recipes/Cs/ccECP/Cs.cc-pVQZ.gamess | ccECP from Omar Madany et al. Journal of Chemical Physics (2025) https://doi.org/10.1063/5.0285320

  5
    0    1    2    3    4
    6    6    3    2    1
   17   17    3    2    1

   65.882738   32.159823   15.698410    7.662980    3.740586
    1.825920    0.891300    0.435077    0.212377    0.142185
    0.103669    0.056251    0.050605    0.024702    0.022254
    0.012058    0.008804

    -0.000050     0.000035   0.00000000   0.00000000   0.00000000   0.00000000
     0.000191    -0.000165   0.00000000   0.00000000   0.00000000   0.00000000
     0.000565     0.000252   0.00000000   0.00000000   0.00000000   0.00000000
    -0.023603     0.005070   0.00000000   0.00000000   0.00000000   0.00000000
     0.235875    -0.062127   0.00000000   0.00000000   0.00000000   0.00000000
    -0.633310     0.182657   0.00000000   0.00000000   0.00000000   0.00000000
    -0.116978     0.016976   0.00000000   0.00000000   0.00000000   0.00000000
     0.722923    -0.225257   0.00000000   0.00000000   0.00000000   0.00000000
     0.546604    -0.258018   0.00000000   0.00000000   0.00000000   0.00000000
   0.00000000   0.00000000     1.000000   0.00000000   0.00000000   0.00000000
     0.084514    -0.206209   0.00000000   0.00000000   0.00000000   0.00000000
   0.00000000   0.00000000   0.00000000     1.000000   0.00000000   0.00000000
    -0.002641     0.216748   0.00000000   0.00000000   0.00000000   0.00000000
     0.001999     0.711343   0.00000000   0.00000000   0.00000000   0.00000000
   0.00000000   0.00000000   0.00000000   0.00000000     1.000000   0.00000000
    -0.000128     0.316476   0.00000000   0.00000000   0.00000000   0.00000000
   0.00000000   0.00000000   0.00000000   0.00000000   0.00000000     1.000000

   54.810722   27.283483   13.581074    6.760338    3.365136
    1.675085    0.833818    0.646167    0.415055    0.251269
    0.206605    0.102843    0.097709    0.051193    0.037995
    0.025483    0.012685

    -0.000106     0.000075   0.00000000   0.00000000   0.00000000   0.00000000
     0.000668    -0.000371   0.00000000   0.00000000   0.00000000   0.00000000
    -0.003789     0.001326   0.00000000   0.00000000   0.00000000   0.00000000
     0.018201    -0.004460   0.00000000   0.00000000   0.00000000   0.00000000
    -0.000788     0.005253   0.00000000   0.00000000   0.00000000   0.00000000
    -0.241963     0.020008   0.00000000   0.00000000   0.00000000   0.00000000
     0.132583     0.005249   0.00000000   0.00000000   0.00000000   0.00000000
   0.00000000   0.00000000     1.000000   0.00000000   0.00000000   0.00000000
     0.492227    -0.117643   0.00000000   0.00000000   0.00000000   0.00000000
   0.00000000   0.00000000   0.00000000     1.000000   0.00000000   0.00000000
     0.429611     0.039568   0.00000000   0.00000000   0.00000000   0.00000000
     0.137791    -0.284837   0.00000000   0.00000000   0.00000000   0.00000000
   0.00000000   0.00000000   0.00000000   0.00000000     1.000000   0.00000000
     0.008737     0.511076   0.00000000   0.00000000   0.00000000   0.00000000
   0.00000000   0.00000000   0.00000000   0.00000000   0.00000000     1.000000
     0.002427    -0.579147   0.00000000   0.00000000   0.00000000   0.00000000
    -0.000263     1.283008   0.00000000   0.00000000   0.00000000   0.00000000

    0.456234    0.182969    0.073378

     1.000000   0.00000000   0.00000000
   0.00000000     1.000000   0.00000000
   0.00000000   0.00000000     1.000000

    0.728349    0.294344

     1.000000   0.00000000
   0.00000000     1.000000

    0.603320

     1.000000

Cs:cc-pVTZ-ccECP
ccECP cc-pVTZ for Cs | source recipes/Cs/ccECP/Cs.cc-pVTZ.gamess | ccECP from Omar Madany et al. Journal of Chemical Physics (2025) https://doi.org/10.1063/5.0285320

  4
    0    1    2    3
    5    5    2    1
   16   16    2    1

   65.882738   32.159823   15.698410    7.662980    3.740586
    1.825920    0.891300    0.435077    0.212377    0.121016
    0.103669    0.050605    0.044795    0.024702    0.016581
    0.012058

    -0.000050     0.000035   0.00000000   0.00000000   0.00000000
     0.000191    -0.000165   0.00000000   0.00000000   0.00000000
     0.000565     0.000252   0.00000000   0.00000000   0.00000000
    -0.023603     0.005070   0.00000000   0.00000000   0.00000000
     0.235875    -0.062127   0.00000000   0.00000000   0.00000000
    -0.633310     0.182657   0.00000000   0.00000000   0.00000000
    -0.116978     0.016976   0.00000000   0.00000000   0.00000000
     0.722923    -0.225257   0.00000000   0.00000000   0.00000000
     0.546604    -0.258018   0.00000000   0.00000000   0.00000000
   0.00000000   0.00000000     1.000000   0.00000000   0.00000000
     0.084514    -0.206209   0.00000000   0.00000000   0.00000000
    -0.002641     0.216748   0.00000000   0.00000000   0.00000000
   0.00000000   0.00000000   0.00000000     1.000000   0.00000000
     0.001999     0.711343   0.00000000   0.00000000   0.00000000
   0.00000000   0.00000000   0.00000000   0.00000000     1.000000
    -0.000128     0.316476   0.00000000   0.00000000   0.00000000

   54.810722   27.283483   13.581074    6.760338    3.365136
    1.675085    0.833818    0.503584    0.415055    0.206605
    0.172275    0.102843    0.058935    0.051193    0.025483
    0.012685

    -0.000106     0.000075   0.00000000   0.00000000   0.00000000
     0.000668    -0.000371   0.00000000   0.00000000   0.00000000
    -0.003789     0.001326   0.00000000   0.00000000   0.00000000
     0.018201    -0.004460   0.00000000   0.00000000   0.00000000
    -0.000788     0.005253   0.00000000   0.00000000   0.00000000
    -0.241963     0.020008   0.00000000   0.00000000   0.00000000
     0.132583     0.005249   0.00000000   0.00000000   0.00000000
   0.00000000   0.00000000     1.000000   0.00000000   0.00000000
     0.492227    -0.117643   0.00000000   0.00000000   0.00000000
     0.429611     0.039568   0.00000000   0.00000000   0.00000000
   0.00000000   0.00000000   0.00000000     1.000000   0.00000000
     0.137791    -0.284837   0.00000000   0.00000000   0.00000000
   0.00000000   0.00000000   0.00000000   0.00000000     1.000000
     0.008737     0.511076   0.00000000   0.00000000   0.00000000
     0.002427    -0.579147   0.00000000   0.00000000   0.00000000
    -0.000263     1.283008   0.00000000   0.00000000   0.00000000

    0.444677    0.172054

     1.000000   0.00000000
   0.00000000     1.000000

    0.539097

     1.000000

