
Re:aug-cc-pCV5Z-ccECP
ccECP aug-cc-pCV5Z for Re | source recipes/Re/ccECP/Re.aug-cc-pCV5Z.gamess | ccECP from Haihan Zhou et al. Journal of Chemical Physics (2024) https://doi.org/10.1063/5.0180057

  7
    0    1    2    3    4    5    6
   10   10    9    6    5    4    3
   16   16   16    6    5    4    3

   79.972027   42.084520   22.146579   11.654427    6.133032
    5.173500    3.227450    3.020300    1.698415    0.893775
    0.470340    0.247512    0.130251    0.068543    0.036070
    0.014428

    -0.003011     0.000893    -0.001189     0.002083    -0.002368    -0.005284
   0.00000000   0.00000000   0.00000000   0.00000000
     0.025888    -0.007945     0.011076    -0.019252     0.004322     0.015291
   0.00000000   0.00000000   0.00000000   0.00000000
    -0.150949     0.048073    -0.069381     0.121190     0.047959     0.050596
   0.00000000   0.00000000   0.00000000   0.00000000
     0.538810    -0.177614     0.260400    -0.464448    -0.275790    -0.404587
   0.00000000   0.00000000   0.00000000   0.00000000
    -0.692876     0.237698    -0.343879     0.640584     0.115147     0.159233
   0.00000000   0.00000000   0.00000000   0.00000000
   0.00000000   0.00000000   0.00000000   0.00000000   0.00000000   0.00000000
   0.00000000   0.00000000     1.000000   0.00000000
    -0.403315     0.152019    -0.269222     0.564214     2.064242     4.412358
   0.00000000   0.00000000   0.00000000   0.00000000
   0.00000000   0.00000000   0.00000000   0.00000000   0.00000000   0.00000000
   0.00000000   0.00000000   0.00000000     1.000000
     0.394711    -0.162644     0.251062    -0.886140    -3.661197   -13.096752
   0.00000000   0.00000000   0.00000000   0.00000000
     0.781391    -0.414114     0.931771    -2.479493    -1.471042    16.435293
   0.00000000   0.00000000   0.00000000   0.00000000
     0.254855    -0.220990     0.345540     3.017583     9.136510    -9.176351
   0.00000000   0.00000000   0.00000000   0.00000000
     0.042445     0.029036    -1.369366     1.458920    -9.190519    -3.332296
   0.00000000   0.00000000   0.00000000   0.00000000
    -0.009139     0.457161    -0.761372    -2.318212     1.458513    11.428330
   0.00000000   0.00000000   0.00000000   0.00000000
     0.004851     0.449664     0.232904    -1.279779     4.127572   -10.112663
   0.00000000   0.00000000   0.00000000   0.00000000
    -0.001200     0.289426     1.089386     1.779476    -2.624076     3.651712
     1.000000   0.00000000   0.00000000   0.00000000
   0.00000000   0.00000000   0.00000000   0.00000000   0.00000000   0.00000000
   0.00000000     1.000000   0.00000000   0.00000000

   74.714926   39.370945   20.746474   10.932331    5.760779
    4.808400    3.035636    3.007300    1.599625    0.842921
    0.444176    0.234058    0.123337    0.064992    0.034248
    0.013699

    -0.000157     0.000043     0.000060    -0.000534    -0.002433    -0.011450
   0.00000000   0.00000000   0.00000000   0.00000000
     0.001886    -0.000648    -0.001080     0.001260     0.009991     0.057669
   0.00000000   0.00000000   0.00000000   0.00000000
    -0.019012     0.007305     0.013200     0.013229    -0.006886    -0.200975
   0.00000000   0.00000000   0.00000000   0.00000000
     0.123918    -0.049983    -0.093763    -0.140827    -0.134891     0.688099
   0.00000000   0.00000000   0.00000000   0.00000000
    -0.298590     0.125879     0.245014     0.400500     0.459700    -1.811016
   0.00000000   0.00000000   0.00000000   0.00000000
   0.00000000   0.00000000   0.00000000   0.00000000   0.00000000   0.00000000
   0.00000000   0.00000000     1.000000   0.00000000
    -0.086364     0.029316     0.050101     0.209237     0.613298     1.936089
   0.00000000   0.00000000   0.00000000   0.00000000
   0.00000000   0.00000000   0.00000000   0.00000000   0.00000000   0.00000000
   0.00000000   0.00000000   0.00000000     1.000000
     0.406085    -0.176984    -0.388245    -1.556568    -4.436987     2.063203
   0.00000000   0.00000000   0.00000000   0.00000000
     0.501489    -0.289648    -0.862289    -0.276860     6.314553    -8.355369
   0.00000000   0.00000000   0.00000000   0.00000000
     0.260210    -0.190163     0.606747     3.289252    -3.173651    12.900875
   0.00000000   0.00000000   0.00000000   0.00000000
     0.047943     0.316061     1.343397    -2.428213    -1.914750   -13.074636
   0.00000000   0.00000000   0.00000000   0.00000000
     0.008275     0.585894    -0.511027    -0.528595     3.973159     8.835333
   0.00000000   0.00000000   0.00000000   0.00000000
    -0.000241     0.285881    -0.662745     0.912761    -2.008419    -3.137468
   0.00000000   0.00000000   0.00000000   0.00000000
     0.000396     0.031753    -0.101896     0.209049    -0.047564     0.080601
     1.000000   0.00000000   0.00000000   0.00000000
   0.00000000   0.00000000   0.00000000   0.00000000   0.00000000   0.00000000
   0.00000000     1.000000   0.00000000   0.00000000

   64.398459   33.889954   17.834727    9.385599    4.939210
    4.172500    2.609900    2.599279    1.367881    0.719853
    0.378826    0.199359    0.104913    0.055211    0.029055
    0.011622

     0.000044    -0.000086    -0.000271    -0.000710     0.002858   0.00000000
   0.00000000   0.00000000   0.00000000
    -0.000229     0.000436     0.001293     0.003286    -0.012682   0.00000000
   0.00000000   0.00000000   0.00000000
     0.000292    -0.000894    -0.003342    -0.008674     0.037931   0.00000000
   0.00000000   0.00000000   0.00000000
     0.012229    -0.014259    -0.013098    -0.014625    -0.145590   0.00000000
   0.00000000   0.00000000   0.00000000
    -0.085878     0.112833     0.140993     0.238809     0.653001   0.00000000
   0.00000000   0.00000000   0.00000000
   0.00000000   0.00000000   0.00000000   0.00000000   0.00000000   0.00000000
   0.00000000     1.000000   0.00000000
   0.00000000   0.00000000   0.00000000   0.00000000   0.00000000   0.00000000
   0.00000000   0.00000000     1.000000
     0.033179    -0.056630    -0.060678    -0.210812    -1.191255   0.00000000
   0.00000000   0.00000000   0.00000000
     0.231354    -0.370273    -0.735909    -1.539881    -0.802256   0.00000000
   0.00000000   0.00000000   0.00000000
     0.336568    -0.456854    -0.250020     1.965621     3.932017   0.00000000
   0.00000000   0.00000000   0.00000000
     0.318912     0.060704     1.296909     0.235609    -5.120044   0.00000000
   0.00000000   0.00000000   0.00000000
     0.208981     0.528809    -0.021796    -1.921854     3.381640   0.00000000
   0.00000000   0.00000000   0.00000000
     0.092098     0.353009    -0.673472     0.980294    -0.577769   0.00000000
   0.00000000   0.00000000   0.00000000
     0.017857     0.077452    -0.226862     0.266529    -0.473490   0.00000000
   0.00000000   0.00000000   0.00000000
     0.000970     0.002936    -0.015892     0.083210    -0.143115     1.000000
   0.00000000   0.00000000   0.00000000
   0.00000000   0.00000000   0.00000000   0.00000000   0.00000000   0.00000000
     1.000000   0.00000000   0.00000000

    2.357500    1.310300    0.728300    0.404800    0.150500
    0.056000

     1.000000   0.00000000   0.00000000   0.00000000   0.00000000   0.00000000
   0.00000000     1.000000   0.00000000   0.00000000   0.00000000   0.00000000
   0.00000000   0.00000000     1.000000   0.00000000   0.00000000   0.00000000
   0.00000000   0.00000000   0.00000000     1.000000   0.00000000   0.00000000
   0.00000000   0.00000000   0.00000000   0.00000000     1.000000   0.00000000
   0.00000000   0.00000000   0.00000000   0.00000000   0.00000000     1.000000

    2.574100    1.395900    0.756900    0.290900    0.111800

     1.000000   0.00000000   0.00000000   0.00000000   0.00000000
   0.00000000     1.000000   0.00000000   0.00000000   0.00000000
   0.00000000   0.00000000     1.000000   0.00000000   0.00000000
   0.00000000   0.00000000   0.00000000     1.000000   0.00000000
   0.00000000   0.00000000   0.00000000   0.00000000     1.000000

    2.400000    1.272700    0.502300    0.198300

     1.000000   0.00000000   0.00000000   0.00000000
   0.00000000     1.000000   0.00000000   0.00000000
   0.00000000   0.00000000     1.000000   0.00000000
   0.00000000   0.00000000   0.00000000     1.000000

    2.371700    1.069400    0.482200

     1.000000   0.00000000   0.00000000
   0.00000000     1.000000   0.00000000
   0.00000000   0.00000000     1.000000

Re:aug-cc-pCVDZ-ccECP
ccECP aug-cc-pCVDZ for Re | source recipes/Re/ccECP/Re.aug-cc-pCVDZ.gamess | ccECP from Haihan Zhou et al. Journal of Chemical Physics (2024) https://doi.org/10.1063/5.0180057

  4
    0    1    2    3
    6    6    5    3
   15   15   15    3

   79.972027   42.084520   22.146579   11.654427    6.133032
    3.227450    1.698415    1.549900    0.893775    0.470340
    0.247512    0.130251    0.068543    0.036070    0.014428

    -0.003011     0.000893    -0.001189   0.00000000   0.00000000   0.00000000
     0.025888    -0.007945     0.011076   0.00000000   0.00000000   0.00000000
    -0.150949     0.048073    -0.069381   0.00000000   0.00000000   0.00000000
     0.538810    -0.177614     0.260400   0.00000000   0.00000000   0.00000000
    -0.692876     0.237698    -0.343879   0.00000000   0.00000000   0.00000000
    -0.403315     0.152019    -0.269222   0.00000000   0.00000000   0.00000000
     0.394711    -0.162644     0.251062   0.00000000   0.00000000   0.00000000
   0.00000000   0.00000000   0.00000000   0.00000000   0.00000000     1.000000
     0.781391    -0.414114     0.931771   0.00000000   0.00000000   0.00000000
     0.254855    -0.220990     0.345540   0.00000000   0.00000000   0.00000000
     0.042445     0.029036    -1.369366   0.00000000   0.00000000   0.00000000
    -0.009139     0.457161    -0.761372   0.00000000   0.00000000   0.00000000
     0.004851     0.449664     0.232904   0.00000000   0.00000000   0.00000000
    -0.001200     0.289426     1.089386     1.000000   0.00000000   0.00000000
   0.00000000   0.00000000   0.00000000   0.00000000     1.000000   0.00000000

   74.714926   39.370945   20.746474   10.932331    5.760779
    3.035636    1.790000    1.599625    0.842921    0.444176
    0.234058    0.123337    0.064992    0.034248    0.013699

    -0.000157     0.000043     0.000060   0.00000000   0.00000000   0.00000000
     0.001886    -0.000648    -0.001080   0.00000000   0.00000000   0.00000000
    -0.019012     0.007305     0.013200   0.00000000   0.00000000   0.00000000
     0.123918    -0.049983    -0.093763   0.00000000   0.00000000   0.00000000
    -0.298590     0.125879     0.245014   0.00000000   0.00000000   0.00000000
    -0.086364     0.029316     0.050101   0.00000000   0.00000000   0.00000000
   0.00000000   0.00000000   0.00000000   0.00000000   0.00000000     1.000000
     0.406085    -0.176984    -0.388245   0.00000000   0.00000000   0.00000000
     0.501489    -0.289648    -0.862289   0.00000000   0.00000000   0.00000000
     0.260210    -0.190163     0.606747   0.00000000   0.00000000   0.00000000
     0.047943     0.316061     1.343397   0.00000000   0.00000000   0.00000000
     0.008275     0.585894    -0.511027   0.00000000   0.00000000   0.00000000
    -0.000241     0.285881    -0.662745   0.00000000   0.00000000   0.00000000
     0.000396     0.031753    -0.101896     1.000000   0.00000000   0.00000000
   0.00000000   0.00000000   0.00000000   0.00000000     1.000000   0.00000000

   64.398459   33.889954   17.834727    9.385599    4.939210
    2.599279    1.413000    1.367881    0.719853    0.378826
    0.199359    0.104913    0.055211    0.029055    0.011622

     0.000044    -0.000086   0.00000000   0.00000000   0.00000000
    -0.000229     0.000436   0.00000000   0.00000000   0.00000000
     0.000292    -0.000894   0.00000000   0.00000000   0.00000000
     0.012229    -0.014259   0.00000000   0.00000000   0.00000000
    -0.085878     0.112833   0.00000000   0.00000000   0.00000000
     0.033179    -0.056630   0.00000000   0.00000000   0.00000000
   0.00000000   0.00000000   0.00000000   0.00000000     1.000000
     0.231354    -0.370273   0.00000000   0.00000000   0.00000000
     0.336568    -0.456854   0.00000000   0.00000000   0.00000000
     0.318912     0.060704   0.00000000   0.00000000   0.00000000
     0.208981     0.528809   0.00000000   0.00000000   0.00000000
     0.092098     0.353009   0.00000000   0.00000000   0.00000000
     0.017857     0.077452   0.00000000   0.00000000   0.00000000
     0.000970     0.002936     1.000000   0.00000000   0.00000000
   0.00000000   0.00000000   0.00000000     1.000000   0.00000000

    1.440000    0.553300    0.212600

     1.000000   0.00000000   0.00000000
   0.00000000     1.000000   0.00000000
   0.00000000   0.00000000     1.000000

Re:aug-cc-pCVQZ-ccECP
ccECP aug-cc-pCVQZ for Re | source recipes/Re/ccECP/Re.aug-cc-pCVQZ.gamess | ccECP from Haihan Zhou et al. Journal of Chemical Physics (2024) https://doi.org/10.1063/5.0180057

  6
    0    1    2    3    4    5
    9    9    8    5    4    3
   16   16   16    5    4    3

   79.972027   42.084520   22.146579   11.654427    6.133032
    3.227450    1.698415    0.893775    0.789500    0.493900
    0.470340    0.247512    0.130251    0.068543    0.036070
    0.014428

    -0.003011     0.000893    -0.001189     0.002083    -0.002368   0.00000000
   0.00000000   0.00000000   0.00000000
     0.025888    -0.007945     0.011076    -0.019252     0.004322   0.00000000
   0.00000000   0.00000000   0.00000000
    -0.150949     0.048073    -0.069381     0.121190     0.047959   0.00000000
   0.00000000   0.00000000   0.00000000
     0.538810    -0.177614     0.260400    -0.464448    -0.275790   0.00000000
   0.00000000   0.00000000   0.00000000
    -0.692876     0.237698    -0.343879     0.640584     0.115147   0.00000000
   0.00000000   0.00000000   0.00000000
    -0.403315     0.152019    -0.269222     0.564214     2.064242   0.00000000
   0.00000000   0.00000000   0.00000000
     0.394711    -0.162644     0.251062    -0.886140    -3.661197   0.00000000
   0.00000000   0.00000000   0.00000000
     0.781391    -0.414114     0.931771    -2.479493    -1.471042   0.00000000
   0.00000000   0.00000000   0.00000000
   0.00000000   0.00000000   0.00000000   0.00000000   0.00000000   0.00000000
   0.00000000     1.000000   0.00000000
   0.00000000   0.00000000   0.00000000   0.00000000   0.00000000   0.00000000
   0.00000000   0.00000000     1.000000
     0.254855    -0.220990     0.345540     3.017583     9.136510   0.00000000
   0.00000000   0.00000000   0.00000000
     0.042445     0.029036    -1.369366     1.458920    -9.190519   0.00000000
   0.00000000   0.00000000   0.00000000
    -0.009139     0.457161    -0.761372    -2.318212     1.458513   0.00000000
   0.00000000   0.00000000   0.00000000
     0.004851     0.449664     0.232904    -1.279779     4.127572   0.00000000
   0.00000000   0.00000000   0.00000000
    -0.001200     0.289426     1.089386     1.779476    -2.624076     1.000000
   0.00000000   0.00000000   0.00000000
   0.00000000   0.00000000   0.00000000   0.00000000   0.00000000   0.00000000
     1.000000   0.00000000   0.00000000

   74.714926   39.370945   20.746474   10.932331    5.760779
    3.035636    1.984000    1.599625    1.240000    0.842921
    0.444176    0.234058    0.123337    0.064992    0.034248
    0.013699

    -0.000157     0.000043     0.000060    -0.000534    -0.002433   0.00000000
   0.00000000   0.00000000   0.00000000
     0.001886    -0.000648    -0.001080     0.001260     0.009991   0.00000000
   0.00000000   0.00000000   0.00000000
    -0.019012     0.007305     0.013200     0.013229    -0.006886   0.00000000
   0.00000000   0.00000000   0.00000000
     0.123918    -0.049983    -0.093763    -0.140827    -0.134891   0.00000000
   0.00000000   0.00000000   0.00000000
    -0.298590     0.125879     0.245014     0.400500     0.459700   0.00000000
   0.00000000   0.00000000   0.00000000
    -0.086364     0.029316     0.050101     0.209237     0.613298   0.00000000
   0.00000000   0.00000000   0.00000000
   0.00000000   0.00000000   0.00000000   0.00000000   0.00000000   0.00000000
   0.00000000     1.000000   0.00000000
     0.406085    -0.176984    -0.388245    -1.556568    -4.436987   0.00000000
   0.00000000   0.00000000   0.00000000
   0.00000000   0.00000000   0.00000000   0.00000000   0.00000000   0.00000000
   0.00000000   0.00000000     1.000000
     0.501489    -0.289648    -0.862289    -0.276860     6.314553   0.00000000
   0.00000000   0.00000000   0.00000000
     0.260210    -0.190163     0.606747     3.289252    -3.173651   0.00000000
   0.00000000   0.00000000   0.00000000
     0.047943     0.316061     1.343397    -2.428213    -1.914750   0.00000000
   0.00000000   0.00000000   0.00000000
     0.008275     0.585894    -0.511027    -0.528595     3.973159   0.00000000
   0.00000000   0.00000000   0.00000000
    -0.000241     0.285881    -0.662745     0.912761    -2.008419   0.00000000
   0.00000000   0.00000000   0.00000000
     0.000396     0.031753    -0.101896     0.209049    -0.047564     1.000000
   0.00000000   0.00000000   0.00000000
   0.00000000   0.00000000   0.00000000   0.00000000   0.00000000   0.00000000
     1.000000   0.00000000   0.00000000

   64.398459   33.889954   17.834727    9.385599    4.939210
    2.857600    2.599279    1.367881    1.019200    0.719853
    0.378826    0.199359    0.104913    0.055211    0.029055
    0.011622

     0.000044    -0.000086    -0.000271    -0.000710   0.00000000   0.00000000
   0.00000000   0.00000000
    -0.000229     0.000436     0.001293     0.003286   0.00000000   0.00000000
   0.00000000   0.00000000
     0.000292    -0.000894    -0.003342    -0.008674   0.00000000   0.00000000
   0.00000000   0.00000000
     0.012229    -0.014259    -0.013098    -0.014625   0.00000000   0.00000000
   0.00000000   0.00000000
    -0.085878     0.112833     0.140993     0.238809   0.00000000   0.00000000
   0.00000000   0.00000000
   0.00000000   0.00000000   0.00000000   0.00000000   0.00000000   0.00000000
     1.000000   0.00000000
     0.033179    -0.056630    -0.060678    -0.210812   0.00000000   0.00000000
   0.00000000   0.00000000
     0.231354    -0.370273    -0.735909    -1.539881   0.00000000   0.00000000
   0.00000000   0.00000000
   0.00000000   0.00000000   0.00000000   0.00000000   0.00000000   0.00000000
   0.00000000     1.000000
     0.336568    -0.456854    -0.250020     1.965621   0.00000000   0.00000000
   0.00000000   0.00000000
     0.318912     0.060704     1.296909     0.235609   0.00000000   0.00000000
   0.00000000   0.00000000
     0.208981     0.528809    -0.021796    -1.921854   0.00000000   0.00000000
   0.00000000   0.00000000
     0.092098     0.353009    -0.673472     0.980294   0.00000000   0.00000000
   0.00000000   0.00000000
     0.017857     0.077452    -0.226862     0.266529   0.00000000   0.00000000
   0.00000000   0.00000000
     0.000970     0.002936    -0.015892     0.083210     1.000000   0.00000000
   0.00000000   0.00000000
   0.00000000   0.00000000   0.00000000   0.00000000   0.00000000     1.000000
   0.00000000   0.00000000

    1.844000    0.979300    0.520100    0.194500    0.072800

     1.000000   0.00000000   0.00000000   0.00000000   0.00000000
   0.00000000     1.000000   0.00000000   0.00000000   0.00000000
   0.00000000   0.00000000     1.000000   0.00000000   0.00000000
   0.00000000   0.00000000   0.00000000     1.000000   0.00000000
   0.00000000   0.00000000   0.00000000   0.00000000     1.000000

    2.213700    1.049700    0.413300    0.162800

     1.000000   0.00000000   0.00000000   0.00000000
   0.00000000     1.000000   0.00000000   0.00000000
   0.00000000   0.00000000     1.000000   0.00000000
   0.00000000   0.00000000   0.00000000     1.000000

    2.007800    0.808700    0.325700

     1.000000   0.00000000   0.00000000
   0.00000000     1.000000   0.00000000
   0.00000000   0.00000000     1.000000

Re:aug-cc-pCVTZ-ccECP
ccECP aug-cc-pCVTZ for Re | source recipes/Re/ccECP/Re.aug-cc-pCVTZ.gamess | ccECP from Haihan Zhou et al. Journal of Chemical Physics (2024) https://doi.org/10.1063/5.0180057

  5
    0    1    2    3    4
    8    8    7    4    3
   16   16   16    4    3

   79.972027   42.084520   22.146579   11.654427    6.133032
    3.227450    1.698415    1.577400    0.987900    0.893775
    0.470340    0.247512    0.130251    0.068543    0.036070
    0.014428

    -0.003011     0.000893    -0.001189     0.002083   0.00000000   0.00000000
   0.00000000   0.00000000
     0.025888    -0.007945     0.011076    -0.019252   0.00000000   0.00000000
   0.00000000   0.00000000
    -0.150949     0.048073    -0.069381     0.121190   0.00000000   0.00000000
   0.00000000   0.00000000
     0.538810    -0.177614     0.260400    -0.464448   0.00000000   0.00000000
   0.00000000   0.00000000
    -0.692876     0.237698    -0.343879     0.640584   0.00000000   0.00000000
   0.00000000   0.00000000
    -0.403315     0.152019    -0.269222     0.564214   0.00000000   0.00000000
   0.00000000   0.00000000
     0.394711    -0.162644     0.251062    -0.886140   0.00000000   0.00000000
   0.00000000   0.00000000
   0.00000000   0.00000000   0.00000000   0.00000000   0.00000000   0.00000000
     1.000000   0.00000000
   0.00000000   0.00000000   0.00000000   0.00000000   0.00000000   0.00000000
   0.00000000     1.000000
     0.781391    -0.414114     0.931771    -2.479493   0.00000000   0.00000000
   0.00000000   0.00000000
     0.254855    -0.220990     0.345540     3.017583   0.00000000   0.00000000
   0.00000000   0.00000000
     0.042445     0.029036    -1.369366     1.458920   0.00000000   0.00000000
   0.00000000   0.00000000
    -0.009139     0.457161    -0.761372    -2.318212   0.00000000   0.00000000
   0.00000000   0.00000000
     0.004851     0.449664     0.232904    -1.279779   0.00000000   0.00000000
   0.00000000   0.00000000
    -0.001200     0.289426     1.089386     1.779476     1.000000   0.00000000
   0.00000000   0.00000000
   0.00000000   0.00000000   0.00000000   0.00000000   0.00000000     1.000000
   0.00000000   0.00000000

   74.714926   39.370945   20.746474   10.932331    5.760779
    3.035636    2.075200    1.599625    0.842921    0.798500
    0.444176    0.234058    0.123337    0.064992    0.034248
    0.013699

    -0.000157     0.000043     0.000060    -0.000534   0.00000000   0.00000000
   0.00000000   0.00000000
     0.001886    -0.000648    -0.001080     0.001260   0.00000000   0.00000000
   0.00000000   0.00000000
    -0.019012     0.007305     0.013200     0.013229   0.00000000   0.00000000
   0.00000000   0.00000000
     0.123918    -0.049983    -0.093763    -0.140827   0.00000000   0.00000000
   0.00000000   0.00000000
    -0.298590     0.125879     0.245014     0.400500   0.00000000   0.00000000
   0.00000000   0.00000000
    -0.086364     0.029316     0.050101     0.209237   0.00000000   0.00000000
   0.00000000   0.00000000
   0.00000000   0.00000000   0.00000000   0.00000000   0.00000000   0.00000000
     1.000000   0.00000000
     0.406085    -0.176984    -0.388245    -1.556568   0.00000000   0.00000000
   0.00000000   0.00000000
     0.501489    -0.289648    -0.862289    -0.276860   0.00000000   0.00000000
   0.00000000   0.00000000
   0.00000000   0.00000000   0.00000000   0.00000000   0.00000000   0.00000000
   0.00000000     1.000000
     0.260210    -0.190163     0.606747     3.289252   0.00000000   0.00000000
   0.00000000   0.00000000
     0.047943     0.316061     1.343397    -2.428213   0.00000000   0.00000000
   0.00000000   0.00000000
     0.008275     0.585894    -0.511027    -0.528595   0.00000000   0.00000000
   0.00000000   0.00000000
    -0.000241     0.285881    -0.662745     0.912761   0.00000000   0.00000000
   0.00000000   0.00000000
     0.000396     0.031753    -0.101896     0.209049     1.000000   0.00000000
   0.00000000   0.00000000
   0.00000000   0.00000000   0.00000000   0.00000000   0.00000000     1.000000
   0.00000000   0.00000000

   64.398459   33.889954   17.834727    9.385599    4.939210
    2.599279    2.579700    1.367881    0.788700    0.719853
    0.378826    0.199359    0.104913    0.055211    0.029055
    0.011622

     0.000044    -0.000086    -0.000271   0.00000000   0.00000000   0.00000000
   0.00000000
    -0.000229     0.000436     0.001293   0.00000000   0.00000000   0.00000000
   0.00000000
     0.000292    -0.000894    -0.003342   0.00000000   0.00000000   0.00000000
   0.00000000
     0.012229    -0.014259    -0.013098   0.00000000   0.00000000   0.00000000
   0.00000000
    -0.085878     0.112833     0.140993   0.00000000   0.00000000   0.00000000
   0.00000000
     0.033179    -0.056630    -0.060678   0.00000000   0.00000000   0.00000000
   0.00000000
   0.00000000   0.00000000   0.00000000   0.00000000   0.00000000     1.000000
   0.00000000
     0.231354    -0.370273    -0.735909   0.00000000   0.00000000   0.00000000
   0.00000000
   0.00000000   0.00000000   0.00000000   0.00000000   0.00000000   0.00000000
     1.000000
     0.336568    -0.456854    -0.250020   0.00000000   0.00000000   0.00000000
   0.00000000
     0.318912     0.060704     1.296909   0.00000000   0.00000000   0.00000000
   0.00000000
     0.208981     0.528809    -0.021796   0.00000000   0.00000000   0.00000000
   0.00000000
     0.092098     0.353009    -0.673472   0.00000000   0.00000000   0.00000000
   0.00000000
     0.017857     0.077452    -0.226862   0.00000000   0.00000000   0.00000000
   0.00000000
     0.000970     0.002936    -0.015892     1.000000   0.00000000   0.00000000
   0.00000000
   0.00000000   0.00000000   0.00000000   0.00000000     1.000000   0.00000000
   0.00000000

    1.654300    0.808800    0.293900    0.106800

     1.000000   0.00000000   0.00000000   0.00000000
   0.00000000     1.000000   0.00000000   0.00000000
   0.00000000   0.00000000     1.000000   0.00000000
   0.00000000   0.00000000   0.00000000     1.000000

    1.887100    0.736800    0.287600

     1.000000   0.00000000   0.00000000
   0.00000000     1.000000   0.00000000
   0.00000000   0.00000000     1.000000

Re:aug-cc-pV5Z-ccECP
ccECP aug-cc-pV5Z for Re | source recipes/Re/ccECP/Re.aug-cc-pV5Z.gamess | ccECP from Haihan Zhou et al. Journal of Chemical Physics (2024) https://doi.org/10.1063/5.0180057

  7
    0    1    2    3    4    5    6
    8    8    7    5    4    3    2
   14   14   14    5    4    3    2

   79.972027   42.084520   22.146579   11.654427    6.133032
    3.227450    1.698415    0.893775    0.470340    0.247512
    0.130251    0.068543    0.036070    0.014428

    -0.003011     0.000893    -0.001189     0.002083    -0.002368    -0.005284
   0.00000000   0.00000000
     0.025888    -0.007945     0.011076    -0.019252     0.004322     0.015291
   0.00000000   0.00000000
    -0.150949     0.048073    -0.069381     0.121190     0.047959     0.050596
   0.00000000   0.00000000
     0.538810    -0.177614     0.260400    -0.464448    -0.275790    -0.404587
   0.00000000   0.00000000
    -0.692876     0.237698    -0.343879     0.640584     0.115147     0.159233
   0.00000000   0.00000000
    -0.403315     0.152019    -0.269222     0.564214     2.064242     4.412358
   0.00000000   0.00000000
     0.394711    -0.162644     0.251062    -0.886140    -3.661197   -13.096752
   0.00000000   0.00000000
     0.781391    -0.414114     0.931771    -2.479493    -1.471042    16.435293
   0.00000000   0.00000000
     0.254855    -0.220990     0.345540     3.017583     9.136510    -9.176351
   0.00000000   0.00000000
     0.042445     0.029036    -1.369366     1.458920    -9.190519    -3.332296
   0.00000000   0.00000000
    -0.009139     0.457161    -0.761372    -2.318212     1.458513    11.428330
   0.00000000   0.00000000
     0.004851     0.449664     0.232904    -1.279779     4.127572   -10.112663
   0.00000000   0.00000000
    -0.001200     0.289426     1.089386     1.779476    -2.624076     3.651712
     1.000000   0.00000000
   0.00000000   0.00000000   0.00000000   0.00000000   0.00000000   0.00000000
   0.00000000     1.000000

   74.714926   39.370945   20.746474   10.932331    5.760779
    3.035636    1.599625    0.842921    0.444176    0.234058
    0.123337    0.064992    0.034248    0.013699

    -0.000157     0.000043     0.000060    -0.000534    -0.002433    -0.011450
   0.00000000   0.00000000
     0.001886    -0.000648    -0.001080     0.001260     0.009991     0.057669
   0.00000000   0.00000000
    -0.019012     0.007305     0.013200     0.013229    -0.006886    -0.200975
   0.00000000   0.00000000
     0.123918    -0.049983    -0.093763    -0.140827    -0.134891     0.688099
   0.00000000   0.00000000
    -0.298590     0.125879     0.245014     0.400500     0.459700    -1.811016
   0.00000000   0.00000000
    -0.086364     0.029316     0.050101     0.209237     0.613298     1.936089
   0.00000000   0.00000000
     0.406085    -0.176984    -0.388245    -1.556568    -4.436987     2.063203
   0.00000000   0.00000000
     0.501489    -0.289648    -0.862289    -0.276860     6.314553    -8.355369
   0.00000000   0.00000000
     0.260210    -0.190163     0.606747     3.289252    -3.173651    12.900875
   0.00000000   0.00000000
     0.047943     0.316061     1.343397    -2.428213    -1.914750   -13.074636
   0.00000000   0.00000000
     0.008275     0.585894    -0.511027    -0.528595     3.973159     8.835333
   0.00000000   0.00000000
    -0.000241     0.285881    -0.662745     0.912761    -2.008419    -3.137468
   0.00000000   0.00000000
     0.000396     0.031753    -0.101896     0.209049    -0.047564     0.080601
     1.000000   0.00000000
   0.00000000   0.00000000   0.00000000   0.00000000   0.00000000   0.00000000
   0.00000000     1.000000

   64.398459   33.889954   17.834727    9.385599    4.939210
    2.599279    1.367881    0.719853    0.378826    0.199359
    0.104913    0.055211    0.029055    0.011622

     0.000044    -0.000086    -0.000271    -0.000710     0.002858   0.00000000
   0.00000000
    -0.000229     0.000436     0.001293     0.003286    -0.012682   0.00000000
   0.00000000
     0.000292    -0.000894    -0.003342    -0.008674     0.037931   0.00000000
   0.00000000
     0.012229    -0.014259    -0.013098    -0.014625    -0.145590   0.00000000
   0.00000000
    -0.085878     0.112833     0.140993     0.238809     0.653001   0.00000000
   0.00000000
     0.033179    -0.056630    -0.060678    -0.210812    -1.191255   0.00000000
   0.00000000
     0.231354    -0.370273    -0.735909    -1.539881    -0.802256   0.00000000
   0.00000000
     0.336568    -0.456854    -0.250020     1.965621     3.932017   0.00000000
   0.00000000
     0.318912     0.060704     1.296909     0.235609    -5.120044   0.00000000
   0.00000000
     0.208981     0.528809    -0.021796    -1.921854     3.381640   0.00000000
   0.00000000
     0.092098     0.353009    -0.673472     0.980294    -0.577769   0.00000000
   0.00000000
     0.017857     0.077452    -0.226862     0.266529    -0.473490   0.00000000
   0.00000000
     0.000970     0.002936    -0.015892     0.083210    -0.143115     1.000000
   0.00000000
   0.00000000   0.00000000   0.00000000   0.00000000   0.00000000   0.00000000
     1.000000

    1.475700    0.689500    0.322200    0.150500    0.056000

     1.000000   0.00000000   0.00000000   0.00000000   0.00000000
   0.00000000     1.000000   0.00000000   0.00000000   0.00000000
   0.00000000   0.00000000     1.000000   0.00000000   0.00000000
   0.00000000   0.00000000   0.00000000     1.000000   0.00000000
   0.00000000   0.00000000   0.00000000   0.00000000     1.000000

    1.730100    0.709500    0.290900    0.111800

     1.000000   0.00000000   0.00000000   0.00000000
   0.00000000     1.000000   0.00000000   0.00000000
   0.00000000   0.00000000     1.000000   0.00000000
   0.00000000   0.00000000   0.00000000     1.000000

    1.343400    0.502300    0.198300

     1.000000   0.00000000   0.00000000
   0.00000000     1.000000   0.00000000
   0.00000000   0.00000000     1.000000

    1.069400    0.482200

     1.000000   0.00000000
   0.00000000     1.000000

Re:aug-cc-pVDZ-ccECP
ccECP aug-cc-pVDZ for Re | source recipes/Re/ccECP/Re.aug-cc-pVDZ.gamess | ccECP from Haihan Zhou et al. Journal of Chemical Physics (2024) https://doi.org/10.1063/5.0180057

  4
    0    1    2    3
    5    5    4    2
   14   14   14    2

   79.972027   42.084520   22.146579   11.654427    6.133032
    3.227450    1.698415    0.893775    0.470340    0.247512
    0.130251    0.068543    0.036070    0.014428

    -0.003011     0.000893    -0.001189   0.00000000   0.00000000
     0.025888    -0.007945     0.011076   0.00000000   0.00000000
    -0.150949     0.048073    -0.069381   0.00000000   0.00000000
     0.538810    -0.177614     0.260400   0.00000000   0.00000000
    -0.692876     0.237698    -0.343879   0.00000000   0.00000000
    -0.403315     0.152019    -0.269222   0.00000000   0.00000000
     0.394711    -0.162644     0.251062   0.00000000   0.00000000
     0.781391    -0.414114     0.931771   0.00000000   0.00000000
     0.254855    -0.220990     0.345540   0.00000000   0.00000000
     0.042445     0.029036    -1.369366   0.00000000   0.00000000
    -0.009139     0.457161    -0.761372   0.00000000   0.00000000
     0.004851     0.449664     0.232904   0.00000000   0.00000000
    -0.001200     0.289426     1.089386     1.000000   0.00000000
   0.00000000   0.00000000   0.00000000   0.00000000     1.000000

   74.714926   39.370945   20.746474   10.932331    5.760779
    3.035636    1.599625    0.842921    0.444176    0.234058
    0.123337    0.064992    0.034248    0.013699

    -0.000157     0.000043     0.000060   0.00000000   0.00000000
     0.001886    -0.000648    -0.001080   0.00000000   0.00000000
    -0.019012     0.007305     0.013200   0.00000000   0.00000000
     0.123918    -0.049983    -0.093763   0.00000000   0.00000000
    -0.298590     0.125879     0.245014   0.00000000   0.00000000
    -0.086364     0.029316     0.050101   0.00000000   0.00000000
     0.406085    -0.176984    -0.388245   0.00000000   0.00000000
     0.501489    -0.289648    -0.862289   0.00000000   0.00000000
     0.260210    -0.190163     0.606747   0.00000000   0.00000000
     0.047943     0.316061     1.343397   0.00000000   0.00000000
     0.008275     0.585894    -0.511027   0.00000000   0.00000000
    -0.000241     0.285881    -0.662745   0.00000000   0.00000000
     0.000396     0.031753    -0.101896     1.000000   0.00000000
   0.00000000   0.00000000   0.00000000   0.00000000     1.000000

   64.398459   33.889954   17.834727    9.385599    4.939210
    2.599279    1.367881    0.719853    0.378826    0.199359
    0.104913    0.055211    0.029055    0.011622

     0.000044    -0.000086   0.00000000   0.00000000
    -0.000229     0.000436   0.00000000   0.00000000
     0.000292    -0.000894   0.00000000   0.00000000
     0.012229    -0.014259   0.00000000   0.00000000
    -0.085878     0.112833   0.00000000   0.00000000
     0.033179    -0.056630   0.00000000   0.00000000
     0.231354    -0.370273   0.00000000   0.00000000
     0.336568    -0.456854   0.00000000   0.00000000
     0.318912     0.060704   0.00000000   0.00000000
     0.208981     0.528809   0.00000000   0.00000000
     0.092098     0.353009   0.00000000   0.00000000
     0.017857     0.077452   0.00000000   0.00000000
     0.000970     0.002936     1.000000   0.00000000
   0.00000000   0.00000000   0.00000000     1.000000

    0.553300    0.212600

     1.000000   0.00000000
   0.00000000     1.000000

Re:aug-cc-pVQZ-ccECP
ccECP aug-cc-pVQZ for Re | source recipes/Re/ccECP/Re.aug-cc-pVQZ.gamess | ccECP from Haihan Zhou et al. Journal of Chemical Physics (2024) https://doi.org/10.1063/5.0180057

  6
    0    1    2    3    4    5
    7    7    6    4    3    2
   14   14   14    4    3    2

   79.972027   42.084520   22.146579   11.654427    6.133032
    3.227450    1.698415    0.893775    0.470340    0.247512
    0.130251    0.068543    0.036070    0.014428

    -0.003011     0.000893    -0.001189     0.002083    -0.002368   0.00000000
   0.00000000
     0.025888    -0.007945     0.011076    -0.019252     0.004322   0.00000000
   0.00000000
    -0.150949     0.048073    -0.069381     0.121190     0.047959   0.00000000
   0.00000000
     0.538810    -0.177614     0.260400    -0.464448    -0.275790   0.00000000
   0.00000000
    -0.692876     0.237698    -0.343879     0.640584     0.115147   0.00000000
   0.00000000
    -0.403315     0.152019    -0.269222     0.564214     2.064242   0.00000000
   0.00000000
     0.394711    -0.162644     0.251062    -0.886140    -3.661197   0.00000000
   0.00000000
     0.781391    -0.414114     0.931771    -2.479493    -1.471042   0.00000000
   0.00000000
     0.254855    -0.220990     0.345540     3.017583     9.136510   0.00000000
   0.00000000
     0.042445     0.029036    -1.369366     1.458920    -9.190519   0.00000000
   0.00000000
    -0.009139     0.457161    -0.761372    -2.318212     1.458513   0.00000000
   0.00000000
     0.004851     0.449664     0.232904    -1.279779     4.127572   0.00000000
   0.00000000
    -0.001200     0.289426     1.089386     1.779476    -2.624076     1.000000
   0.00000000
   0.00000000   0.00000000   0.00000000   0.00000000   0.00000000   0.00000000
     1.000000

   74.714926   39.370945   20.746474   10.932331    5.760779
    3.035636    1.599625    0.842921    0.444176    0.234058
    0.123337    0.064992    0.034248    0.013699

    -0.000157     0.000043     0.000060    -0.000534    -0.002433   0.00000000
   0.00000000
     0.001886    -0.000648    -0.001080     0.001260     0.009991   0.00000000
   0.00000000
    -0.019012     0.007305     0.013200     0.013229    -0.006886   0.00000000
   0.00000000
     0.123918    -0.049983    -0.093763    -0.140827    -0.134891   0.00000000
   0.00000000
    -0.298590     0.125879     0.245014     0.400500     0.459700   0.00000000
   0.00000000
    -0.086364     0.029316     0.050101     0.209237     0.613298   0.00000000
   0.00000000
     0.406085    -0.176984    -0.388245    -1.556568    -4.436987   0.00000000
   0.00000000
     0.501489    -0.289648    -0.862289    -0.276860     6.314553   0.00000000
   0.00000000
     0.260210    -0.190163     0.606747     3.289252    -3.173651   0.00000000
   0.00000000
     0.047943     0.316061     1.343397    -2.428213    -1.914750   0.00000000
   0.00000000
     0.008275     0.585894    -0.511027    -0.528595     3.973159   0.00000000
   0.00000000
    -0.000241     0.285881    -0.662745     0.912761    -2.008419   0.00000000
   0.00000000
     0.000396     0.031753    -0.101896     0.209049    -0.047564     1.000000
   0.00000000
   0.00000000   0.00000000   0.00000000   0.00000000   0.00000000   0.00000000
     1.000000

   64.398459   33.889954   17.834727    9.385599    4.939210
    2.599279    1.367881    0.719853    0.378826    0.199359
    0.104913    0.055211    0.029055    0.011622

     0.000044    -0.000086    -0.000271    -0.000710   0.00000000   0.00000000
    -0.000229     0.000436     0.001293     0.003286   0.00000000   0.00000000
     0.000292    -0.000894    -0.003342    -0.008674   0.00000000   0.00000000
     0.012229    -0.014259    -0.013098    -0.014625   0.00000000   0.00000000
    -0.085878     0.112833     0.140993     0.238809   0.00000000   0.00000000
     0.033179    -0.056630    -0.060678    -0.210812   0.00000000   0.00000000
     0.231354    -0.370273    -0.735909    -1.539881   0.00000000   0.00000000
     0.336568    -0.456854    -0.250020     1.965621   0.00000000   0.00000000
     0.318912     0.060704     1.296909     0.235609   0.00000000   0.00000000
     0.208981     0.528809    -0.021796    -1.921854   0.00000000   0.00000000
     0.092098     0.353009    -0.673472     0.980294   0.00000000   0.00000000
     0.017857     0.077452    -0.226862     0.266529   0.00000000   0.00000000
     0.000970     0.002936    -0.015892     0.083210     1.000000   0.00000000
   0.00000000   0.00000000   0.00000000   0.00000000   0.00000000     1.000000

    1.232700    0.489700    0.194500    0.072800

     1.000000   0.00000000   0.00000000   0.00000000
   0.00000000     1.000000   0.00000000   0.00000000
   0.00000000   0.00000000     1.000000   0.00000000
   0.00000000   0.00000000   0.00000000     1.000000

    1.222200    0.413300    0.162800

     1.000000   0.00000000   0.00000000
   0.00000000     1.000000   0.00000000
   0.00000000   0.00000000     1.000000

    0.808700    0.325700

     1.000000   0.00000000
   0.00000000     1.000000

Re:aug-cc-pVTZ-ccECP
ccECP aug-cc-pVTZ for Re | source recipes/Re/ccECP/Re.aug-cc-pVTZ.gamess | ccECP from Haihan Zhou et al. Journal of Chemical Physics (2024) https://doi.org/10.1063/5.0180057

  5
    0    1    2    3    4
    6    6    5    3    2
   14   14   14    3    2

   79.972027   42.084520   22.146579   11.654427    6.133032
    3.227450    1.698415    0.893775    0.470340    0.247512
    0.130251    0.068543    0.036070    0.014428

    -0.003011     0.000893    -0.001189     0.002083   0.00000000   0.00000000
     0.025888    -0.007945     0.011076    -0.019252   0.00000000   0.00000000
    -0.150949     0.048073    -0.069381     0.121190   0.00000000   0.00000000
     0.538810    -0.177614     0.260400    -0.464448   0.00000000   0.00000000
    -0.692876     0.237698    -0.343879     0.640584   0.00000000   0.00000000
    -0.403315     0.152019    -0.269222     0.564214   0.00000000   0.00000000
     0.394711    -0.162644     0.251062    -0.886140   0.00000000   0.00000000
     0.781391    -0.414114     0.931771    -2.479493   0.00000000   0.00000000
     0.254855    -0.220990     0.345540     3.017583   0.00000000   0.00000000
     0.042445     0.029036    -1.369366     1.458920   0.00000000   0.00000000
    -0.009139     0.457161    -0.761372    -2.318212   0.00000000   0.00000000
     0.004851     0.449664     0.232904    -1.279779   0.00000000   0.00000000
    -0.001200     0.289426     1.089386     1.779476     1.000000   0.00000000
   0.00000000   0.00000000   0.00000000   0.00000000   0.00000000     1.000000

   74.714926   39.370945   20.746474   10.932331    5.760779
    3.035636    1.599625    0.842921    0.444176    0.234058
    0.123337    0.064992    0.034248    0.013699

    -0.000157     0.000043     0.000060    -0.000534   0.00000000   0.00000000
     0.001886    -0.000648    -0.001080     0.001260   0.00000000   0.00000000
    -0.019012     0.007305     0.013200     0.013229   0.00000000   0.00000000
     0.123918    -0.049983    -0.093763    -0.140827   0.00000000   0.00000000
    -0.298590     0.125879     0.245014     0.400500   0.00000000   0.00000000
    -0.086364     0.029316     0.050101     0.209237   0.00000000   0.00000000
     0.406085    -0.176984    -0.388245    -1.556568   0.00000000   0.00000000
     0.501489    -0.289648    -0.862289    -0.276860   0.00000000   0.00000000
     0.260210    -0.190163     0.606747     3.289252   0.00000000   0.00000000
     0.047943     0.316061     1.343397    -2.428213   0.00000000   0.00000000
     0.008275     0.585894    -0.511027    -0.528595   0.00000000   0.00000000
    -0.000241     0.285881    -0.662745     0.912761   0.00000000   0.00000000
     0.000396     0.031753    -0.101896     0.209049     1.000000   0.00000000
   0.00000000   0.00000000   0.00000000   0.00000000   0.00000000     1.000000

   64.398459   33.889954   17.834727    9.385599    4.939210
    2.599279    1.367881    0.719853    0.378826    0.199359
    0.104913    0.055211    0.029055    0.011622

     0.000044    -0.000086    -0.000271   0.00000000   0.00000000
    -0.000229     0.000436     0.001293   0.00000000   0.00000000
     0.000292    -0.000894    -0.003342   0.00000000   0.00000000
     0.012229    -0.014259    -0.013098   0.00000000   0.00000000
    -0.085878     0.112833     0.140993   0.00000000   0.00000000
     0.033179    -0.056630    -0.060678   0.00000000   0.00000000
     0.231354    -0.370273    -0.735909   0.00000000   0.00000000
     0.336568    -0.456854    -0.250020   0.00000000   0.00000000
     0.318912     0.060704     1.296909   0.00000000   0.00000000
     0.208981     0.528809    -0.021796   0.00000000   0.00000000
     0.092098     0.353009    -0.673472   0.00000000   0.00000000
     0.017857     0.077452    -0.226862   0.00000000   0.00000000
     0.000970     0.002936    -0.015892     1.000000   0.00000000
   0.00000000   0.00000000   0.00000000   0.00000000     1.000000

    0.933900    0.293900    0.106800

     1.000000   0.00000000   0.00000000
   0.00000000     1.000000   0.00000000
   0.00000000   0.00000000     1.000000

    0.736800    0.287600

     1.000000   0.00000000
   0.00000000     1.000000

Re:cc-pCV5Z-ccECP
ccECP cc-pCV5Z for Re | source recipes/Re/ccECP/Re.cc-pCV5Z.gamess | ccECP from Haihan Zhou et al. Journal of Chemical Physics (2024) https://doi.org/10.1063/5.0180057

  7
    0    1    2    3    4    5    6
    9    9    8    5    4    3    2
   15   15   15    5    4    3    2

   79.972027   42.084520   22.146579   11.654427    6.133032
    5.173500    3.227450    3.020300    1.698415    0.893775
    0.470340    0.247512    0.130251    0.068543    0.036070

    -0.003011     0.000893    -0.001189     0.002083    -0.002368    -0.005284
   0.00000000   0.00000000   0.00000000
     0.025888    -0.007945     0.011076    -0.019252     0.004322     0.015291
   0.00000000   0.00000000   0.00000000
    -0.150949     0.048073    -0.069381     0.121190     0.047959     0.050596
   0.00000000   0.00000000   0.00000000
     0.538810    -0.177614     0.260400    -0.464448    -0.275790    -0.404587
   0.00000000   0.00000000   0.00000000
    -0.692876     0.237698    -0.343879     0.640584     0.115147     0.159233
   0.00000000   0.00000000   0.00000000
   0.00000000   0.00000000   0.00000000   0.00000000   0.00000000   0.00000000
   0.00000000     1.000000   0.00000000
    -0.403315     0.152019    -0.269222     0.564214     2.064242     4.412358
   0.00000000   0.00000000   0.00000000
   0.00000000   0.00000000   0.00000000   0.00000000   0.00000000   0.00000000
   0.00000000   0.00000000     1.000000
     0.394711    -0.162644     0.251062    -0.886140    -3.661197   -13.096752
   0.00000000   0.00000000   0.00000000
     0.781391    -0.414114     0.931771    -2.479493    -1.471042    16.435293
   0.00000000   0.00000000   0.00000000
     0.254855    -0.220990     0.345540     3.017583     9.136510    -9.176351
   0.00000000   0.00000000   0.00000000
     0.042445     0.029036    -1.369366     1.458920    -9.190519    -3.332296
   0.00000000   0.00000000   0.00000000
    -0.009139     0.457161    -0.761372    -2.318212     1.458513    11.428330
   0.00000000   0.00000000   0.00000000
     0.004851     0.449664     0.232904    -1.279779     4.127572   -10.112663
   0.00000000   0.00000000   0.00000000
    -0.001200     0.289426     1.089386     1.779476    -2.624076     3.651712
     1.000000   0.00000000   0.00000000

   74.714926   39.370945   20.746474   10.932331    5.760779
    4.808400    3.035636    3.007300    1.599625    0.842921
    0.444176    0.234058    0.123337    0.064992    0.034248

    -0.000157     0.000043     0.000060    -0.000534    -0.002433    -0.011450
   0.00000000   0.00000000   0.00000000
     0.001886    -0.000648    -0.001080     0.001260     0.009991     0.057669
   0.00000000   0.00000000   0.00000000
    -0.019012     0.007305     0.013200     0.013229    -0.006886    -0.200975
   0.00000000   0.00000000   0.00000000
     0.123918    -0.049983    -0.093763    -0.140827    -0.134891     0.688099
   0.00000000   0.00000000   0.00000000
    -0.298590     0.125879     0.245014     0.400500     0.459700    -1.811016
   0.00000000   0.00000000   0.00000000
   0.00000000   0.00000000   0.00000000   0.00000000   0.00000000   0.00000000
   0.00000000     1.000000   0.00000000
    -0.086364     0.029316     0.050101     0.209237     0.613298     1.936089
   0.00000000   0.00000000   0.00000000
   0.00000000   0.00000000   0.00000000   0.00000000   0.00000000   0.00000000
   0.00000000   0.00000000     1.000000
     0.406085    -0.176984    -0.388245    -1.556568    -4.436987     2.063203
   0.00000000   0.00000000   0.00000000
     0.501489    -0.289648    -0.862289    -0.276860     6.314553    -8.355369
   0.00000000   0.00000000   0.00000000
     0.260210    -0.190163     0.606747     3.289252    -3.173651    12.900875
   0.00000000   0.00000000   0.00000000
     0.047943     0.316061     1.343397    -2.428213    -1.914750   -13.074636
   0.00000000   0.00000000   0.00000000
     0.008275     0.585894    -0.511027    -0.528595     3.973159     8.835333
   0.00000000   0.00000000   0.00000000
    -0.000241     0.285881    -0.662745     0.912761    -2.008419    -3.137468
   0.00000000   0.00000000   0.00000000
     0.000396     0.031753    -0.101896     0.209049    -0.047564     0.080601
     1.000000   0.00000000   0.00000000

   64.398459   33.889954   17.834727    9.385599    4.939210
    4.172500    2.609900    2.599279    1.367881    0.719853
    0.378826    0.199359    0.104913    0.055211    0.029055

     0.000044    -0.000086    -0.000271    -0.000710     0.002858   0.00000000
   0.00000000   0.00000000
    -0.000229     0.000436     0.001293     0.003286    -0.012682   0.00000000
   0.00000000   0.00000000
     0.000292    -0.000894    -0.003342    -0.008674     0.037931   0.00000000
   0.00000000   0.00000000
     0.012229    -0.014259    -0.013098    -0.014625    -0.145590   0.00000000
   0.00000000   0.00000000
    -0.085878     0.112833     0.140993     0.238809     0.653001   0.00000000
   0.00000000   0.00000000
   0.00000000   0.00000000   0.00000000   0.00000000   0.00000000   0.00000000
     1.000000   0.00000000
   0.00000000   0.00000000   0.00000000   0.00000000   0.00000000   0.00000000
   0.00000000     1.000000
     0.033179    -0.056630    -0.060678    -0.210812    -1.191255   0.00000000
   0.00000000   0.00000000
     0.231354    -0.370273    -0.735909    -1.539881    -0.802256   0.00000000
   0.00000000   0.00000000
     0.336568    -0.456854    -0.250020     1.965621     3.932017   0.00000000
   0.00000000   0.00000000
     0.318912     0.060704     1.296909     0.235609    -5.120044   0.00000000
   0.00000000   0.00000000
     0.208981     0.528809    -0.021796    -1.921854     3.381640   0.00000000
   0.00000000   0.00000000
     0.092098     0.353009    -0.673472     0.980294    -0.577769   0.00000000
   0.00000000   0.00000000
     0.017857     0.077452    -0.226862     0.266529    -0.473490   0.00000000
   0.00000000   0.00000000
     0.000970     0.002936    -0.015892     0.083210    -0.143115     1.000000
   0.00000000   0.00000000

    2.357500    1.310300    0.728300    0.404800    0.150500

     1.000000   0.00000000   0.00000000   0.00000000   0.00000000
   0.00000000     1.000000   0.00000000   0.00000000   0.00000000
   0.00000000   0.00000000     1.000000   0.00000000   0.00000000
   0.00000000   0.00000000   0.00000000     1.000000   0.00000000
   0.00000000   0.00000000   0.00000000   0.00000000     1.000000

    2.574100    1.395900    0.756900    0.290900

     1.000000   0.00000000   0.00000000   0.00000000
   0.00000000     1.000000   0.00000000   0.00000000
   0.00000000   0.00000000     1.000000   0.00000000
   0.00000000   0.00000000   0.00000000     1.000000

    2.400000    1.272700    0.502300

     1.000000   0.00000000   0.00000000
   0.00000000     1.000000   0.00000000
   0.00000000   0.00000000     1.000000

    2.371700    1.069400

     1.000000   0.00000000
   0.00000000     1.000000

Re:cc-pCVDZ-ccECP
ccECP cc-pCVDZ for Re | source recipes/Re/ccECP/Re.cc-pCVDZ.gamess | ccECP from Haihan Zhou et al. Journal of Chemical Physics (2024) https://doi.org/10.1063/5.0180057

  4
    0    1    2    3
    5    5    4    2
   14   14   14    2

   79.972027   42.084520   22.146579   11.654427    6.133032
    3.227450    1.698415    1.549900    0.893775    0.470340
    0.247512    0.130251    0.068543    0.036070

    -0.003011     0.000893    -0.001189   0.00000000   0.00000000
     0.025888    -0.007945     0.011076   0.00000000   0.00000000
    -0.150949     0.048073    -0.069381   0.00000000   0.00000000
     0.538810    -0.177614     0.260400   0.00000000   0.00000000
    -0.692876     0.237698    -0.343879   0.00000000   0.00000000
    -0.403315     0.152019    -0.269222   0.00000000   0.00000000
     0.394711    -0.162644     0.251062   0.00000000   0.00000000
   0.00000000   0.00000000   0.00000000   0.00000000     1.000000
     0.781391    -0.414114     0.931771   0.00000000   0.00000000
     0.254855    -0.220990     0.345540   0.00000000   0.00000000
     0.042445     0.029036    -1.369366   0.00000000   0.00000000
    -0.009139     0.457161    -0.761372   0.00000000   0.00000000
     0.004851     0.449664     0.232904   0.00000000   0.00000000
    -0.001200     0.289426     1.089386     1.000000   0.00000000

   74.714926   39.370945   20.746474   10.932331    5.760779
    3.035636    1.790000    1.599625    0.842921    0.444176
    0.234058    0.123337    0.064992    0.034248

    -0.000157     0.000043     0.000060   0.00000000   0.00000000
     0.001886    -0.000648    -0.001080   0.00000000   0.00000000
    -0.019012     0.007305     0.013200   0.00000000   0.00000000
     0.123918    -0.049983    -0.093763   0.00000000   0.00000000
    -0.298590     0.125879     0.245014   0.00000000   0.00000000
    -0.086364     0.029316     0.050101   0.00000000   0.00000000
   0.00000000   0.00000000   0.00000000   0.00000000     1.000000
     0.406085    -0.176984    -0.388245   0.00000000   0.00000000
     0.501489    -0.289648    -0.862289   0.00000000   0.00000000
     0.260210    -0.190163     0.606747   0.00000000   0.00000000
     0.047943     0.316061     1.343397   0.00000000   0.00000000
     0.008275     0.585894    -0.511027   0.00000000   0.00000000
    -0.000241     0.285881    -0.662745   0.00000000   0.00000000
     0.000396     0.031753    -0.101896     1.000000   0.00000000

   64.398459   33.889954   17.834727    9.385599    4.939210
    2.599279    1.413000    1.367881    0.719853    0.378826
    0.199359    0.104913    0.055211    0.029055

     0.000044    -0.000086   0.00000000   0.00000000
    -0.000229     0.000436   0.00000000   0.00000000
     0.000292    -0.000894   0.00000000   0.00000000
     0.012229    -0.014259   0.00000000   0.00000000
    -0.085878     0.112833   0.00000000   0.00000000
     0.033179    -0.056630   0.00000000   0.00000000
   0.00000000   0.00000000   0.00000000     1.000000
     0.231354    -0.370273   0.00000000   0.00000000
     0.336568    -0.456854   0.00000000   0.00000000
     0.318912     0.060704   0.00000000   0.00000000
     0.208981     0.528809   0.00000000   0.00000000
     0.092098     0.353009   0.00000000   0.00000000
     0.017857     0.077452   0.00000000   0.00000000
     0.000970     0.002936     1.000000   0.00000000

    1.440000    0.553300

     1.000000   0.00000000
   0.00000000     1.000000

Re:cc-pCVQZ-ccECP
ccECP cc-pCVQZ for Re | source recipes/Re/ccECP/Re.cc-pCVQZ.gamess | ccECP from Haihan Zhou et al. Journal of Chemical Physics (2024) https://doi.org/10.1063/5.0180057

  6
    0    1    2    3    4    5
    8    8    7    4    3    2
   15   15   15    4    3    2

   79.972027   42.084520   22.146579   11.654427    6.133032
    3.227450    1.698415    0.893775    0.789500    0.493900
    0.470340    0.247512    0.130251    0.068543    0.036070

    -0.003011     0.000893    -0.001189     0.002083    -0.002368   0.00000000
   0.00000000   0.00000000
     0.025888    -0.007945     0.011076    -0.019252     0.004322   0.00000000
   0.00000000   0.00000000
    -0.150949     0.048073    -0.069381     0.121190     0.047959   0.00000000
   0.00000000   0.00000000
     0.538810    -0.177614     0.260400    -0.464448    -0.275790   0.00000000
   0.00000000   0.00000000
    -0.692876     0.237698    -0.343879     0.640584     0.115147   0.00000000
   0.00000000   0.00000000
    -0.403315     0.152019    -0.269222     0.564214     2.064242   0.00000000
   0.00000000   0.00000000
     0.394711    -0.162644     0.251062    -0.886140    -3.661197   0.00000000
   0.00000000   0.00000000
     0.781391    -0.414114     0.931771    -2.479493    -1.471042   0.00000000
   0.00000000   0.00000000
   0.00000000   0.00000000   0.00000000   0.00000000   0.00000000   0.00000000
     1.000000   0.00000000
   0.00000000   0.00000000   0.00000000   0.00000000   0.00000000   0.00000000
   0.00000000     1.000000
     0.254855    -0.220990     0.345540     3.017583     9.136510   0.00000000
   0.00000000   0.00000000
     0.042445     0.029036    -1.369366     1.458920    -9.190519   0.00000000
   0.00000000   0.00000000
    -0.009139     0.457161    -0.761372    -2.318212     1.458513   0.00000000
   0.00000000   0.00000000
     0.004851     0.449664     0.232904    -1.279779     4.127572   0.00000000
   0.00000000   0.00000000
    -0.001200     0.289426     1.089386     1.779476    -2.624076     1.000000
   0.00000000   0.00000000

   74.714926   39.370945   20.746474   10.932331    5.760779
    3.035636    1.984000    1.599625    1.240000    0.842921
    0.444176    0.234058    0.123337    0.064992    0.034248

    -0.000157     0.000043     0.000060    -0.000534    -0.002433   0.00000000
   0.00000000   0.00000000
     0.001886    -0.000648    -0.001080     0.001260     0.009991   0.00000000
   0.00000000   0.00000000
    -0.019012     0.007305     0.013200     0.013229    -0.006886   0.00000000
   0.00000000   0.00000000
     0.123918    -0.049983    -0.093763    -0.140827    -0.134891   0.00000000
   0.00000000   0.00000000
    -0.298590     0.125879     0.245014     0.400500     0.459700   0.00000000
   0.00000000   0.00000000
    -0.086364     0.029316     0.050101     0.209237     0.613298   0.00000000
   0.00000000   0.00000000
   0.00000000   0.00000000   0.00000000   0.00000000   0.00000000   0.00000000
     1.000000   0.00000000
     0.406085    -0.176984    -0.388245    -1.556568    -4.436987   0.00000000
   0.00000000   0.00000000
   0.00000000   0.00000000   0.00000000   0.00000000   0.00000000   0.00000000
   0.00000000     1.000000
     0.501489    -0.289648    -0.862289    -0.276860     6.314553   0.00000000
   0.00000000   0.00000000
     0.260210    -0.190163     0.606747     3.289252    -3.173651   0.00000000
   0.00000000   0.00000000
     0.047943     0.316061     1.343397    -2.428213    -1.914750   0.00000000
   0.00000000   0.00000000
     0.008275     0.585894    -0.511027    -0.528595     3.973159   0.00000000
   0.00000000   0.00000000
    -0.000241     0.285881    -0.662745     0.912761    -2.008419   0.00000000
   0.00000000   0.00000000
     0.000396     0.031753    -0.101896     0.209049    -0.047564     1.000000
   0.00000000   0.00000000

   64.398459   33.889954   17.834727    9.385599    4.939210
    2.857600    2.599279    1.367881    1.019200    0.719853
    0.378826    0.199359    0.104913    0.055211    0.029055

     0.000044    -0.000086    -0.000271    -0.000710   0.00000000   0.00000000
   0.00000000
    -0.000229     0.000436     0.001293     0.003286   0.00000000   0.00000000
   0.00000000
     0.000292    -0.000894    -0.003342    -0.008674   0.00000000   0.00000000
   0.00000000
     0.012229    -0.014259    -0.013098    -0.014625   0.00000000   0.00000000
   0.00000000
    -0.085878     0.112833     0.140993     0.238809   0.00000000   0.00000000
   0.00000000
   0.00000000   0.00000000   0.00000000   0.00000000   0.00000000     1.000000
   0.00000000
     0.033179    -0.056630    -0.060678    -0.210812   0.00000000   0.00000000
   0.00000000
     0.231354    -0.370273    -0.735909    -1.539881   0.00000000   0.00000000
   0.00000000
   0.00000000   0.00000000   0.00000000   0.00000000   0.00000000   0.00000000
     1.000000
     0.336568    -0.456854    -0.250020     1.965621   0.00000000   0.00000000
   0.00000000
     0.318912     0.060704     1.296909     0.235609   0.00000000   0.00000000
   0.00000000
     0.208981     0.528809    -0.021796    -1.921854   0.00000000   0.00000000
   0.00000000
     0.092098     0.353009    -0.673472     0.980294   0.00000000   0.00000000
   0.00000000
     0.017857     0.077452    -0.226862     0.266529   0.00000000   0.00000000
   0.00000000
     0.000970     0.002936    -0.015892     0.083210     1.000000   0.00000000
   0.00000000

    1.844000    0.979300    0.520100    0.194500

     1.000000   0.00000000   0.00000000   0.00000000
   0.00000000     1.000000   0.00000000   0.00000000
   0.00000000   0.00000000     1.000000   0.00000000
   0.00000000   0.00000000   0.00000000     1.000000

    2.213700    1.049700    0.413300

     1.000000   0.00000000   0.00000000
   0.00000000     1.000000   0.00000000
   0.00000000   0.00000000     1.000000

    2.007800    0.808700

     1.000000   0.00000000
   0.00000000     1.000000

Re:cc-pCVTZ-ccECP
ccECP cc-pCVTZ for Re | source recipes/Re/ccECP/Re.cc-pCVTZ.gamess | ccECP from Haihan Zhou et al. Journal of Chemical Physics (2024) https://doi.org/10.1063/5.0180057

  5
    0    1    2    3    4
    7    7    6    3    2
   15   15   15    3    2

   79.972027   42.084520   22.146579   11.654427    6.133032
    3.227450    1.698415    1.577400    0.987900    0.893775
    0.470340    0.247512    0.130251    0.068543    0.036070

    -0.003011     0.000893    -0.001189     0.002083   0.00000000   0.00000000
   0.00000000
     0.025888    -0.007945     0.011076    -0.019252   0.00000000   0.00000000
   0.00000000
    -0.150949     0.048073    -0.069381     0.121190   0.00000000   0.00000000
   0.00000000
     0.538810    -0.177614     0.260400    -0.464448   0.00000000   0.00000000
   0.00000000
    -0.692876     0.237698    -0.343879     0.640584   0.00000000   0.00000000
   0.00000000
    -0.403315     0.152019    -0.269222     0.564214   0.00000000   0.00000000
   0.00000000
     0.394711    -0.162644     0.251062    -0.886140   0.00000000   0.00000000
   0.00000000
   0.00000000   0.00000000   0.00000000   0.00000000   0.00000000     1.000000
   0.00000000
   0.00000000   0.00000000   0.00000000   0.00000000   0.00000000   0.00000000
     1.000000
     0.781391    -0.414114     0.931771    -2.479493   0.00000000   0.00000000
   0.00000000
     0.254855    -0.220990     0.345540     3.017583   0.00000000   0.00000000
   0.00000000
     0.042445     0.029036    -1.369366     1.458920   0.00000000   0.00000000
   0.00000000
    -0.009139     0.457161    -0.761372    -2.318212   0.00000000   0.00000000
   0.00000000
     0.004851     0.449664     0.232904    -1.279779   0.00000000   0.00000000
   0.00000000
    -0.001200     0.289426     1.089386     1.779476     1.000000   0.00000000
   0.00000000

   74.714926   39.370945   20.746474   10.932331    5.760779
    3.035636    2.075200    1.599625    0.842921    0.798500
    0.444176    0.234058    0.123337    0.064992    0.034248

    -0.000157     0.000043     0.000060    -0.000534   0.00000000   0.00000000
   0.00000000
     0.001886    -0.000648    -0.001080     0.001260   0.00000000   0.00000000
   0.00000000
    -0.019012     0.007305     0.013200     0.013229   0.00000000   0.00000000
   0.00000000
     0.123918    -0.049983    -0.093763    -0.140827   0.00000000   0.00000000
   0.00000000
    -0.298590     0.125879     0.245014     0.400500   0.00000000   0.00000000
   0.00000000
    -0.086364     0.029316     0.050101     0.209237   0.00000000   0.00000000
   0.00000000
   0.00000000   0.00000000   0.00000000   0.00000000   0.00000000     1.000000
   0.00000000
     0.406085    -0.176984    -0.388245    -1.556568   0.00000000   0.00000000
   0.00000000
     0.501489    -0.289648    -0.862289    -0.276860   0.00000000   0.00000000
   0.00000000
   0.00000000   0.00000000   0.00000000   0.00000000   0.00000000   0.00000000
     1.000000
     0.260210    -0.190163     0.606747     3.289252   0.00000000   0.00000000
   0.00000000
     0.047943     0.316061     1.343397    -2.428213   0.00000000   0.00000000
   0.00000000
     0.008275     0.585894    -0.511027    -0.528595   0.00000000   0.00000000
   0.00000000
    -0.000241     0.285881    -0.662745     0.912761   0.00000000   0.00000000
   0.00000000
     0.000396     0.031753    -0.101896     0.209049     1.000000   0.00000000
   0.00000000

   64.398459   33.889954   17.834727    9.385599    4.939210
    2.599279    2.579700    1.367881    0.788700    0.719853
    0.378826    0.199359    0.104913    0.055211    0.029055

     0.000044    -0.000086    -0.000271   0.00000000   0.00000000   0.00000000
    -0.000229     0.000436     0.001293   0.00000000   0.00000000   0.00000000
     0.000292    -0.000894    -0.003342   0.00000000   0.00000000   0.00000000
     0.012229    -0.014259    -0.013098   0.00000000   0.00000000   0.00000000
    -0.085878     0.112833     0.140993   0.00000000   0.00000000   0.00000000
     0.033179    -0.056630    -0.060678   0.00000000   0.00000000   0.00000000
   0.00000000   0.00000000   0.00000000   0.00000000     1.000000   0.00000000
     0.231354    -0.370273    -0.735909   0.00000000   0.00000000   0.00000000
   0.00000000   0.00000000   0.00000000   0.00000000   0.00000000     1.000000
     0.336568    -0.456854    -0.250020   0.00000000   0.00000000   0.00000000
     0.318912     0.060704     1.296909   0.00000000   0.00000000   0.00000000
     0.208981     0.528809    -0.021796   0.00000000   0.00000000   0.00000000
     0.092098     0.353009    -0.673472   0.00000000   0.00000000   0.00000000
     0.017857     0.077452    -0.226862   0.00000000   0.00000000   0.00000000
     0.000970     0.002936    -0.015892     1.000000   0.00000000   0.00000000

    1.654300    0.808800    0.293900

     1.000000   0.00000000   0.00000000
   0.00000000     1.000000   0.00000000
   0.00000000   0.00000000     1.000000

    1.887100    0.736800

     1.000000   0.00000000
   0.00000000     1.000000

Re:cc-pV5Z-ccECP
ccECP cc-pV5Z for Re | source recipes/Re/ccECP/Re.cc-pV5Z.gamess | ccECP from Haihan Zhou et al. Journal of Chemical Physics (2024) https://doi.org/10.1063/5.0180057

  7
    0    1    2    3    4    5    6
    7    7    6    4    3    2    1
   13   13   13    4    3    2    1

   79.972027   42.084520   22.146579   11.654427    6.133032
    3.227450    1.698415    0.893775    0.470340    0.247512
    0.130251    0.068543    0.036070

    -0.003011     0.000893    -0.001189     0.002083    -0.002368    -0.005284
   0.00000000
     0.025888    -0.007945     0.011076    -0.019252     0.004322     0.015291
   0.00000000
    -0.150949     0.048073    -0.069381     0.121190     0.047959     0.050596
   0.00000000
     0.538810    -0.177614     0.260400    -0.464448    -0.275790    -0.404587
   0.00000000
    -0.692876     0.237698    -0.343879     0.640584     0.115147     0.159233
   0.00000000
    -0.403315     0.152019    -0.269222     0.564214     2.064242     4.412358
   0.00000000
     0.394711    -0.162644     0.251062    -0.886140    -3.661197   -13.096752
   0.00000000
     0.781391    -0.414114     0.931771    -2.479493    -1.471042    16.435293
   0.00000000
     0.254855    -0.220990     0.345540     3.017583     9.136510    -9.176351
   0.00000000
     0.042445     0.029036    -1.369366     1.458920    -9.190519    -3.332296
   0.00000000
    -0.009139     0.457161    -0.761372    -2.318212     1.458513    11.428330
   0.00000000
     0.004851     0.449664     0.232904    -1.279779     4.127572   -10.112663
   0.00000000
    -0.001200     0.289426     1.089386     1.779476    -2.624076     3.651712
     1.000000

   74.714926   39.370945   20.746474   10.932331    5.760779
    3.035636    1.599625    0.842921    0.444176    0.234058
    0.123337    0.064992    0.034248

    -0.000157     0.000043     0.000060    -0.000534    -0.002433    -0.011450
   0.00000000
     0.001886    -0.000648    -0.001080     0.001260     0.009991     0.057669
   0.00000000
    -0.019012     0.007305     0.013200     0.013229    -0.006886    -0.200975
   0.00000000
     0.123918    -0.049983    -0.093763    -0.140827    -0.134891     0.688099
   0.00000000
    -0.298590     0.125879     0.245014     0.400500     0.459700    -1.811016
   0.00000000
    -0.086364     0.029316     0.050101     0.209237     0.613298     1.936089
   0.00000000
     0.406085    -0.176984    -0.388245    -1.556568    -4.436987     2.063203
   0.00000000
     0.501489    -0.289648    -0.862289    -0.276860     6.314553    -8.355369
   0.00000000
     0.260210    -0.190163     0.606747     3.289252    -3.173651    12.900875
   0.00000000
     0.047943     0.316061     1.343397    -2.428213    -1.914750   -13.074636
   0.00000000
     0.008275     0.585894    -0.511027    -0.528595     3.973159     8.835333
   0.00000000
    -0.000241     0.285881    -0.662745     0.912761    -2.008419    -3.137468
   0.00000000
     0.000396     0.031753    -0.101896     0.209049    -0.047564     0.080601
     1.000000

   64.398459   33.889954   17.834727    9.385599    4.939210
    2.599279    1.367881    0.719853    0.378826    0.199359
    0.104913    0.055211    0.029055

     0.000044    -0.000086    -0.000271    -0.000710     0.002858   0.00000000
    -0.000229     0.000436     0.001293     0.003286    -0.012682   0.00000000
     0.000292    -0.000894    -0.003342    -0.008674     0.037931   0.00000000
     0.012229    -0.014259    -0.013098    -0.014625    -0.145590   0.00000000
    -0.085878     0.112833     0.140993     0.238809     0.653001   0.00000000
     0.033179    -0.056630    -0.060678    -0.210812    -1.191255   0.00000000
     0.231354    -0.370273    -0.735909    -1.539881    -0.802256   0.00000000
     0.336568    -0.456854    -0.250020     1.965621     3.932017   0.00000000
     0.318912     0.060704     1.296909     0.235609    -5.120044   0.00000000
     0.208981     0.528809    -0.021796    -1.921854     3.381640   0.00000000
     0.092098     0.353009    -0.673472     0.980294    -0.577769   0.00000000
     0.017857     0.077452    -0.226862     0.266529    -0.473490   0.00000000
     0.000970     0.002936    -0.015892     0.083210    -0.143115     1.000000

    1.475700    0.689500    0.322200    0.150500

     1.000000   0.00000000   0.00000000   0.00000000
   0.00000000     1.000000   0.00000000   0.00000000
   0.00000000   0.00000000     1.000000   0.00000000
   0.00000000   0.00000000   0.00000000     1.000000

    1.730100    0.709500    0.290900

     1.000000   0.00000000   0.00000000
   0.00000000     1.000000   0.00000000
   0.00000000   0.00000000     1.000000

    1.343400    0.502300

     1.000000   0.00000000
   0.00000000     1.000000

    1.069400

     1.000000

Re:cc-pVDZ-ccECP
ccECP cc-pVDZ for Re | source recipes/Re/ccECP/Re.cc-pVDZ.gamess | ccECP from Haihan Zhou et al. Journal of Chemical Physics (2024) https://doi.org/10.1063/5.0180057

  4
    0    1    2    3
    4    4    3    1
   13   13   13    1

   79.972027   42.084520   22.146579   11.654427    6.133032
    3.227450    1.698415    0.893775    0.470340    0.247512
    0.130251    0.068543    0.036070

    -0.003011     0.000893    -0.001189   0.00000000
     0.025888    -0.007945     0.011076   0.00000000
    -0.150949     0.048073    -0.069381   0.00000000
     0.538810    -0.177614     0.260400   0.00000000
    -0.692876     0.237698    -0.343879   0.00000000
    -0.403315     0.152019    -0.269222   0.00000000
     0.394711    -0.162644     0.251062   0.00000000
     0.781391    -0.414114     0.931771   0.00000000
     0.254855    -0.220990     0.345540   0.00000000
     0.042445     0.029036    -1.369366   0.00000000
    -0.009139     0.457161    -0.761372   0.00000000
     0.004851     0.449664     0.232904   0.00000000
    -0.001200     0.289426     1.089386     1.000000

   74.714926   39.370945   20.746474   10.932331    5.760779
    3.035636    1.599625    0.842921    0.444176    0.234058
    0.123337    0.064992    0.034248

    -0.000157     0.000043     0.000060   0.00000000
     0.001886    -0.000648    -0.001080   0.00000000
    -0.019012     0.007305     0.013200   0.00000000
     0.123918    -0.049983    -0.093763   0.00000000
    -0.298590     0.125879     0.245014   0.00000000
    -0.086364     0.029316     0.050101   0.00000000
     0.406085    -0.176984    -0.388245   0.00000000
     0.501489    -0.289648    -0.862289   0.00000000
     0.260210    -0.190163     0.606747   0.00000000
     0.047943     0.316061     1.343397   0.00000000
     0.008275     0.585894    -0.511027   0.00000000
    -0.000241     0.285881    -0.662745   0.00000000
     0.000396     0.031753    -0.101896     1.000000

   64.398459   33.889954   17.834727    9.385599    4.939210
    2.599279    1.367881    0.719853    0.378826    0.199359
    0.104913    0.055211    0.029055

     0.000044    -0.000086   0.00000000
    -0.000229     0.000436   0.00000000
     0.000292    -0.000894   0.00000000
     0.012229    -0.014259   0.00000000
    -0.085878     0.112833   0.00000000
     0.033179    -0.056630   0.00000000
     0.231354    -0.370273   0.00000000
     0.336568    -0.456854   0.00000000
     0.318912     0.060704   0.00000000
     0.208981     0.528809   0.00000000
     0.092098     0.353009   0.00000000
     0.017857     0.077452   0.00000000
     0.000970     0.002936     1.000000

    0.553300

     1.000000

Re:cc-pVQZ-ccECP
ccECP cc-pVQZ for Re | source recipes/Re/ccECP/Re.cc-pVQZ.gamess | ccECP from Haihan Zhou et al. Journal of Chemical Physics (2024) https://doi.org/10.1063/5.0180057

  6
    0    1    2    3    4    5
    6    6    5    3    2    1
   13   13   13    3    2    1

   79.972027   42.084520   22.146579   11.654427    6.133032
    3.227450    1.698415    0.893775    0.470340    0.247512
    0.130251    0.068543    0.036070

    -0.003011     0.000893    -0.001189     0.002083    -0.002368   0.00000000
     0.025888    -0.007945     0.011076    -0.019252     0.004322   0.00000000
    -0.150949     0.048073    -0.069381     0.121190     0.047959   0.00000000
     0.538810    -0.177614     0.260400    -0.464448    -0.275790   0.00000000
    -0.692876     0.237698    -0.343879     0.640584     0.115147   0.00000000
    -0.403315     0.152019    -0.269222     0.564214     2.064242   0.00000000
     0.394711    -0.162644     0.251062    -0.886140    -3.661197   0.00000000
     0.781391    -0.414114     0.931771    -2.479493    -1.471042   0.00000000
     0.254855    -0.220990     0.345540     3.017583     9.136510   0.00000000
     0.042445     0.029036    -1.369366     1.458920    -9.190519   0.00000000
    -0.009139     0.457161    -0.761372    -2.318212     1.458513   0.00000000
     0.004851     0.449664     0.232904    -1.279779     4.127572   0.00000000
    -0.001200     0.289426     1.089386     1.779476    -2.624076     1.000000

   74.714926   39.370945   20.746474   10.932331    5.760779
    3.035636    1.599625    0.842921    0.444176    0.234058
    0.123337    0.064992    0.034248

    -0.000157     0.000043     0.000060    -0.000534    -0.002433   0.00000000
     0.001886    -0.000648    -0.001080     0.001260     0.009991   0.00000000
    -0.019012     0.007305     0.013200     0.013229    -0.006886   0.00000000
     0.123918    -0.049983    -0.093763    -0.140827    -0.134891   0.00000000
    -0.298590     0.125879     0.245014     0.400500     0.459700   0.00000000
    -0.086364     0.029316     0.050101     0.209237     0.613298   0.00000000
     0.406085    -0.176984    -0.388245    -1.556568    -4.436987   0.00000000
     0.501489    -0.289648    -0.862289    -0.276860     6.314553   0.00000000
     0.260210    -0.190163     0.606747     3.289252    -3.173651   0.00000000
     0.047943     0.316061     1.343397    -2.428213    -1.914750   0.00000000
     0.008275     0.585894    -0.511027    -0.528595     3.973159   0.00000000
    -0.000241     0.285881    -0.662745     0.912761    -2.008419   0.00000000
     0.000396     0.031753    -0.101896     0.209049    -0.047564     1.000000

   64.398459   33.889954   17.834727    9.385599    4.939210
    2.599279    1.367881    0.719853    0.378826    0.199359
    0.104913    0.055211    0.029055

     0.000044    -0.000086    -0.000271    -0.000710   0.00000000
    -0.000229     0.000436     0.001293     0.003286   0.00000000
     0.000292    -0.000894    -0.003342    -0.008674   0.00000000
     0.012229    -0.014259    -0.013098    -0.014625   0.00000000
    -0.085878     0.112833     0.140993     0.238809   0.00000000
     0.033179    -0.056630    -0.060678    -0.210812   0.00000000
     0.231354    -0.370273    -0.735909    -1.539881   0.00000000
     0.336568    -0.456854    -0.250020     1.965621   0.00000000
     0.318912     0.060704     1.296909     0.235609   0.00000000
     0.208981     0.528809    -0.021796    -1.921854   0.00000000
     0.092098     0.353009    -0.673472     0.980294   0.00000000
     0.017857     0.077452    -0.226862     0.266529   0.00000000
     0.000970     0.002936    -0.015892     0.083210     1.000000

    1.232700    0.489700    0.194500

     1.000000   0.00000000   0.00000000
   0.00000000     1.000000   0.00000000
   0.00000000   0.00000000     1.000000

    1.222200    0.413300

     1.000000   0.00000000
   0.00000000     1.000000

    0.808700

     1.000000

Re:cc-pVTZ-ccECP
ccECP cc-pVTZ for Re | source recipes/Re/ccECP/Re.cc-pVTZ.gamess | ccECP from Haihan Zhou et al. Journal of Chemical Physics (2024) https://doi.org/10.1063/5.0180057

  5
    0    1    2    3    4
    5    5    4    2    1
   13   13   13    2    1

   79.972027   42.084520   22.146579   11.654427    6.133032
    3.227450    1.698415    0.893775    0.470340    0.247512
    0.130251    0.068543    0.036070

    -0.003011     0.000893    -0.001189     0.002083   0.00000000
     0.025888    -0.007945     0.011076    -0.019252   0.00000000
    -0.150949     0.048073    -0.069381     0.121190   0.00000000
     0.538810    -0.177614     0.260400    -0.464448   0.00000000
    -0.692876     0.237698    -0.343879     0.640584   0.00000000
    -0.403315     0.152019    -0.269222     0.564214   0.00000000
     0.394711    -0.162644     0.251062    -0.886140   0.00000000
     0.781391    -0.414114     0.931771    -2.479493   0.00000000
     0.254855    -0.220990     0.345540     3.017583   0.00000000
     0.042445     0.029036    -1.369366     1.458920   0.00000000
    -0.009139     0.457161    -0.761372    -2.318212   0.00000000
     0.004851     0.449664     0.232904    -1.279779   0.00000000
    -0.001200     0.289426     1.089386     1.779476     1.000000

   74.714926   39.370945   20.746474   10.932331    5.760779
    3.035636    1.599625    0.842921    0.444176    0.234058
    0.123337    0.064992    0.034248

    -0.000157     0.000043     0.000060    -0.000534   0.00000000
     0.001886    -0.000648    -0.001080     0.001260   0.00000000
    -0.019012     0.007305     0.013200     0.013229   0.00000000
     0.123918    -0.049983    -0.093763    -0.140827   0.00000000
    -0.298590     0.125879     0.245014     0.400500   0.00000000
    -0.086364     0.029316     0.050101     0.209237   0.00000000
     0.406085    -0.176984    -0.388245    -1.556568   0.00000000
     0.501489    -0.289648    -0.862289    -0.276860   0.00000000
     0.260210    -0.190163     0.606747     3.289252   0.00000000
     0.047943     0.316061     1.343397    -2.428213   0.00000000
     0.008275     0.585894    -0.511027    -0.528595   0.00000000
    -0.000241     0.285881    -0.662745     0.912761   0.00000000
     0.000396     0.031753    -0.101896     0.209049     1.000000

   64.398459   33.889954   17.834727    9.385599    4.939210
    2.599279    1.367881    0.719853    0.378826    0.199359
    0.104913    0.055211    0.029055

     0.000044    -0.000086    -0.000271   0.00000000
    -0.000229     0.000436     0.001293   0.00000000
     0.000292    -0.000894    -0.003342   0.00000000
     0.012229    -0.014259    -0.013098   0.00000000
    -0.085878     0.112833     0.140993   0.00000000
     0.033179    -0.056630    -0.060678   0.00000000
     0.231354    -0.370273    -0.735909   0.00000000
     0.336568    -0.456854    -0.250020   0.00000000
     0.318912     0.060704     1.296909   0.00000000
     0.208981     0.528809    -0.021796   0.00000000
     0.092098     0.353009    -0.673472   0.00000000
     0.017857     0.077452    -0.226862   0.00000000
     0.000970     0.002936    -0.015892     1.000000

    0.933900    0.293900

     1.000000   0.00000000
   0.00000000     1.000000

    0.736800

     1.000000

