
Y:aug-cc-pCV5Z-ccECP
ccECP aug-cc-pCV5Z for Y | source recipes/Y/ccECP/Y.aug-cc-pCV5Z.gamess | ccECP from Haihan Zhou et al. Journal of Chemical Physics (2024) https://doi.org/10.1063/5.0180057

  7
    0    1    2    3    4    5    6
   10   10    9    6    5    4    3
   16   16   16    6    5    4    3

   54.047828   28.475056   15.002061    7.903824    4.164124
    2.193865    1.155836    0.685300    0.608951    0.428300
    0.320826    0.169027    0.089052    0.046917    0.024718
    0.009887

    -0.000112     0.000002    -0.000037     0.000392     0.001697     0.013619
   0.00000000   0.00000000   0.00000000   0.00000000
     0.002601    -0.000589    -0.000779    -0.003420    -0.007786    -0.075566
   0.00000000   0.00000000   0.00000000   0.00000000
    -0.039019     0.011280     0.018868     0.034593     0.002732     0.296791
   0.00000000   0.00000000   0.00000000   0.00000000
     0.256035    -0.079336    -0.138383    -0.224142     0.131251    -1.148685
   0.00000000   0.00000000   0.00000000   0.00000000
    -0.439930     0.144953     0.259251     0.439001    -0.313088     2.786188
   0.00000000   0.00000000   0.00000000   0.00000000
    -0.361280     0.115607     0.216071     0.276736    -0.688783    -1.524890
   0.00000000   0.00000000   0.00000000   0.00000000
     0.326384    -0.115311    -0.230350    -0.244718     2.736891    -6.544792
   0.00000000   0.00000000   0.00000000   0.00000000
   0.00000000   0.00000000   0.00000000   0.00000000   0.00000000   0.00000000
   0.00000000   0.00000000     1.000000   0.00000000
     0.694294    -0.304603    -0.766378    -2.730211    -2.433662    16.895742
   0.00000000   0.00000000   0.00000000   0.00000000
   0.00000000   0.00000000   0.00000000   0.00000000   0.00000000   0.00000000
   0.00000000   0.00000000   0.00000000     1.000000
     0.341977    -0.287908    -0.666439     2.487041    -0.363650   -23.678090
   0.00000000   0.00000000   0.00000000   0.00000000
     0.031941    -0.063175     1.451737     2.483568     2.424236    24.689636
   0.00000000   0.00000000   0.00000000   0.00000000
     0.002959     0.418008     1.137326    -3.447837    -2.214067   -19.893616
   0.00000000   0.00000000   0.00000000   0.00000000
    -0.000798     0.553703    -0.771883    -0.441896     0.906142    11.227547
   0.00000000   0.00000000   0.00000000   0.00000000
     0.000218     0.277915    -0.787581     1.498910    -0.106251    -3.268963
     1.000000   0.00000000   0.00000000   0.00000000
   0.00000000   0.00000000   0.00000000   0.00000000   0.00000000   0.00000000
   0.00000000     1.000000   0.00000000   0.00000000

   63.476290   33.410445   17.585429    9.256007    4.871856
    2.564278    1.953900    1.349696    0.996800    0.710406
    0.373919    0.196810    0.103590    0.054524    0.028699
    0.011480

     0.000029    -0.000014     0.000032     0.000733    -0.002149    -0.005434
   0.00000000   0.00000000   0.00000000   0.00000000
    -0.000197     0.000090    -0.000105    -0.003436     0.010399     0.025688
   0.00000000   0.00000000   0.00000000   0.00000000
    -0.000265     0.000010     0.000771     0.011135    -0.029530    -0.070938
   0.00000000   0.00000000   0.00000000   0.00000000
     0.026751    -0.009506    -0.019233    -0.062483     0.030618     0.120112
   0.00000000   0.00000000   0.00000000   0.00000000
    -0.117224     0.043684     0.087441     0.230219     0.045412    -0.222310
   0.00000000   0.00000000   0.00000000   0.00000000
    -0.089896     0.031797     0.040137     0.037951     0.591015     1.789994
   0.00000000   0.00000000   0.00000000   0.00000000
   0.00000000   0.00000000   0.00000000   0.00000000   0.00000000   0.00000000
   0.00000000   0.00000000     1.000000   0.00000000
     0.231702    -0.095086    -0.167827    -0.498938    -2.164478    -6.543678
   0.00000000   0.00000000   0.00000000   0.00000000
   0.00000000   0.00000000   0.00000000   0.00000000   0.00000000   0.00000000
   0.00000000   0.00000000   0.00000000     1.000000
     0.467067    -0.185710    -0.414905    -1.525463     0.410389    10.716637
   0.00000000   0.00000000   0.00000000   0.00000000
     0.357219    -0.235690    -0.615369     2.447968     4.649366   -10.442636
   0.00000000   0.00000000   0.00000000   0.00000000
     0.109095    -0.001511     1.489722     0.483591    -7.746536     5.958905
   0.00000000   0.00000000   0.00000000   0.00000000
     0.013059     0.528657     0.510301    -2.536337     5.866579    -0.364584
   0.00000000   0.00000000   0.00000000   0.00000000
     0.002131     0.497652    -0.951653     1.076019    -1.613035    -2.664778
   0.00000000   0.00000000   0.00000000   0.00000000
     0.000245     0.111539    -0.303710     0.372737    -0.406220     1.776093
     1.000000   0.00000000   0.00000000   0.00000000
   0.00000000   0.00000000   0.00000000   0.00000000   0.00000000   0.00000000
   0.00000000     1.000000   0.00000000   0.00000000

   66.302920   34.896332   18.366522    9.666606    5.087696
    2.677739    2.090800    1.409339    0.741759    0.735000
    0.390400    0.205474    0.108144    0.056918    0.029957
    0.011983

    -0.000004     0.000005     0.000084    -0.000407    -0.000220   0.00000000
   0.00000000   0.00000000   0.00000000
     0.000022    -0.000027    -0.000383     0.001727     0.000705   0.00000000
   0.00000000   0.00000000   0.00000000
     0.000227    -0.000265     0.000659    -0.005212    -0.001168   0.00000000
   0.00000000   0.00000000   0.00000000
    -0.002821     0.003402     0.001966     0.016156    -0.000425   0.00000000
   0.00000000   0.00000000   0.00000000
    -0.007428     0.008919     0.015860     0.013247     0.096428   0.00000000
   0.00000000   0.00000000   0.00000000
     0.004194    -0.004587    -0.014649     0.135563     0.057027   0.00000000
   0.00000000   0.00000000   0.00000000
   0.00000000   0.00000000   0.00000000   0.00000000   0.00000000   0.00000000
   0.00000000     1.000000   0.00000000
     0.092635    -0.126740    -0.134694    -1.317360    -2.616133   0.00000000
   0.00000000   0.00000000   0.00000000
     0.209228    -0.265919    -0.508740     0.326726     5.236368   0.00000000
   0.00000000   0.00000000   0.00000000
   0.00000000   0.00000000   0.00000000   0.00000000   0.00000000   0.00000000
   0.00000000   0.00000000     1.000000
     0.280183    -0.346761    -0.369547     2.630036    -5.297196   0.00000000
   0.00000000   0.00000000   0.00000000
     0.293278    -0.096076     1.202915    -4.085058     2.975885   0.00000000
   0.00000000   0.00000000   0.00000000
     0.234606     0.438511     0.174283     2.719528     0.079169   0.00000000
   0.00000000   0.00000000   0.00000000
     0.124132     0.435299    -0.612072    -0.292469    -1.852325   0.00000000
   0.00000000   0.00000000   0.00000000
     0.034143     0.146592    -0.305094    -0.602301     1.293359     1.000000
   0.00000000   0.00000000   0.00000000
   0.00000000   0.00000000   0.00000000   0.00000000   0.00000000   0.00000000
     1.000000   0.00000000   0.00000000

    2.445100    1.066700    0.465400    0.203000    0.069700
    0.023900

     1.000000   0.00000000   0.00000000   0.00000000   0.00000000   0.00000000
   0.00000000     1.000000   0.00000000   0.00000000   0.00000000   0.00000000
   0.00000000   0.00000000     1.000000   0.00000000   0.00000000   0.00000000
   0.00000000   0.00000000   0.00000000     1.000000   0.00000000   0.00000000
   0.00000000   0.00000000   0.00000000   0.00000000     1.000000   0.00000000
   0.00000000   0.00000000   0.00000000   0.00000000   0.00000000     1.000000

    1.763300    0.818600    0.380000    0.120900    0.038500

     1.000000   0.00000000   0.00000000   0.00000000   0.00000000
   0.00000000     1.000000   0.00000000   0.00000000   0.00000000
   0.00000000   0.00000000     1.000000   0.00000000   0.00000000
   0.00000000   0.00000000   0.00000000     1.000000   0.00000000
   0.00000000   0.00000000   0.00000000   0.00000000     1.000000

    1.625200    0.699200    0.224200    0.071900

     1.000000   0.00000000   0.00000000   0.00000000
   0.00000000     1.000000   0.00000000   0.00000000
   0.00000000   0.00000000     1.000000   0.00000000
   0.00000000   0.00000000   0.00000000     1.000000

    1.346400    0.399300    0.118400

     1.000000   0.00000000   0.00000000
   0.00000000     1.000000   0.00000000
   0.00000000   0.00000000     1.000000

Y:aug-cc-pCVDZ-ccECP
ccECP aug-cc-pCVDZ for Y | source recipes/Y/ccECP/Y.aug-cc-pCVDZ.gamess | ccECP from Haihan Zhou et al. Journal of Chemical Physics (2024) https://doi.org/10.1063/5.0180057

  4
    0    1    2    3
    6    6    5    3
   15   15   15    3

   54.047828   28.475056   15.002061    7.903824    4.164124
    2.193865    1.155836    0.608951    0.320826    0.298400
    0.169027    0.089052    0.046917    0.024718    0.009887

    -0.000112     0.000002    -0.000037   0.00000000   0.00000000   0.00000000
     0.002601    -0.000589    -0.000779   0.00000000   0.00000000   0.00000000
    -0.039019     0.011280     0.018868   0.00000000   0.00000000   0.00000000
     0.256035    -0.079336    -0.138383   0.00000000   0.00000000   0.00000000
    -0.439930     0.144953     0.259251   0.00000000   0.00000000   0.00000000
    -0.361280     0.115607     0.216071   0.00000000   0.00000000   0.00000000
     0.326384    -0.115311    -0.230350   0.00000000   0.00000000   0.00000000
     0.694294    -0.304603    -0.766378   0.00000000   0.00000000   0.00000000
     0.341977    -0.287908    -0.666439   0.00000000   0.00000000   0.00000000
   0.00000000   0.00000000   0.00000000   0.00000000   0.00000000     1.000000
     0.031941    -0.063175     1.451737   0.00000000   0.00000000   0.00000000
     0.002959     0.418008     1.137326   0.00000000   0.00000000   0.00000000
    -0.000798     0.553703    -0.771883   0.00000000   0.00000000   0.00000000
     0.000218     0.277915    -0.787581     1.000000   0.00000000   0.00000000
   0.00000000   0.00000000   0.00000000   0.00000000     1.000000   0.00000000

   63.476290   33.410445   17.585429    9.256007    4.871856
    2.564278    1.349696    0.710406    0.373919    0.332700
    0.196810    0.103590    0.054524    0.028699    0.011480

     0.000029    -0.000014     0.000032   0.00000000   0.00000000   0.00000000
    -0.000197     0.000090    -0.000105   0.00000000   0.00000000   0.00000000
    -0.000265     0.000010     0.000771   0.00000000   0.00000000   0.00000000
     0.026751    -0.009506    -0.019233   0.00000000   0.00000000   0.00000000
    -0.117224     0.043684     0.087441   0.00000000   0.00000000   0.00000000
    -0.089896     0.031797     0.040137   0.00000000   0.00000000   0.00000000
     0.231702    -0.095086    -0.167827   0.00000000   0.00000000   0.00000000
     0.467067    -0.185710    -0.414905   0.00000000   0.00000000   0.00000000
     0.357219    -0.235690    -0.615369   0.00000000   0.00000000   0.00000000
   0.00000000   0.00000000   0.00000000   0.00000000   0.00000000     1.000000
     0.109095    -0.001511     1.489722   0.00000000   0.00000000   0.00000000
     0.013059     0.528657     0.510301   0.00000000   0.00000000   0.00000000
     0.002131     0.497652    -0.951653   0.00000000   0.00000000   0.00000000
     0.000245     0.111539    -0.303710     1.000000   0.00000000   0.00000000
   0.00000000   0.00000000   0.00000000   0.00000000     1.000000   0.00000000

   66.302920   34.896332   18.366522    9.666606    5.087696
    2.677739    1.409339    0.983000    0.741759    0.390400
    0.205474    0.108144    0.056918    0.029957    0.011983

    -0.000004     0.000005   0.00000000   0.00000000   0.00000000
     0.000022    -0.000027   0.00000000   0.00000000   0.00000000
     0.000227    -0.000265   0.00000000   0.00000000   0.00000000
    -0.002821     0.003402   0.00000000   0.00000000   0.00000000
    -0.007428     0.008919   0.00000000   0.00000000   0.00000000
     0.004194    -0.004587   0.00000000   0.00000000   0.00000000
     0.092635    -0.126740   0.00000000   0.00000000   0.00000000
   0.00000000   0.00000000   0.00000000   0.00000000     1.000000
     0.209228    -0.265919   0.00000000   0.00000000   0.00000000
     0.280183    -0.346761   0.00000000   0.00000000   0.00000000
     0.293278    -0.096076   0.00000000   0.00000000   0.00000000
     0.234606     0.438511   0.00000000   0.00000000   0.00000000
     0.124132     0.435299   0.00000000   0.00000000   0.00000000
     0.034143     0.146592     1.000000   0.00000000   0.00000000
   0.00000000   0.00000000   0.00000000     1.000000   0.00000000

    0.849900    0.202800    0.048400

     1.000000   0.00000000   0.00000000
   0.00000000     1.000000   0.00000000
   0.00000000   0.00000000     1.000000

Y:aug-cc-pCVQZ-ccECP
ccECP aug-cc-pCVQZ for Y | source recipes/Y/ccECP/Y.aug-cc-pCVQZ.gamess | ccECP from Haihan Zhou et al. Journal of Chemical Physics (2024) https://doi.org/10.1063/5.0180057

  6
    0    1    2    3    4    5
    9    9    8    5    4    3
   16   16   16    5    4    3

   54.047828   28.475056   15.002061    7.903824    4.164124
    3.137200    2.193865    1.960300    1.155836    0.608951
    0.320826    0.169027    0.089052    0.046917    0.024718
    0.009887

    -0.000112     0.000002    -0.000037     0.000392     0.001697   0.00000000
   0.00000000   0.00000000   0.00000000
     0.002601    -0.000589    -0.000779    -0.003420    -0.007786   0.00000000
   0.00000000   0.00000000   0.00000000
    -0.039019     0.011280     0.018868     0.034593     0.002732   0.00000000
   0.00000000   0.00000000   0.00000000
     0.256035    -0.079336    -0.138383    -0.224142     0.131251   0.00000000
   0.00000000   0.00000000   0.00000000
    -0.439930     0.144953     0.259251     0.439001    -0.313088   0.00000000
   0.00000000   0.00000000   0.00000000
   0.00000000   0.00000000   0.00000000   0.00000000   0.00000000   0.00000000
   0.00000000     1.000000   0.00000000
    -0.361280     0.115607     0.216071     0.276736    -0.688783   0.00000000
   0.00000000   0.00000000   0.00000000
   0.00000000   0.00000000   0.00000000   0.00000000   0.00000000   0.00000000
   0.00000000   0.00000000     1.000000
     0.326384    -0.115311    -0.230350    -0.244718     2.736891   0.00000000
   0.00000000   0.00000000   0.00000000
     0.694294    -0.304603    -0.766378    -2.730211    -2.433662   0.00000000
   0.00000000   0.00000000   0.00000000
     0.341977    -0.287908    -0.666439     2.487041    -0.363650   0.00000000
   0.00000000   0.00000000   0.00000000
     0.031941    -0.063175     1.451737     2.483568     2.424236   0.00000000
   0.00000000   0.00000000   0.00000000
     0.002959     0.418008     1.137326    -3.447837    -2.214067   0.00000000
   0.00000000   0.00000000   0.00000000
    -0.000798     0.553703    -0.771883    -0.441896     0.906142   0.00000000
   0.00000000   0.00000000   0.00000000
     0.000218     0.277915    -0.787581     1.498910    -0.106251     1.000000
   0.00000000   0.00000000   0.00000000
   0.00000000   0.00000000   0.00000000   0.00000000   0.00000000   0.00000000
     1.000000   0.00000000   0.00000000

   63.476290   33.410445   17.585429    9.256007    4.871856
    2.564278    1.777100    1.349696    0.710406    0.699700
    0.373919    0.196810    0.103590    0.054524    0.028699
    0.011480

     0.000029    -0.000014     0.000032     0.000733    -0.002149   0.00000000
   0.00000000   0.00000000   0.00000000
    -0.000197     0.000090    -0.000105    -0.003436     0.010399   0.00000000
   0.00000000   0.00000000   0.00000000
    -0.000265     0.000010     0.000771     0.011135    -0.029530   0.00000000
   0.00000000   0.00000000   0.00000000
     0.026751    -0.009506    -0.019233    -0.062483     0.030618   0.00000000
   0.00000000   0.00000000   0.00000000
    -0.117224     0.043684     0.087441     0.230219     0.045412   0.00000000
   0.00000000   0.00000000   0.00000000
    -0.089896     0.031797     0.040137     0.037951     0.591015   0.00000000
   0.00000000   0.00000000   0.00000000
   0.00000000   0.00000000   0.00000000   0.00000000   0.00000000   0.00000000
   0.00000000     1.000000   0.00000000
     0.231702    -0.095086    -0.167827    -0.498938    -2.164478   0.00000000
   0.00000000   0.00000000   0.00000000
     0.467067    -0.185710    -0.414905    -1.525463     0.410389   0.00000000
   0.00000000   0.00000000   0.00000000
   0.00000000   0.00000000   0.00000000   0.00000000   0.00000000   0.00000000
   0.00000000   0.00000000     1.000000
     0.357219    -0.235690    -0.615369     2.447968     4.649366   0.00000000
   0.00000000   0.00000000   0.00000000
     0.109095    -0.001511     1.489722     0.483591    -7.746536   0.00000000
   0.00000000   0.00000000   0.00000000
     0.013059     0.528657     0.510301    -2.536337     5.866579   0.00000000
   0.00000000   0.00000000   0.00000000
     0.002131     0.497652    -0.951653     1.076019    -1.613035   0.00000000
   0.00000000   0.00000000   0.00000000
     0.000245     0.111539    -0.303710     0.372737    -0.406220     1.000000
   0.00000000   0.00000000   0.00000000
   0.00000000   0.00000000   0.00000000   0.00000000   0.00000000   0.00000000
     1.000000   0.00000000   0.00000000

   66.302920   34.896332   18.366522    9.666606    5.087696
    2.677739    1.409339    0.925700    0.741759    0.481800
    0.390400    0.205474    0.108144    0.056918    0.029957
    0.011983

    -0.000004     0.000005     0.000084    -0.000407   0.00000000   0.00000000
   0.00000000   0.00000000
     0.000022    -0.000027    -0.000383     0.001727   0.00000000   0.00000000
   0.00000000   0.00000000
     0.000227    -0.000265     0.000659    -0.005212   0.00000000   0.00000000
   0.00000000   0.00000000
    -0.002821     0.003402     0.001966     0.016156   0.00000000   0.00000000
   0.00000000   0.00000000
    -0.007428     0.008919     0.015860     0.013247   0.00000000   0.00000000
   0.00000000   0.00000000
     0.004194    -0.004587    -0.014649     0.135563   0.00000000   0.00000000
   0.00000000   0.00000000
     0.092635    -0.126740    -0.134694    -1.317360   0.00000000   0.00000000
   0.00000000   0.00000000
   0.00000000   0.00000000   0.00000000   0.00000000   0.00000000   0.00000000
     1.000000   0.00000000
     0.209228    -0.265919    -0.508740     0.326726   0.00000000   0.00000000
   0.00000000   0.00000000
   0.00000000   0.00000000   0.00000000   0.00000000   0.00000000   0.00000000
   0.00000000     1.000000
     0.280183    -0.346761    -0.369547     2.630036   0.00000000   0.00000000
   0.00000000   0.00000000
     0.293278    -0.096076     1.202915    -4.085058   0.00000000   0.00000000
   0.00000000   0.00000000
     0.234606     0.438511     0.174283     2.719528   0.00000000   0.00000000
   0.00000000   0.00000000
     0.124132     0.435299    -0.612072    -0.292469   0.00000000   0.00000000
   0.00000000   0.00000000
     0.034143     0.146592    -0.305094    -0.602301     1.000000   0.00000000
   0.00000000   0.00000000
   0.00000000   0.00000000   0.00000000   0.00000000   0.00000000     1.000000
   0.00000000   0.00000000

    1.751500    0.699800    0.279600    0.088000    0.027700

     1.000000   0.00000000   0.00000000   0.00000000   0.00000000
   0.00000000     1.000000   0.00000000   0.00000000   0.00000000
   0.00000000   0.00000000     1.000000   0.00000000   0.00000000
   0.00000000   0.00000000   0.00000000     1.000000   0.00000000
   0.00000000   0.00000000   0.00000000   0.00000000     1.000000

    1.424000    0.560700    0.173500    0.053700

     1.000000   0.00000000   0.00000000   0.00000000
   0.00000000     1.000000   0.00000000   0.00000000
   0.00000000   0.00000000     1.000000   0.00000000
   0.00000000   0.00000000   0.00000000     1.000000

    1.167900    0.339500    0.098700

     1.000000   0.00000000   0.00000000
   0.00000000     1.000000   0.00000000
   0.00000000   0.00000000     1.000000

Y:aug-cc-pCVTZ-ccECP
ccECP aug-cc-pCVTZ for Y | source recipes/Y/ccECP/Y.aug-cc-pCVTZ.gamess | ccECP from Haihan Zhou et al. Journal of Chemical Physics (2024) https://doi.org/10.1063/5.0180057

  5
    0    1    2    3    4
    8    8    7    4    3
   16   16   16    4    3

   54.047828   28.475056   15.002061    7.903824    4.164124
    2.193865    1.159500    1.155836    0.724800    0.608951
    0.320826    0.169027    0.089052    0.046917    0.024718
    0.009887

    -0.000112     0.000002    -0.000037     0.000392   0.00000000   0.00000000
   0.00000000   0.00000000
     0.002601    -0.000589    -0.000779    -0.003420   0.00000000   0.00000000
   0.00000000   0.00000000
    -0.039019     0.011280     0.018868     0.034593   0.00000000   0.00000000
   0.00000000   0.00000000
     0.256035    -0.079336    -0.138383    -0.224142   0.00000000   0.00000000
   0.00000000   0.00000000
    -0.439930     0.144953     0.259251     0.439001   0.00000000   0.00000000
   0.00000000   0.00000000
    -0.361280     0.115607     0.216071     0.276736   0.00000000   0.00000000
   0.00000000   0.00000000
   0.00000000   0.00000000   0.00000000   0.00000000   0.00000000   0.00000000
     1.000000   0.00000000
     0.326384    -0.115311    -0.230350    -0.244718   0.00000000   0.00000000
   0.00000000   0.00000000
   0.00000000   0.00000000   0.00000000   0.00000000   0.00000000   0.00000000
   0.00000000     1.000000
     0.694294    -0.304603    -0.766378    -2.730211   0.00000000   0.00000000
   0.00000000   0.00000000
     0.341977    -0.287908    -0.666439     2.487041   0.00000000   0.00000000
   0.00000000   0.00000000
     0.031941    -0.063175     1.451737     2.483568   0.00000000   0.00000000
   0.00000000   0.00000000
     0.002959     0.418008     1.137326    -3.447837   0.00000000   0.00000000
   0.00000000   0.00000000
    -0.000798     0.553703    -0.771883    -0.441896   0.00000000   0.00000000
   0.00000000   0.00000000
     0.000218     0.277915    -0.787581     1.498910     1.000000   0.00000000
   0.00000000   0.00000000
   0.00000000   0.00000000   0.00000000   0.00000000   0.00000000     1.000000
   0.00000000   0.00000000

   63.476290   33.410445   17.585429    9.256007    4.871856
    2.564278    1.650200    1.349696    0.710406    0.510500
    0.373919    0.196810    0.103590    0.054524    0.028699
    0.011480

     0.000029    -0.000014     0.000032     0.000733   0.00000000   0.00000000
   0.00000000   0.00000000
    -0.000197     0.000090    -0.000105    -0.003436   0.00000000   0.00000000
   0.00000000   0.00000000
    -0.000265     0.000010     0.000771     0.011135   0.00000000   0.00000000
   0.00000000   0.00000000
     0.026751    -0.009506    -0.019233    -0.062483   0.00000000   0.00000000
   0.00000000   0.00000000
    -0.117224     0.043684     0.087441     0.230219   0.00000000   0.00000000
   0.00000000   0.00000000
    -0.089896     0.031797     0.040137     0.037951   0.00000000   0.00000000
   0.00000000   0.00000000
   0.00000000   0.00000000   0.00000000   0.00000000   0.00000000   0.00000000
     1.000000   0.00000000
     0.231702    -0.095086    -0.167827    -0.498938   0.00000000   0.00000000
   0.00000000   0.00000000
     0.467067    -0.185710    -0.414905    -1.525463   0.00000000   0.00000000
   0.00000000   0.00000000
   0.00000000   0.00000000   0.00000000   0.00000000   0.00000000   0.00000000
   0.00000000     1.000000
     0.357219    -0.235690    -0.615369     2.447968   0.00000000   0.00000000
   0.00000000   0.00000000
     0.109095    -0.001511     1.489722     0.483591   0.00000000   0.00000000
   0.00000000   0.00000000
     0.013059     0.528657     0.510301    -2.536337   0.00000000   0.00000000
   0.00000000   0.00000000
     0.002131     0.497652    -0.951653     1.076019   0.00000000   0.00000000
   0.00000000   0.00000000
     0.000245     0.111539    -0.303710     0.372737     1.000000   0.00000000
   0.00000000   0.00000000
   0.00000000   0.00000000   0.00000000   0.00000000   0.00000000     1.000000
   0.00000000   0.00000000

   66.302920   34.896332   18.366522    9.666606    5.087696
    2.677739    1.409339    0.758800    0.741759    0.390400
    0.357500    0.205474    0.108144    0.056918    0.029957
    0.011983

    -0.000004     0.000005     0.000084   0.00000000   0.00000000   0.00000000
   0.00000000
     0.000022    -0.000027    -0.000383   0.00000000   0.00000000   0.00000000
   0.00000000
     0.000227    -0.000265     0.000659   0.00000000   0.00000000   0.00000000
   0.00000000
    -0.002821     0.003402     0.001966   0.00000000   0.00000000   0.00000000
   0.00000000
    -0.007428     0.008919     0.015860   0.00000000   0.00000000   0.00000000
   0.00000000
     0.004194    -0.004587    -0.014649   0.00000000   0.00000000   0.00000000
   0.00000000
     0.092635    -0.126740    -0.134694   0.00000000   0.00000000   0.00000000
   0.00000000
   0.00000000   0.00000000   0.00000000   0.00000000   0.00000000     1.000000
   0.00000000
     0.209228    -0.265919    -0.508740   0.00000000   0.00000000   0.00000000
   0.00000000
     0.280183    -0.346761    -0.369547   0.00000000   0.00000000   0.00000000
   0.00000000
   0.00000000   0.00000000   0.00000000   0.00000000   0.00000000   0.00000000
     1.000000
     0.293278    -0.096076     1.202915   0.00000000   0.00000000   0.00000000
   0.00000000
     0.234606     0.438511     0.174283   0.00000000   0.00000000   0.00000000
   0.00000000
     0.124132     0.435299    -0.612072   0.00000000   0.00000000   0.00000000
   0.00000000
     0.034143     0.146592    -0.305094     1.000000   0.00000000   0.00000000
   0.00000000
   0.00000000   0.00000000   0.00000000   0.00000000     1.000000   0.00000000
   0.00000000

    1.332500    0.441800    0.124800    0.035300

     1.000000   0.00000000   0.00000000   0.00000000
   0.00000000     1.000000   0.00000000   0.00000000
   0.00000000   0.00000000     1.000000   0.00000000
   0.00000000   0.00000000   0.00000000     1.000000

    1.003400    0.276900    0.076400

     1.000000   0.00000000   0.00000000
   0.00000000     1.000000   0.00000000
   0.00000000   0.00000000     1.000000

Y:aug-cc-pV5Z-ccECP
ccECP aug-cc-pV5Z for Y | source recipes/Y/ccECP/Y.aug-cc-pV5Z.gamess | ccECP from Haihan Zhou et al. Journal of Chemical Physics (2024) https://doi.org/10.1063/5.0180057

  7
    0    1    2    3    4    5    6
    8    8    7    5    4    3    2
   14   14   14    5    4    3    2

   54.047828   28.475056   15.002061    7.903824    4.164124
    2.193865    1.155836    0.608951    0.320826    0.169027
    0.089052    0.046917    0.024718    0.009887

    -0.000112     0.000002    -0.000037     0.000392     0.001697     0.013619
   0.00000000   0.00000000
     0.002601    -0.000589    -0.000779    -0.003420    -0.007786    -0.075566
   0.00000000   0.00000000
    -0.039019     0.011280     0.018868     0.034593     0.002732     0.296791
   0.00000000   0.00000000
     0.256035    -0.079336    -0.138383    -0.224142     0.131251    -1.148685
   0.00000000   0.00000000
    -0.439930     0.144953     0.259251     0.439001    -0.313088     2.786188
   0.00000000   0.00000000
    -0.361280     0.115607     0.216071     0.276736    -0.688783    -1.524890
   0.00000000   0.00000000
     0.326384    -0.115311    -0.230350    -0.244718     2.736891    -6.544792
   0.00000000   0.00000000
     0.694294    -0.304603    -0.766378    -2.730211    -2.433662    16.895742
   0.00000000   0.00000000
     0.341977    -0.287908    -0.666439     2.487041    -0.363650   -23.678090
   0.00000000   0.00000000
     0.031941    -0.063175     1.451737     2.483568     2.424236    24.689636
   0.00000000   0.00000000
     0.002959     0.418008     1.137326    -3.447837    -2.214067   -19.893616
   0.00000000   0.00000000
    -0.000798     0.553703    -0.771883    -0.441896     0.906142    11.227547
   0.00000000   0.00000000
     0.000218     0.277915    -0.787581     1.498910    -0.106251    -3.268963
     1.000000   0.00000000
   0.00000000   0.00000000   0.00000000   0.00000000   0.00000000   0.00000000
   0.00000000     1.000000

   63.476290   33.410445   17.585429    9.256007    4.871856
    2.564278    1.349696    0.710406    0.373919    0.196810
    0.103590    0.054524    0.028699    0.011480

     0.000029    -0.000014     0.000032     0.000733    -0.002149    -0.005434
   0.00000000   0.00000000
    -0.000197     0.000090    -0.000105    -0.003436     0.010399     0.025688
   0.00000000   0.00000000
    -0.000265     0.000010     0.000771     0.011135    -0.029530    -0.070938
   0.00000000   0.00000000
     0.026751    -0.009506    -0.019233    -0.062483     0.030618     0.120112
   0.00000000   0.00000000
    -0.117224     0.043684     0.087441     0.230219     0.045412    -0.222310
   0.00000000   0.00000000
    -0.089896     0.031797     0.040137     0.037951     0.591015     1.789994
   0.00000000   0.00000000
     0.231702    -0.095086    -0.167827    -0.498938    -2.164478    -6.543678
   0.00000000   0.00000000
     0.467067    -0.185710    -0.414905    -1.525463     0.410389    10.716637
   0.00000000   0.00000000
     0.357219    -0.235690    -0.615369     2.447968     4.649366   -10.442636
   0.00000000   0.00000000
     0.109095    -0.001511     1.489722     0.483591    -7.746536     5.958905
   0.00000000   0.00000000
     0.013059     0.528657     0.510301    -2.536337     5.866579    -0.364584
   0.00000000   0.00000000
     0.002131     0.497652    -0.951653     1.076019    -1.613035    -2.664778
   0.00000000   0.00000000
     0.000245     0.111539    -0.303710     0.372737    -0.406220     1.776093
     1.000000   0.00000000
   0.00000000   0.00000000   0.00000000   0.00000000   0.00000000   0.00000000
   0.00000000     1.000000

   66.302920   34.896332   18.366522    9.666606    5.087696
    2.677739    1.409339    0.741759    0.390400    0.205474
    0.108144    0.056918    0.029957    0.011983

    -0.000004     0.000005     0.000084    -0.000407    -0.000220   0.00000000
   0.00000000
     0.000022    -0.000027    -0.000383     0.001727     0.000705   0.00000000
   0.00000000
     0.000227    -0.000265     0.000659    -0.005212    -0.001168   0.00000000
   0.00000000
    -0.002821     0.003402     0.001966     0.016156    -0.000425   0.00000000
   0.00000000
    -0.007428     0.008919     0.015860     0.013247     0.096428   0.00000000
   0.00000000
     0.004194    -0.004587    -0.014649     0.135563     0.057027   0.00000000
   0.00000000
     0.092635    -0.126740    -0.134694    -1.317360    -2.616133   0.00000000
   0.00000000
     0.209228    -0.265919    -0.508740     0.326726     5.236368   0.00000000
   0.00000000
     0.280183    -0.346761    -0.369547     2.630036    -5.297196   0.00000000
   0.00000000
     0.293278    -0.096076     1.202915    -4.085058     2.975885   0.00000000
   0.00000000
     0.234606     0.438511     0.174283     2.719528     0.079169   0.00000000
   0.00000000
     0.124132     0.435299    -0.612072    -0.292469    -1.852325   0.00000000
   0.00000000
     0.034143     0.146592    -0.305094    -0.602301     1.293359     1.000000
   0.00000000
   0.00000000   0.00000000   0.00000000   0.00000000   0.00000000   0.00000000
     1.000000

    1.645800    0.573500    0.199900    0.069700    0.023900

     1.000000   0.00000000   0.00000000   0.00000000   0.00000000
   0.00000000     1.000000   0.00000000   0.00000000   0.00000000
   0.00000000   0.00000000     1.000000   0.00000000   0.00000000
   0.00000000   0.00000000   0.00000000     1.000000   0.00000000
   0.00000000   0.00000000   0.00000000   0.00000000     1.000000

    0.932600    0.335800    0.120900    0.038500

     1.000000   0.00000000   0.00000000   0.00000000
   0.00000000     1.000000   0.00000000   0.00000000
   0.00000000   0.00000000     1.000000   0.00000000
   0.00000000   0.00000000   0.00000000     1.000000

    0.671000    0.224200    0.071900

     1.000000   0.00000000   0.00000000
   0.00000000     1.000000   0.00000000
   0.00000000   0.00000000     1.000000

    0.399300    0.118400

     1.000000   0.00000000
   0.00000000     1.000000

Y:aug-cc-pVDZ-ccECP
ccECP aug-cc-pVDZ for Y | source recipes/Y/ccECP/Y.aug-cc-pVDZ.gamess | ccECP from Haihan Zhou et al. Journal of Chemical Physics (2024) https://doi.org/10.1063/5.0180057

  4
    0    1    2    3
    5    5    4    2
   14   14   14    2

   54.047828   28.475056   15.002061    7.903824    4.164124
    2.193865    1.155836    0.608951    0.320826    0.169027
    0.089052    0.046917    0.024718    0.009887

    -0.000112     0.000002    -0.000037   0.00000000   0.00000000
     0.002601    -0.000589    -0.000779   0.00000000   0.00000000
    -0.039019     0.011280     0.018868   0.00000000   0.00000000
     0.256035    -0.079336    -0.138383   0.00000000   0.00000000
    -0.439930     0.144953     0.259251   0.00000000   0.00000000
    -0.361280     0.115607     0.216071   0.00000000   0.00000000
     0.326384    -0.115311    -0.230350   0.00000000   0.00000000
     0.694294    -0.304603    -0.766378   0.00000000   0.00000000
     0.341977    -0.287908    -0.666439   0.00000000   0.00000000
     0.031941    -0.063175     1.451737   0.00000000   0.00000000
     0.002959     0.418008     1.137326   0.00000000   0.00000000
    -0.000798     0.553703    -0.771883   0.00000000   0.00000000
     0.000218     0.277915    -0.787581     1.000000   0.00000000
   0.00000000   0.00000000   0.00000000   0.00000000     1.000000

   63.476290   33.410445   17.585429    9.256007    4.871856
    2.564278    1.349696    0.710406    0.373919    0.196810
    0.103590    0.054524    0.028699    0.011480

     0.000029    -0.000014     0.000032   0.00000000   0.00000000
    -0.000197     0.000090    -0.000105   0.00000000   0.00000000
    -0.000265     0.000010     0.000771   0.00000000   0.00000000
     0.026751    -0.009506    -0.019233   0.00000000   0.00000000
    -0.117224     0.043684     0.087441   0.00000000   0.00000000
    -0.089896     0.031797     0.040137   0.00000000   0.00000000
     0.231702    -0.095086    -0.167827   0.00000000   0.00000000
     0.467067    -0.185710    -0.414905   0.00000000   0.00000000
     0.357219    -0.235690    -0.615369   0.00000000   0.00000000
     0.109095    -0.001511     1.489722   0.00000000   0.00000000
     0.013059     0.528657     0.510301   0.00000000   0.00000000
     0.002131     0.497652    -0.951653   0.00000000   0.00000000
     0.000245     0.111539    -0.303710     1.000000   0.00000000
   0.00000000   0.00000000   0.00000000   0.00000000     1.000000

   66.302920   34.896332   18.366522    9.666606    5.087696
    2.677739    1.409339    0.741759    0.390400    0.205474
    0.108144    0.056918    0.029957    0.011983

    -0.000004     0.000005   0.00000000   0.00000000
     0.000022    -0.000027   0.00000000   0.00000000
     0.000227    -0.000265   0.00000000   0.00000000
    -0.002821     0.003402   0.00000000   0.00000000
    -0.007428     0.008919   0.00000000   0.00000000
     0.004194    -0.004587   0.00000000   0.00000000
     0.092635    -0.126740   0.00000000   0.00000000
     0.209228    -0.265919   0.00000000   0.00000000
     0.280183    -0.346761   0.00000000   0.00000000
     0.293278    -0.096076   0.00000000   0.00000000
     0.234606     0.438511   0.00000000   0.00000000
     0.124132     0.435299   0.00000000   0.00000000
     0.034143     0.146592     1.000000   0.00000000
   0.00000000   0.00000000   0.00000000     1.000000

    0.202800    0.048400

     1.000000   0.00000000
   0.00000000     1.000000

Y:aug-cc-pVQZ-ccECP
ccECP aug-cc-pVQZ for Y | source recipes/Y/ccECP/Y.aug-cc-pVQZ.gamess | ccECP from Haihan Zhou et al. Journal of Chemical Physics (2024) https://doi.org/10.1063/5.0180057

  6
    0    1    2    3    4    5
    7    7    6    4    3    2
   14   14   14    4    3    2

   54.047828   28.475056   15.002061    7.903824    4.164124
    2.193865    1.155836    0.608951    0.320826    0.169027
    0.089052    0.046917    0.024718    0.009887

    -0.000112     0.000002    -0.000037     0.000392     0.001697   0.00000000
   0.00000000
     0.002601    -0.000589    -0.000779    -0.003420    -0.007786   0.00000000
   0.00000000
    -0.039019     0.011280     0.018868     0.034593     0.002732   0.00000000
   0.00000000
     0.256035    -0.079336    -0.138383    -0.224142     0.131251   0.00000000
   0.00000000
    -0.439930     0.144953     0.259251     0.439001    -0.313088   0.00000000
   0.00000000
    -0.361280     0.115607     0.216071     0.276736    -0.688783   0.00000000
   0.00000000
     0.326384    -0.115311    -0.230350    -0.244718     2.736891   0.00000000
   0.00000000
     0.694294    -0.304603    -0.766378    -2.730211    -2.433662   0.00000000
   0.00000000
     0.341977    -0.287908    -0.666439     2.487041    -0.363650   0.00000000
   0.00000000
     0.031941    -0.063175     1.451737     2.483568     2.424236   0.00000000
   0.00000000
     0.002959     0.418008     1.137326    -3.447837    -2.214067   0.00000000
   0.00000000
    -0.000798     0.553703    -0.771883    -0.441896     0.906142   0.00000000
   0.00000000
     0.000218     0.277915    -0.787581     1.498910    -0.106251     1.000000
   0.00000000
   0.00000000   0.00000000   0.00000000   0.00000000   0.00000000   0.00000000
     1.000000

   63.476290   33.410445   17.585429    9.256007    4.871856
    2.564278    1.349696    0.710406    0.373919    0.196810
    0.103590    0.054524    0.028699    0.011480

     0.000029    -0.000014     0.000032     0.000733    -0.002149   0.00000000
   0.00000000
    -0.000197     0.000090    -0.000105    -0.003436     0.010399   0.00000000
   0.00000000
    -0.000265     0.000010     0.000771     0.011135    -0.029530   0.00000000
   0.00000000
     0.026751    -0.009506    -0.019233    -0.062483     0.030618   0.00000000
   0.00000000
    -0.117224     0.043684     0.087441     0.230219     0.045412   0.00000000
   0.00000000
    -0.089896     0.031797     0.040137     0.037951     0.591015   0.00000000
   0.00000000
     0.231702    -0.095086    -0.167827    -0.498938    -2.164478   0.00000000
   0.00000000
     0.467067    -0.185710    -0.414905    -1.525463     0.410389   0.00000000
   0.00000000
     0.357219    -0.235690    -0.615369     2.447968     4.649366   0.00000000
   0.00000000
     0.109095    -0.001511     1.489722     0.483591    -7.746536   0.00000000
   0.00000000
     0.013059     0.528657     0.510301    -2.536337     5.866579   0.00000000
   0.00000000
     0.002131     0.497652    -0.951653     1.076019    -1.613035   0.00000000
   0.00000000
     0.000245     0.111539    -0.303710     0.372737    -0.406220     1.000000
   0.00000000
   0.00000000   0.00000000   0.00000000   0.00000000   0.00000000   0.00000000
     1.000000

   66.302920   34.896332   18.366522    9.666606    5.087696
    2.677739    1.409339    0.741759    0.390400    0.205474
    0.108144    0.056918    0.029957    0.011983

    -0.000004     0.000005     0.000084    -0.000407   0.00000000   0.00000000
     0.000022    -0.000027    -0.000383     0.001727   0.00000000   0.00000000
     0.000227    -0.000265     0.000659    -0.005212   0.00000000   0.00000000
    -0.002821     0.003402     0.001966     0.016156   0.00000000   0.00000000
    -0.007428     0.008919     0.015860     0.013247   0.00000000   0.00000000
     0.004194    -0.004587    -0.014649     0.135563   0.00000000   0.00000000
     0.092635    -0.126740    -0.134694    -1.317360   0.00000000   0.00000000
     0.209228    -0.265919    -0.508740     0.326726   0.00000000   0.00000000
     0.280183    -0.346761    -0.369547     2.630036   0.00000000   0.00000000
     0.293278    -0.096076     1.202915    -4.085058   0.00000000   0.00000000
     0.234606     0.438511     0.174283     2.719528   0.00000000   0.00000000
     0.124132     0.435299    -0.612072    -0.292469   0.00000000   0.00000000
     0.034143     0.146592    -0.305094    -0.602301     1.000000   0.00000000
   0.00000000   0.00000000   0.00000000   0.00000000   0.00000000     1.000000

    0.913500    0.283600    0.088000    0.027700

     1.000000   0.00000000   0.00000000   0.00000000
   0.00000000     1.000000   0.00000000   0.00000000
   0.00000000   0.00000000     1.000000   0.00000000
   0.00000000   0.00000000   0.00000000     1.000000

    0.581900    0.173500    0.053700

     1.000000   0.00000000   0.00000000
   0.00000000     1.000000   0.00000000
   0.00000000   0.00000000     1.000000

    0.339500    0.098700

     1.000000   0.00000000
   0.00000000     1.000000

Y:aug-cc-pVTZ-ccECP
ccECP aug-cc-pVTZ for Y | source recipes/Y/ccECP/Y.aug-cc-pVTZ.gamess | ccECP from Haihan Zhou et al. Journal of Chemical Physics (2024) https://doi.org/10.1063/5.0180057

  5
    0    1    2    3    4
    6    6    5    3    2
   14   14   14    3    2

   54.047828   28.475056   15.002061    7.903824    4.164124
    2.193865    1.155836    0.608951    0.320826    0.169027
    0.089052    0.046917    0.024718    0.009887

    -0.000112     0.000002    -0.000037     0.000392   0.00000000   0.00000000
     0.002601    -0.000589    -0.000779    -0.003420   0.00000000   0.00000000
    -0.039019     0.011280     0.018868     0.034593   0.00000000   0.00000000
     0.256035    -0.079336    -0.138383    -0.224142   0.00000000   0.00000000
    -0.439930     0.144953     0.259251     0.439001   0.00000000   0.00000000
    -0.361280     0.115607     0.216071     0.276736   0.00000000   0.00000000
     0.326384    -0.115311    -0.230350    -0.244718   0.00000000   0.00000000
     0.694294    -0.304603    -0.766378    -2.730211   0.00000000   0.00000000
     0.341977    -0.287908    -0.666439     2.487041   0.00000000   0.00000000
     0.031941    -0.063175     1.451737     2.483568   0.00000000   0.00000000
     0.002959     0.418008     1.137326    -3.447837   0.00000000   0.00000000
    -0.000798     0.553703    -0.771883    -0.441896   0.00000000   0.00000000
     0.000218     0.277915    -0.787581     1.498910     1.000000   0.00000000
   0.00000000   0.00000000   0.00000000   0.00000000   0.00000000     1.000000

   63.476290   33.410445   17.585429    9.256007    4.871856
    2.564278    1.349696    0.710406    0.373919    0.196810
    0.103590    0.054524    0.028699    0.011480

     0.000029    -0.000014     0.000032     0.000733   0.00000000   0.00000000
    -0.000197     0.000090    -0.000105    -0.003436   0.00000000   0.00000000
    -0.000265     0.000010     0.000771     0.011135   0.00000000   0.00000000
     0.026751    -0.009506    -0.019233    -0.062483   0.00000000   0.00000000
    -0.117224     0.043684     0.087441     0.230219   0.00000000   0.00000000
    -0.089896     0.031797     0.040137     0.037951   0.00000000   0.00000000
     0.231702    -0.095086    -0.167827    -0.498938   0.00000000   0.00000000
     0.467067    -0.185710    -0.414905    -1.525463   0.00000000   0.00000000
     0.357219    -0.235690    -0.615369     2.447968   0.00000000   0.00000000
     0.109095    -0.001511     1.489722     0.483591   0.00000000   0.00000000
     0.013059     0.528657     0.510301    -2.536337   0.00000000   0.00000000
     0.002131     0.497652    -0.951653     1.076019   0.00000000   0.00000000
     0.000245     0.111539    -0.303710     0.372737     1.000000   0.00000000
   0.00000000   0.00000000   0.00000000   0.00000000   0.00000000     1.000000

   66.302920   34.896332   18.366522    9.666606    5.087696
    2.677739    1.409339    0.741759    0.390400    0.205474
    0.108144    0.056918    0.029957    0.011983

    -0.000004     0.000005     0.000084   0.00000000   0.00000000
     0.000022    -0.000027    -0.000383   0.00000000   0.00000000
     0.000227    -0.000265     0.000659   0.00000000   0.00000000
    -0.002821     0.003402     0.001966   0.00000000   0.00000000
    -0.007428     0.008919     0.015860   0.00000000   0.00000000
     0.004194    -0.004587    -0.014649   0.00000000   0.00000000
     0.092635    -0.126740    -0.134694   0.00000000   0.00000000
     0.209228    -0.265919    -0.508740   0.00000000   0.00000000
     0.280183    -0.346761    -0.369547   0.00000000   0.00000000
     0.293278    -0.096076     1.202915   0.00000000   0.00000000
     0.234606     0.438511     0.174283   0.00000000   0.00000000
     0.124132     0.435299    -0.612072   0.00000000   0.00000000
     0.034143     0.146592    -0.305094     1.000000   0.00000000
   0.00000000   0.00000000   0.00000000   0.00000000     1.000000

    0.489300    0.124800    0.035300

     1.000000   0.00000000   0.00000000
   0.00000000     1.000000   0.00000000
   0.00000000   0.00000000     1.000000

    0.276900    0.076400

     1.000000   0.00000000
   0.00000000     1.000000

Y:cc-pCV5Z-ccECP
ccECP cc-pCV5Z for Y | source recipes/Y/ccECP/Y.cc-pCV5Z.gamess | ccECP from Haihan Zhou et al. Journal of Chemical Physics (2024) https://doi.org/10.1063/5.0180057

  7
    0    1    2    3    4    5    6
    9    9    8    5    4    3    2
   15   15   15    5    4    3    2

   54.047828   28.475056   15.002061    7.903824    4.164124
    2.193865    1.155836    0.685300    0.608951    0.428300
    0.320826    0.169027    0.089052    0.046917    0.024718

    -0.000112     0.000002    -0.000037     0.000392     0.001697     0.013619
   0.00000000   0.00000000   0.00000000
     0.002601    -0.000589    -0.000779    -0.003420    -0.007786    -0.075566
   0.00000000   0.00000000   0.00000000
    -0.039019     0.011280     0.018868     0.034593     0.002732     0.296791
   0.00000000   0.00000000   0.00000000
     0.256035    -0.079336    -0.138383    -0.224142     0.131251    -1.148685
   0.00000000   0.00000000   0.00000000
    -0.439930     0.144953     0.259251     0.439001    -0.313088     2.786188
   0.00000000   0.00000000   0.00000000
    -0.361280     0.115607     0.216071     0.276736    -0.688783    -1.524890
   0.00000000   0.00000000   0.00000000
     0.326384    -0.115311    -0.230350    -0.244718     2.736891    -6.544792
   0.00000000   0.00000000   0.00000000
   0.00000000   0.00000000   0.00000000   0.00000000   0.00000000   0.00000000
   0.00000000     1.000000   0.00000000
     0.694294    -0.304603    -0.766378    -2.730211    -2.433662    16.895742
   0.00000000   0.00000000   0.00000000
   0.00000000   0.00000000   0.00000000   0.00000000   0.00000000   0.00000000
   0.00000000   0.00000000     1.000000
     0.341977    -0.287908    -0.666439     2.487041    -0.363650   -23.678090
   0.00000000   0.00000000   0.00000000
     0.031941    -0.063175     1.451737     2.483568     2.424236    24.689636
   0.00000000   0.00000000   0.00000000
     0.002959     0.418008     1.137326    -3.447837    -2.214067   -19.893616
   0.00000000   0.00000000   0.00000000
    -0.000798     0.553703    -0.771883    -0.441896     0.906142    11.227547
   0.00000000   0.00000000   0.00000000
     0.000218     0.277915    -0.787581     1.498910    -0.106251    -3.268963
     1.000000   0.00000000   0.00000000

   63.476290   33.410445   17.585429    9.256007    4.871856
    2.564278    1.953900    1.349696    0.996800    0.710406
    0.373919    0.196810    0.103590    0.054524    0.028699

     0.000029    -0.000014     0.000032     0.000733    -0.002149    -0.005434
   0.00000000   0.00000000   0.00000000
    -0.000197     0.000090    -0.000105    -0.003436     0.010399     0.025688
   0.00000000   0.00000000   0.00000000
    -0.000265     0.000010     0.000771     0.011135    -0.029530    -0.070938
   0.00000000   0.00000000   0.00000000
     0.026751    -0.009506    -0.019233    -0.062483     0.030618     0.120112
   0.00000000   0.00000000   0.00000000
    -0.117224     0.043684     0.087441     0.230219     0.045412    -0.222310
   0.00000000   0.00000000   0.00000000
    -0.089896     0.031797     0.040137     0.037951     0.591015     1.789994
   0.00000000   0.00000000   0.00000000
   0.00000000   0.00000000   0.00000000   0.00000000   0.00000000   0.00000000
   0.00000000     1.000000   0.00000000
     0.231702    -0.095086    -0.167827    -0.498938    -2.164478    -6.543678
   0.00000000   0.00000000   0.00000000
   0.00000000   0.00000000   0.00000000   0.00000000   0.00000000   0.00000000
   0.00000000   0.00000000     1.000000
     0.467067    -0.185710    -0.414905    -1.525463     0.410389    10.716637
   0.00000000   0.00000000   0.00000000
     0.357219    -0.235690    -0.615369     2.447968     4.649366   -10.442636
   0.00000000   0.00000000   0.00000000
     0.109095    -0.001511     1.489722     0.483591    -7.746536     5.958905
   0.00000000   0.00000000   0.00000000
     0.013059     0.528657     0.510301    -2.536337     5.866579    -0.364584
   0.00000000   0.00000000   0.00000000
     0.002131     0.497652    -0.951653     1.076019    -1.613035    -2.664778
   0.00000000   0.00000000   0.00000000
     0.000245     0.111539    -0.303710     0.372737    -0.406220     1.776093
     1.000000   0.00000000   0.00000000

   66.302920   34.896332   18.366522    9.666606    5.087696
    2.677739    2.090800    1.409339    0.741759    0.735000
    0.390400    0.205474    0.108144    0.056918    0.029957

    -0.000004     0.000005     0.000084    -0.000407    -0.000220   0.00000000
   0.00000000   0.00000000
     0.000022    -0.000027    -0.000383     0.001727     0.000705   0.00000000
   0.00000000   0.00000000
     0.000227    -0.000265     0.000659    -0.005212    -0.001168   0.00000000
   0.00000000   0.00000000
    -0.002821     0.003402     0.001966     0.016156    -0.000425   0.00000000
   0.00000000   0.00000000
    -0.007428     0.008919     0.015860     0.013247     0.096428   0.00000000
   0.00000000   0.00000000
     0.004194    -0.004587    -0.014649     0.135563     0.057027   0.00000000
   0.00000000   0.00000000
   0.00000000   0.00000000   0.00000000   0.00000000   0.00000000   0.00000000
     1.000000   0.00000000
     0.092635    -0.126740    -0.134694    -1.317360    -2.616133   0.00000000
   0.00000000   0.00000000
     0.209228    -0.265919    -0.508740     0.326726     5.236368   0.00000000
   0.00000000   0.00000000
   0.00000000   0.00000000   0.00000000   0.00000000   0.00000000   0.00000000
   0.00000000     1.000000
     0.280183    -0.346761    -0.369547     2.630036    -5.297196   0.00000000
   0.00000000   0.00000000
     0.293278    -0.096076     1.202915    -4.085058     2.975885   0.00000000
   0.00000000   0.00000000
     0.234606     0.438511     0.174283     2.719528     0.079169   0.00000000
   0.00000000   0.00000000
     0.124132     0.435299    -0.612072    -0.292469    -1.852325   0.00000000
   0.00000000   0.00000000
     0.034143     0.146592    -0.305094    -0.602301     1.293359     1.000000
   0.00000000   0.00000000

    2.445100    1.066700    0.465400    0.203000    0.069700

     1.000000   0.00000000   0.00000000   0.00000000   0.00000000
   0.00000000     1.000000   0.00000000   0.00000000   0.00000000
   0.00000000   0.00000000     1.000000   0.00000000   0.00000000
   0.00000000   0.00000000   0.00000000     1.000000   0.00000000
   0.00000000   0.00000000   0.00000000   0.00000000     1.000000

    1.763300    0.818600    0.380000    0.120900

     1.000000   0.00000000   0.00000000   0.00000000
   0.00000000     1.000000   0.00000000   0.00000000
   0.00000000   0.00000000     1.000000   0.00000000
   0.00000000   0.00000000   0.00000000     1.000000

    1.625200    0.699200    0.224200

     1.000000   0.00000000   0.00000000
   0.00000000     1.000000   0.00000000
   0.00000000   0.00000000     1.000000

    1.346400    0.399300

     1.000000   0.00000000
   0.00000000     1.000000

Y:cc-pCVDZ-ccECP
ccECP cc-pCVDZ for Y | source recipes/Y/ccECP/Y.cc-pCVDZ.gamess | ccECP from Haihan Zhou et al. Journal of Chemical Physics (2024) https://doi.org/10.1063/5.0180057

  4
    0    1    2    3
    5    5    4    2
   14   14   14    2

   54.047828   28.475056   15.002061    7.903824    4.164124
    2.193865    1.155836    0.608951    0.320826    0.298400
    0.169027    0.089052    0.046917    0.024718

    -0.000112     0.000002    -0.000037   0.00000000   0.00000000
     0.002601    -0.000589    -0.000779   0.00000000   0.00000000
    -0.039019     0.011280     0.018868   0.00000000   0.00000000
     0.256035    -0.079336    -0.138383   0.00000000   0.00000000
    -0.439930     0.144953     0.259251   0.00000000   0.00000000
    -0.361280     0.115607     0.216071   0.00000000   0.00000000
     0.326384    -0.115311    -0.230350   0.00000000   0.00000000
     0.694294    -0.304603    -0.766378   0.00000000   0.00000000
     0.341977    -0.287908    -0.666439   0.00000000   0.00000000
   0.00000000   0.00000000   0.00000000   0.00000000     1.000000
     0.031941    -0.063175     1.451737   0.00000000   0.00000000
     0.002959     0.418008     1.137326   0.00000000   0.00000000
    -0.000798     0.553703    -0.771883   0.00000000   0.00000000
     0.000218     0.277915    -0.787581     1.000000   0.00000000

   63.476290   33.410445   17.585429    9.256007    4.871856
    2.564278    1.349696    0.710406    0.373919    0.332700
    0.196810    0.103590    0.054524    0.028699

     0.000029    -0.000014     0.000032   0.00000000   0.00000000
    -0.000197     0.000090    -0.000105   0.00000000   0.00000000
    -0.000265     0.000010     0.000771   0.00000000   0.00000000
     0.026751    -0.009506    -0.019233   0.00000000   0.00000000
    -0.117224     0.043684     0.087441   0.00000000   0.00000000
    -0.089896     0.031797     0.040137   0.00000000   0.00000000
     0.231702    -0.095086    -0.167827   0.00000000   0.00000000
     0.467067    -0.185710    -0.414905   0.00000000   0.00000000
     0.357219    -0.235690    -0.615369   0.00000000   0.00000000
   0.00000000   0.00000000   0.00000000   0.00000000     1.000000
     0.109095    -0.001511     1.489722   0.00000000   0.00000000
     0.013059     0.528657     0.510301   0.00000000   0.00000000
     0.002131     0.497652    -0.951653   0.00000000   0.00000000
     0.000245     0.111539    -0.303710     1.000000   0.00000000

   66.302920   34.896332   18.366522    9.666606    5.087696
    2.677739    1.409339    0.983000    0.741759    0.390400
    0.205474    0.108144    0.056918    0.029957

    -0.000004     0.000005   0.00000000   0.00000000
     0.000022    -0.000027   0.00000000   0.00000000
     0.000227    -0.000265   0.00000000   0.00000000
    -0.002821     0.003402   0.00000000   0.00000000
    -0.007428     0.008919   0.00000000   0.00000000
     0.004194    -0.004587   0.00000000   0.00000000
     0.092635    -0.126740   0.00000000   0.00000000
   0.00000000   0.00000000   0.00000000     1.000000
     0.209228    -0.265919   0.00000000   0.00000000
     0.280183    -0.346761   0.00000000   0.00000000
     0.293278    -0.096076   0.00000000   0.00000000
     0.234606     0.438511   0.00000000   0.00000000
     0.124132     0.435299   0.00000000   0.00000000
     0.034143     0.146592     1.000000   0.00000000

    0.849900    0.202800

     1.000000   0.00000000
   0.00000000     1.000000

Y:cc-pCVQZ-ccECP
ccECP cc-pCVQZ for Y | source recipes/Y/ccECP/Y.cc-pCVQZ.gamess | ccECP from Haihan Zhou et al. Journal of Chemical Physics (2024) https://doi.org/10.1063/5.0180057

  6
    0    1    2    3    4    5
    8    8    7    4    3    2
   15   15   15    4    3    2

   54.047828   28.475056   15.002061    7.903824    4.164124
    3.137200    2.193865    1.960300    1.155836    0.608951
    0.320826    0.169027    0.089052    0.046917    0.024718

    -0.000112     0.000002    -0.000037     0.000392     0.001697   0.00000000
   0.00000000   0.00000000
     0.002601    -0.000589    -0.000779    -0.003420    -0.007786   0.00000000
   0.00000000   0.00000000
    -0.039019     0.011280     0.018868     0.034593     0.002732   0.00000000
   0.00000000   0.00000000
     0.256035    -0.079336    -0.138383    -0.224142     0.131251   0.00000000
   0.00000000   0.00000000
    -0.439930     0.144953     0.259251     0.439001    -0.313088   0.00000000
   0.00000000   0.00000000
   0.00000000   0.00000000   0.00000000   0.00000000   0.00000000   0.00000000
     1.000000   0.00000000
    -0.361280     0.115607     0.216071     0.276736    -0.688783   0.00000000
   0.00000000   0.00000000
   0.00000000   0.00000000   0.00000000   0.00000000   0.00000000   0.00000000
   0.00000000     1.000000
     0.326384    -0.115311    -0.230350    -0.244718     2.736891   0.00000000
   0.00000000   0.00000000
     0.694294    -0.304603    -0.766378    -2.730211    -2.433662   0.00000000
   0.00000000   0.00000000
     0.341977    -0.287908    -0.666439     2.487041    -0.363650   0.00000000
   0.00000000   0.00000000
     0.031941    -0.063175     1.451737     2.483568     2.424236   0.00000000
   0.00000000   0.00000000
     0.002959     0.418008     1.137326    -3.447837    -2.214067   0.00000000
   0.00000000   0.00000000
    -0.000798     0.553703    -0.771883    -0.441896     0.906142   0.00000000
   0.00000000   0.00000000
     0.000218     0.277915    -0.787581     1.498910    -0.106251     1.000000
   0.00000000   0.00000000

   63.476290   33.410445   17.585429    9.256007    4.871856
    2.564278    1.777100    1.349696    0.710406    0.699700
    0.373919    0.196810    0.103590    0.054524    0.028699

     0.000029    -0.000014     0.000032     0.000733    -0.002149   0.00000000
   0.00000000   0.00000000
    -0.000197     0.000090    -0.000105    -0.003436     0.010399   0.00000000
   0.00000000   0.00000000
    -0.000265     0.000010     0.000771     0.011135    -0.029530   0.00000000
   0.00000000   0.00000000
     0.026751    -0.009506    -0.019233    -0.062483     0.030618   0.00000000
   0.00000000   0.00000000
    -0.117224     0.043684     0.087441     0.230219     0.045412   0.00000000
   0.00000000   0.00000000
    -0.089896     0.031797     0.040137     0.037951     0.591015   0.00000000
   0.00000000   0.00000000
   0.00000000   0.00000000   0.00000000   0.00000000   0.00000000   0.00000000
     1.000000   0.00000000
     0.231702    -0.095086    -0.167827    -0.498938    -2.164478   0.00000000
   0.00000000   0.00000000
     0.467067    -0.185710    -0.414905    -1.525463     0.410389   0.00000000
   0.00000000   0.00000000
   0.00000000   0.00000000   0.00000000   0.00000000   0.00000000   0.00000000
   0.00000000     1.000000
     0.357219    -0.235690    -0.615369     2.447968     4.649366   0.00000000
   0.00000000   0.00000000
     0.109095    -0.001511     1.489722     0.483591    -7.746536   0.00000000
   0.00000000   0.00000000
     0.013059     0.528657     0.510301    -2.536337     5.866579   0.00000000
   0.00000000   0.00000000
     0.002131     0.497652    -0.951653     1.076019    -1.613035   0.00000000
   0.00000000   0.00000000
     0.000245     0.111539    -0.303710     0.372737    -0.406220     1.000000
   0.00000000   0.00000000

   66.302920   34.896332   18.366522    9.666606    5.087696
    2.677739    1.409339    0.925700    0.741759    0.481800
    0.390400    0.205474    0.108144    0.056918    0.029957

    -0.000004     0.000005     0.000084    -0.000407   0.00000000   0.00000000
   0.00000000
     0.000022    -0.000027    -0.000383     0.001727   0.00000000   0.00000000
   0.00000000
     0.000227    -0.000265     0.000659    -0.005212   0.00000000   0.00000000
   0.00000000
    -0.002821     0.003402     0.001966     0.016156   0.00000000   0.00000000
   0.00000000
    -0.007428     0.008919     0.015860     0.013247   0.00000000   0.00000000
   0.00000000
     0.004194    -0.004587    -0.014649     0.135563   0.00000000   0.00000000
   0.00000000
     0.092635    -0.126740    -0.134694    -1.317360   0.00000000   0.00000000
   0.00000000
   0.00000000   0.00000000   0.00000000   0.00000000   0.00000000     1.000000
   0.00000000
     0.209228    -0.265919    -0.508740     0.326726   0.00000000   0.00000000
   0.00000000
   0.00000000   0.00000000   0.00000000   0.00000000   0.00000000   0.00000000
     1.000000
     0.280183    -0.346761    -0.369547     2.630036   0.00000000   0.00000000
   0.00000000
     0.293278    -0.096076     1.202915    -4.085058   0.00000000   0.00000000
   0.00000000
     0.234606     0.438511     0.174283     2.719528   0.00000000   0.00000000
   0.00000000
     0.124132     0.435299    -0.612072    -0.292469   0.00000000   0.00000000
   0.00000000
     0.034143     0.146592    -0.305094    -0.602301     1.000000   0.00000000
   0.00000000

    1.751500    0.699800    0.279600    0.088000

     1.000000   0.00000000   0.00000000   0.00000000
   0.00000000     1.000000   0.00000000   0.00000000
   0.00000000   0.00000000     1.000000   0.00000000
   0.00000000   0.00000000   0.00000000     1.000000

    1.424000    0.560700    0.173500

     1.000000   0.00000000   0.00000000
   0.00000000     1.000000   0.00000000
   0.00000000   0.00000000     1.000000

    1.167900    0.339500

     1.000000   0.00000000
   0.00000000     1.000000

Y:cc-pCVTZ-ccECP
ccECP cc-pCVTZ for Y | source recipes/Y/ccECP/Y.cc-pCVTZ.gamess | ccECP from Haihan Zhou et al. Journal of Chemical Physics (2024) https://doi.org/10.1063/5.0180057

  5
    0    1    2    3    4
    7    7    6    3    2
   15   15   15    3    2

   54.047828   28.475056   15.002061    7.903824    4.164124
    2.193865    1.159500    1.155836    0.724800    0.608951
    0.320826    0.169027    0.089052    0.046917    0.024718

    -0.000112     0.000002    -0.000037     0.000392   0.00000000   0.00000000
   0.00000000
     0.002601    -0.000589    -0.000779    -0.003420   0.00000000   0.00000000
   0.00000000
    -0.039019     0.011280     0.018868     0.034593   0.00000000   0.00000000
   0.00000000
     0.256035    -0.079336    -0.138383    -0.224142   0.00000000   0.00000000
   0.00000000
    -0.439930     0.144953     0.259251     0.439001   0.00000000   0.00000000
   0.00000000
    -0.361280     0.115607     0.216071     0.276736   0.00000000   0.00000000
   0.00000000
   0.00000000   0.00000000   0.00000000   0.00000000   0.00000000     1.000000
   0.00000000
     0.326384    -0.115311    -0.230350    -0.244718   0.00000000   0.00000000
   0.00000000
   0.00000000   0.00000000   0.00000000   0.00000000   0.00000000   0.00000000
     1.000000
     0.694294    -0.304603    -0.766378    -2.730211   0.00000000   0.00000000
   0.00000000
     0.341977    -0.287908    -0.666439     2.487041   0.00000000   0.00000000
   0.00000000
     0.031941    -0.063175     1.451737     2.483568   0.00000000   0.00000000
   0.00000000
     0.002959     0.418008     1.137326    -3.447837   0.00000000   0.00000000
   0.00000000
    -0.000798     0.553703    -0.771883    -0.441896   0.00000000   0.00000000
   0.00000000
     0.000218     0.277915    -0.787581     1.498910     1.000000   0.00000000
   0.00000000

   63.476290   33.410445   17.585429    9.256007    4.871856
    2.564278    1.650200    1.349696    0.710406    0.510500
    0.373919    0.196810    0.103590    0.054524    0.028699

     0.000029    -0.000014     0.000032     0.000733   0.00000000   0.00000000
   0.00000000
    -0.000197     0.000090    -0.000105    -0.003436   0.00000000   0.00000000
   0.00000000
    -0.000265     0.000010     0.000771     0.011135   0.00000000   0.00000000
   0.00000000
     0.026751    -0.009506    -0.019233    -0.062483   0.00000000   0.00000000
   0.00000000
    -0.117224     0.043684     0.087441     0.230219   0.00000000   0.00000000
   0.00000000
    -0.089896     0.031797     0.040137     0.037951   0.00000000   0.00000000
   0.00000000
   0.00000000   0.00000000   0.00000000   0.00000000   0.00000000     1.000000
   0.00000000
     0.231702    -0.095086    -0.167827    -0.498938   0.00000000   0.00000000
   0.00000000
     0.467067    -0.185710    -0.414905    -1.525463   0.00000000   0.00000000
   0.00000000
   0.00000000   0.00000000   0.00000000   0.00000000   0.00000000   0.00000000
     1.000000
     0.357219    -0.235690    -0.615369     2.447968   0.00000000   0.00000000
   0.00000000
     0.109095    -0.001511     1.489722     0.483591   0.00000000   0.00000000
   0.00000000
     0.013059     0.528657     0.510301    -2.536337   0.00000000   0.00000000
   0.00000000
     0.002131     0.497652    -0.951653     1.076019   0.00000000   0.00000000
   0.00000000
     0.000245     0.111539    -0.303710     0.372737     1.000000   0.00000000
   0.00000000

   66.302920   34.896332   18.366522    9.666606    5.087696
    2.677739    1.409339    0.758800    0.741759    0.390400
    0.357500    0.205474    0.108144    0.056918    0.029957

    -0.000004     0.000005     0.000084   0.00000000   0.00000000   0.00000000
     0.000022    -0.000027    -0.000383   0.00000000   0.00000000   0.00000000
     0.000227    -0.000265     0.000659   0.00000000   0.00000000   0.00000000
    -0.002821     0.003402     0.001966   0.00000000   0.00000000   0.00000000
    -0.007428     0.008919     0.015860   0.00000000   0.00000000   0.00000000
     0.004194    -0.004587    -0.014649   0.00000000   0.00000000   0.00000000
     0.092635    -0.126740    -0.134694   0.00000000   0.00000000   0.00000000
   0.00000000   0.00000000   0.00000000   0.00000000     1.000000   0.00000000
     0.209228    -0.265919    -0.508740   0.00000000   0.00000000   0.00000000
     0.280183    -0.346761    -0.369547   0.00000000   0.00000000   0.00000000
   0.00000000   0.00000000   0.00000000   0.00000000   0.00000000     1.000000
     0.293278    -0.096076     1.202915   0.00000000   0.00000000   0.00000000
     0.234606     0.438511     0.174283   0.00000000   0.00000000   0.00000000
     0.124132     0.435299    -0.612072   0.00000000   0.00000000   0.00000000
     0.034143     0.146592    -0.305094     1.000000   0.00000000   0.00000000

    1.332500    0.441800    0.124800

     1.000000   0.00000000   0.00000000
   0.00000000     1.000000   0.00000000
   0.00000000   0.00000000     1.000000

    1.003400    0.276900

     1.000000   0.00000000
   0.00000000     1.000000

Y:cc-pV5Z-ccECP
ccECP cc-pV5Z for Y | source recipes/Y/ccECP/Y.cc-pV5Z.gamess | ccECP from Haihan Zhou et al. Journal of Chemical Physics (2024) https://doi.org/10.1063/5.0180057

  7
    0    1    2    3    4    5    6
    7    7    6    4    3    2    1
   13   13   13    4    3    2    1

   54.047828   28.475056   15.002061    7.903824    4.164124
    2.193865    1.155836    0.608951    0.320826    0.169027
    0.089052    0.046917    0.024718

    -0.000112     0.000002    -0.000037     0.000392     0.001697     0.013619
   0.00000000
     0.002601    -0.000589    -0.000779    -0.003420    -0.007786    -0.075566
   0.00000000
    -0.039019     0.011280     0.018868     0.034593     0.002732     0.296791
   0.00000000
     0.256035    -0.079336    -0.138383    -0.224142     0.131251    -1.148685
   0.00000000
    -0.439930     0.144953     0.259251     0.439001    -0.313088     2.786188
   0.00000000
    -0.361280     0.115607     0.216071     0.276736    -0.688783    -1.524890
   0.00000000
     0.326384    -0.115311    -0.230350    -0.244718     2.736891    -6.544792
   0.00000000
     0.694294    -0.304603    -0.766378    -2.730211    -2.433662    16.895742
   0.00000000
     0.341977    -0.287908    -0.666439     2.487041    -0.363650   -23.678090
   0.00000000
     0.031941    -0.063175     1.451737     2.483568     2.424236    24.689636
   0.00000000
     0.002959     0.418008     1.137326    -3.447837    -2.214067   -19.893616
   0.00000000
    -0.000798     0.553703    -0.771883    -0.441896     0.906142    11.227547
   0.00000000
     0.000218     0.277915    -0.787581     1.498910    -0.106251    -3.268963
     1.000000

   63.476290   33.410445   17.585429    9.256007    4.871856
    2.564278    1.349696    0.710406    0.373919    0.196810
    0.103590    0.054524    0.028699

     0.000029    -0.000014     0.000032     0.000733    -0.002149    -0.005434
   0.00000000
    -0.000197     0.000090    -0.000105    -0.003436     0.010399     0.025688
   0.00000000
    -0.000265     0.000010     0.000771     0.011135    -0.029530    -0.070938
   0.00000000
     0.026751    -0.009506    -0.019233    -0.062483     0.030618     0.120112
   0.00000000
    -0.117224     0.043684     0.087441     0.230219     0.045412    -0.222310
   0.00000000
    -0.089896     0.031797     0.040137     0.037951     0.591015     1.789994
   0.00000000
     0.231702    -0.095086    -0.167827    -0.498938    -2.164478    -6.543678
   0.00000000
     0.467067    -0.185710    -0.414905    -1.525463     0.410389    10.716637
   0.00000000
     0.357219    -0.235690    -0.615369     2.447968     4.649366   -10.442636
   0.00000000
     0.109095    -0.001511     1.489722     0.483591    -7.746536     5.958905
   0.00000000
     0.013059     0.528657     0.510301    -2.536337     5.866579    -0.364584
   0.00000000
     0.002131     0.497652    -0.951653     1.076019    -1.613035    -2.664778
   0.00000000
     0.000245     0.111539    -0.303710     0.372737    -0.406220     1.776093
     1.000000

   66.302920   34.896332   18.366522    9.666606    5.087696
    2.677739    1.409339    0.741759    0.390400    0.205474
    0.108144    0.056918    0.029957

    -0.000004     0.000005     0.000084    -0.000407    -0.000220   0.00000000
     0.000022    -0.000027    -0.000383     0.001727     0.000705   0.00000000
     0.000227    -0.000265     0.000659    -0.005212    -0.001168   0.00000000
    -0.002821     0.003402     0.001966     0.016156    -0.000425   0.00000000
    -0.007428     0.008919     0.015860     0.013247     0.096428   0.00000000
     0.004194    -0.004587    -0.014649     0.135563     0.057027   0.00000000
     0.092635    -0.126740    -0.134694    -1.317360    -2.616133   0.00000000
     0.209228    -0.265919    -0.508740     0.326726     5.236368   0.00000000
     0.280183    -0.346761    -0.369547     2.630036    -5.297196   0.00000000
     0.293278    -0.096076     1.202915    -4.085058     2.975885   0.00000000
     0.234606     0.438511     0.174283     2.719528     0.079169   0.00000000
     0.124132     0.435299    -0.612072    -0.292469    -1.852325   0.00000000
     0.034143     0.146592    -0.305094    -0.602301     1.293359     1.000000

    1.645800    0.573500    0.199900    0.069700

     1.000000   0.00000000   0.00000000   0.00000000
   0.00000000     1.000000   0.00000000   0.00000000
   0.00000000   0.00000000     1.000000   0.00000000
   0.00000000   0.00000000   0.00000000     1.000000

    0.932600    0.335800    0.120900

     1.000000   0.00000000   0.00000000
   0.00000000     1.000000   0.00000000
   0.00000000   0.00000000     1.000000

    0.671000    0.224200

     1.000000   0.00000000
   0.00000000     1.000000

    0.399300

     1.000000

Y:cc-pVDZ-ccECP
ccECP cc-pVDZ for Y | source recipes/Y/ccECP/Y.cc-pVDZ.gamess | ccECP from Haihan Zhou et al. Journal of Chemical Physics (2024) https://doi.org/10.1063/5.0180057

  4
    0    1    2    3
    4    4    3    1
   13   13   13    1

   54.047828   28.475056   15.002061    7.903824    4.164124
    2.193865    1.155836    0.608951    0.320826    0.169027
    0.089052    0.046917    0.024718

    -0.000112     0.000002    -0.000037   0.00000000
     0.002601    -0.000589    -0.000779   0.00000000
    -0.039019     0.011280     0.018868   0.00000000
     0.256035    -0.079336    -0.138383   0.00000000
    -0.439930     0.144953     0.259251   0.00000000
    -0.361280     0.115607     0.216071   0.00000000
     0.326384    -0.115311    -0.230350   0.00000000
     0.694294    -0.304603    -0.766378   0.00000000
     0.341977    -0.287908    -0.666439   0.00000000
     0.031941    -0.063175     1.451737   0.00000000
     0.002959     0.418008     1.137326   0.00000000
    -0.000798     0.553703    -0.771883   0.00000000
     0.000218     0.277915    -0.787581     1.000000

   63.476290   33.410445   17.585429    9.256007    4.871856
    2.564278    1.349696    0.710406    0.373919    0.196810
    0.103590    0.054524    0.028699

     0.000029    -0.000014     0.000032   0.00000000
    -0.000197     0.000090    -0.000105   0.00000000
    -0.000265     0.000010     0.000771   0.00000000
     0.026751    -0.009506    -0.019233   0.00000000
    -0.117224     0.043684     0.087441   0.00000000
    -0.089896     0.031797     0.040137   0.00000000
     0.231702    -0.095086    -0.167827   0.00000000
     0.467067    -0.185710    -0.414905   0.00000000
     0.357219    -0.235690    -0.615369   0.00000000
     0.109095    -0.001511     1.489722   0.00000000
     0.013059     0.528657     0.510301   0.00000000
     0.002131     0.497652    -0.951653   0.00000000
     0.000245     0.111539    -0.303710     1.000000

   66.302920   34.896332   18.366522    9.666606    5.087696
    2.677739    1.409339    0.741759    0.390400    0.205474
    0.108144    0.056918    0.029957

    -0.000004     0.000005   0.00000000
     0.000022    -0.000027   0.00000000
     0.000227    -0.000265   0.00000000
    -0.002821     0.003402   0.00000000
    -0.007428     0.008919   0.00000000
     0.004194    -0.004587   0.00000000
     0.092635    -0.126740   0.00000000
     0.209228    -0.265919   0.00000000
     0.280183    -0.346761   0.00000000
     0.293278    -0.096076   0.00000000
     0.234606     0.438511   0.00000000
     0.124132     0.435299   0.00000000
     0.034143     0.146592     1.000000

    0.202800

     1.000000

Y:cc-pVQZ-ccECP
ccECP cc-pVQZ for Y | source recipes/Y/ccECP/Y.cc-pVQZ.gamess | ccECP from Haihan Zhou et al. Journal of Chemical Physics (2024) https://doi.org/10.1063/5.0180057

  6
    0    1    2    3    4    5
    6    6    5    3    2    1
   13   13   13    3    2    1

   54.047828   28.475056   15.002061    7.903824    4.164124
    2.193865    1.155836    0.608951    0.320826    0.169027
    0.089052    0.046917    0.024718

    -0.000112     0.000002    -0.000037     0.000392     0.001697   0.00000000
     0.002601    -0.000589    -0.000779    -0.003420    -0.007786   0.00000000
    -0.039019     0.011280     0.018868     0.034593     0.002732   0.00000000
     0.256035    -0.079336    -0.138383    -0.224142     0.131251   0.00000000
    -0.439930     0.144953     0.259251     0.439001    -0.313088   0.00000000
    -0.361280     0.115607     0.216071     0.276736    -0.688783   0.00000000
     0.326384    -0.115311    -0.230350    -0.244718     2.736891   0.00000000
     0.694294    -0.304603    -0.766378    -2.730211    -2.433662   0.00000000
     0.341977    -0.287908    -0.666439     2.487041    -0.363650   0.00000000
     0.031941    -0.063175     1.451737     2.483568     2.424236   0.00000000
     0.002959     0.418008     1.137326    -3.447837    -2.214067   0.00000000
    -0.000798     0.553703    -0.771883    -0.441896     0.906142   0.00000000
     0.000218     0.277915    -0.787581     1.498910    -0.106251     1.000000

   63.476290   33.410445   17.585429    9.256007    4.871856
    2.564278    1.349696    0.710406    0.373919    0.196810
    0.103590    0.054524    0.028699

     0.000029    -0.000014     0.000032     0.000733    -0.002149   0.00000000
    -0.000197     0.000090    -0.000105    -0.003436     0.010399   0.00000000
    -0.000265     0.000010     0.000771     0.011135    -0.029530   0.00000000
     0.026751    -0.009506    -0.019233    -0.062483     0.030618   0.00000000
    -0.117224     0.043684     0.087441     0.230219     0.045412   0.00000000
    -0.089896     0.031797     0.040137     0.037951     0.591015   0.00000000
     0.231702    -0.095086    -0.167827    -0.498938    -2.164478   0.00000000
     0.467067    -0.185710    -0.414905    -1.525463     0.410389   0.00000000
     0.357219    -0.235690    -0.615369     2.447968     4.649366   0.00000000
     0.109095    -0.001511     1.489722     0.483591    -7.746536   0.00000000
     0.013059     0.528657     0.510301    -2.536337     5.866579   0.00000000
     0.002131     0.497652    -0.951653     1.076019    -1.613035   0.00000000
     0.000245     0.111539    -0.303710     0.372737    -0.406220     1.000000

   66.302920   34.896332   18.366522    9.666606    5.087696
    2.677739    1.409339    0.741759    0.390400    0.205474
    0.108144    0.056918    0.029957

    -0.000004     0.000005     0.000084    -0.000407   0.00000000
     0.000022    -0.000027    -0.000383     0.001727   0.00000000
     0.000227    -0.000265     0.000659    -0.005212   0.00000000
    -0.002821     0.003402     0.001966     0.016156   0.00000000
    -0.007428     0.008919     0.015860     0.013247   0.00000000
     0.004194    -0.004587    -0.014649     0.135563   0.00000000
     0.092635    -0.126740    -0.134694    -1.317360   0.00000000
     0.209228    -0.265919    -0.508740     0.326726   0.00000000
     0.280183    -0.346761    -0.369547     2.630036   0.00000000
     0.293278    -0.096076     1.202915    -4.085058   0.00000000
     0.234606     0.438511     0.174283     2.719528   0.00000000
     0.124132     0.435299    -0.612072    -0.292469   0.00000000
     0.034143     0.146592    -0.305094    -0.602301     1.000000

    0.913500    0.283600    0.088000

     1.000000   0.00000000   0.00000000
   0.00000000     1.000000   0.00000000
   0.00000000   0.00000000     1.000000

    0.581900    0.173500

     1.000000   0.00000000
   0.00000000     1.000000

    0.339500

     1.000000

Y:cc-pVTZ-ccECP
ccECP cc-pVTZ for Y | source recipes/Y/ccECP/Y.cc-pVTZ.gamess | ccECP from Haihan Zhou et al. Journal of Chemical Physics (2024) https://doi.org/10.1063/5.0180057

  5
    0    1    2    3    4
    5    5    4    2    1
   13   13   13    2    1

   54.047828   28.475056   15.002061    7.903824    4.164124
    2.193865    1.155836    0.608951    0.320826    0.169027
    0.089052    0.046917    0.024718

    -0.000112     0.000002    -0.000037     0.000392   0.00000000
     0.002601    -0.000589    -0.000779    -0.003420   0.00000000
    -0.039019     0.011280     0.018868     0.034593   0.00000000
     0.256035    -0.079336    -0.138383    -0.224142   0.00000000
    -0.439930     0.144953     0.259251     0.439001   0.00000000
    -0.361280     0.115607     0.216071     0.276736   0.00000000
     0.326384    -0.115311    -0.230350    -0.244718   0.00000000
     0.694294    -0.304603    -0.766378    -2.730211   0.00000000
     0.341977    -0.287908    -0.666439     2.487041   0.00000000
     0.031941    -0.063175     1.451737     2.483568   0.00000000
     0.002959     0.418008     1.137326    -3.447837   0.00000000
    -0.000798     0.553703    -0.771883    -0.441896   0.00000000
     0.000218     0.277915    -0.787581     1.498910     1.000000

   63.476290   33.410445   17.585429    9.256007    4.871856
    2.564278    1.349696    0.710406    0.373919    0.196810
    0.103590    0.054524    0.028699

     0.000029    -0.000014     0.000032     0.000733   0.00000000
    -0.000197     0.000090    -0.000105    -0.003436   0.00000000
    -0.000265     0.000010     0.000771     0.011135   0.00000000
     0.026751    -0.009506    -0.019233    -0.062483   0.00000000
    -0.117224     0.043684     0.087441     0.230219   0.00000000
    -0.089896     0.031797     0.040137     0.037951   0.00000000
     0.231702    -0.095086    -0.167827    -0.498938   0.00000000
     0.467067    -0.185710    -0.414905    -1.525463   0.00000000
     0.357219    -0.235690    -0.615369     2.447968   0.00000000
     0.109095    -0.001511     1.489722     0.483591   0.00000000
     0.013059     0.528657     0.510301    -2.536337   0.00000000
     0.002131     0.497652    -0.951653     1.076019   0.00000000
     0.000245     0.111539    -0.303710     0.372737     1.000000

   66.302920   34.896332   18.366522    9.666606    5.087696
    2.677739    1.409339    0.741759    0.390400    0.205474
    0.108144    0.056918    0.029957

    -0.000004     0.000005     0.000084   0.00000000
     0.000022    -0.000027    -0.000383   0.00000000
     0.000227    -0.000265     0.000659   0.00000000
    -0.002821     0.003402     0.001966   0.00000000
    -0.007428     0.008919     0.015860   0.00000000
     0.004194    -0.004587    -0.014649   0.00000000
     0.092635    -0.126740    -0.134694   0.00000000
     0.209228    -0.265919    -0.508740   0.00000000
     0.280183    -0.346761    -0.369547   0.00000000
     0.293278    -0.096076     1.202915   0.00000000
     0.234606     0.438511     0.174283   0.00000000
     0.124132     0.435299    -0.612072   0.00000000
     0.034143     0.146592    -0.305094     1.000000

    0.489300    0.124800

     1.000000   0.00000000
   0.00000000     1.000000

    0.276900

     1.000000

