
Pb:aug-cc-pV5Z-ccECP
ccECP aug-cc-pV5Z for Pb | source recipes/Pb/ccECP/Pb.aug-cc-pV5Z.gamess | ccECP from Omar Madany et al. Journal of Chemical Physics (2025) https://doi.org/10.1063/5.0285320

  6
    0    1    2    3    4    5
    6    6    5    4    3    2
   14   14    5    4    3    2

   21.238733   10.104348    4.807153    3.280508    2.287008
    1.088046    0.962933    0.517639    0.282651    0.246267
    0.117162    0.082967    0.055740    0.033187

    -0.000276   0.00000000   0.00000000   0.00000000   0.00000000   0.00000000
     0.002393   0.00000000   0.00000000   0.00000000   0.00000000   0.00000000
    -0.022301   0.00000000   0.00000000   0.00000000   0.00000000   0.00000000
   0.00000000     1.000000   0.00000000   0.00000000   0.00000000   0.00000000
     0.183303   0.00000000   0.00000000   0.00000000   0.00000000   0.00000000
    -0.512042   0.00000000   0.00000000   0.00000000   0.00000000   0.00000000
   0.00000000   0.00000000     1.000000   0.00000000   0.00000000   0.00000000
    -0.124035   0.00000000   0.00000000   0.00000000   0.00000000   0.00000000
   0.00000000   0.00000000   0.00000000     1.000000   0.00000000   0.00000000
     0.637476   0.00000000   0.00000000   0.00000000   0.00000000   0.00000000
     0.540370   0.00000000   0.00000000   0.00000000   0.00000000   0.00000000
   0.00000000   0.00000000   0.00000000   0.00000000     1.000000   0.00000000
     0.137233   0.00000000   0.00000000   0.00000000   0.00000000   0.00000000
   0.00000000   0.00000000   0.00000000   0.00000000   0.00000000     1.000000

   13.638223    6.502885    4.678245    3.100662    1.478436
    1.073981    0.704938    0.336124    0.246553    0.160268
    0.076418    0.056601    0.036437    0.022640

     0.000186   0.00000000   0.00000000   0.00000000   0.00000000   0.00000000
    -0.000808   0.00000000   0.00000000   0.00000000   0.00000000   0.00000000
   0.00000000     1.000000   0.00000000   0.00000000   0.00000000   0.00000000
     0.004782   0.00000000   0.00000000   0.00000000   0.00000000   0.00000000
     0.013837   0.00000000   0.00000000   0.00000000   0.00000000   0.00000000
   0.00000000   0.00000000     1.000000   0.00000000   0.00000000   0.00000000
    -0.126090   0.00000000   0.00000000   0.00000000   0.00000000   0.00000000
     0.152636   0.00000000   0.00000000   0.00000000   0.00000000   0.00000000
   0.00000000   0.00000000   0.00000000     1.000000   0.00000000   0.00000000
     0.439314   0.00000000   0.00000000   0.00000000   0.00000000   0.00000000
     0.411841   0.00000000   0.00000000   0.00000000   0.00000000   0.00000000
   0.00000000   0.00000000   0.00000000   0.00000000     1.000000   0.00000000
     0.164162   0.00000000   0.00000000   0.00000000   0.00000000   0.00000000
   0.00000000   0.00000000   0.00000000   0.00000000   0.00000000     1.000000

    0.655400    0.329705    0.165861    0.083438    0.033375

     1.000000   0.00000000   0.00000000   0.00000000   0.00000000
   0.00000000     1.000000   0.00000000   0.00000000   0.00000000
   0.00000000   0.00000000     1.000000   0.00000000   0.00000000
   0.00000000   0.00000000   0.00000000     1.000000   0.00000000
   0.00000000   0.00000000   0.00000000   0.00000000     1.000000

    0.618634    0.299922    0.145406    0.058162

     1.000000   0.00000000   0.00000000   0.00000000
   0.00000000     1.000000   0.00000000   0.00000000
   0.00000000   0.00000000     1.000000   0.00000000
   0.00000000   0.00000000   0.00000000     1.000000

    0.528734    0.258559    0.103424

     1.000000   0.00000000   0.00000000
   0.00000000     1.000000   0.00000000
   0.00000000   0.00000000     1.000000

    0.463700    0.185480

     1.000000   0.00000000
   0.00000000     1.000000

Pb:aug-cc-pVDZ-ccECP
ccECP aug-cc-pVDZ for Pb | source recipes/Pb/ccECP/Pb.aug-cc-pVDZ.gamess | ccECP from Omar Madany et al. Journal of Chemical Physics (2025) https://doi.org/10.1063/5.0285320

  3
    0    1    2
    3    3    2
   11   11    2

   21.238733   10.104348    4.807153    2.287008    1.088046
    0.517639    0.246267    0.117162    0.055740    0.035259
    0.014104

    -0.000276   0.00000000   0.00000000
     0.002393   0.00000000   0.00000000
    -0.022301   0.00000000   0.00000000
     0.183303   0.00000000   0.00000000
    -0.512042   0.00000000   0.00000000
    -0.124035   0.00000000   0.00000000
     0.637476   0.00000000   0.00000000
     0.540370   0.00000000   0.00000000
     0.137233   0.00000000   0.00000000
   0.00000000     1.000000   0.00000000
   0.00000000   0.00000000     1.000000

   13.638223    6.502885    3.100662    1.478436    0.704938
    0.336124    0.160268    0.076418    0.059537    0.036437
    0.023815

     0.000186   0.00000000   0.00000000
    -0.000808   0.00000000   0.00000000
     0.004782   0.00000000   0.00000000
     0.013837   0.00000000   0.00000000
    -0.126090   0.00000000   0.00000000
     0.152636   0.00000000   0.00000000
     0.439314   0.00000000   0.00000000
     0.411841   0.00000000   0.00000000
   0.00000000     1.000000   0.00000000
     0.164162   0.00000000   0.00000000
   0.00000000   0.00000000     1.000000

    0.175881    0.070352

     1.000000   0.00000000
   0.00000000     1.000000

Pb:aug-cc-pVQZ-ccECP
ccECP aug-cc-pVQZ for Pb | source recipes/Pb/ccECP/Pb.aug-cc-pVQZ.gamess | ccECP from Omar Madany et al. Journal of Chemical Physics (2025) https://doi.org/10.1063/5.0285320

  5
    0    1    2    3    4
    5    5    4    3    2
   13   13    4    3    2

   21.238733   10.104348    4.807153    2.287008    1.296352
    1.088046    0.517639    0.335159    0.246267    0.117162
    0.086652    0.055740    0.034661

    -0.000276   0.00000000   0.00000000   0.00000000   0.00000000
     0.002393   0.00000000   0.00000000   0.00000000   0.00000000
    -0.022301   0.00000000   0.00000000   0.00000000   0.00000000
     0.183303   0.00000000   0.00000000   0.00000000   0.00000000
   0.00000000     1.000000   0.00000000   0.00000000   0.00000000
    -0.512042   0.00000000   0.00000000   0.00000000   0.00000000
    -0.124035   0.00000000   0.00000000   0.00000000   0.00000000
   0.00000000   0.00000000     1.000000   0.00000000   0.00000000
     0.637476   0.00000000   0.00000000   0.00000000   0.00000000
     0.540370   0.00000000   0.00000000   0.00000000   0.00000000
   0.00000000   0.00000000   0.00000000     1.000000   0.00000000
     0.137233   0.00000000   0.00000000   0.00000000   0.00000000
   0.00000000   0.00000000   0.00000000   0.00000000     1.000000

   13.638223    6.502885    3.100662    1.478436    1.100984
    0.704938    0.336124    0.250270    0.160268    0.076418
    0.056890    0.036437    0.022756

     0.000186   0.00000000   0.00000000   0.00000000   0.00000000
    -0.000808   0.00000000   0.00000000   0.00000000   0.00000000
     0.004782   0.00000000   0.00000000   0.00000000   0.00000000
     0.013837   0.00000000   0.00000000   0.00000000   0.00000000
   0.00000000     1.000000   0.00000000   0.00000000   0.00000000
    -0.126090   0.00000000   0.00000000   0.00000000   0.00000000
     0.152636   0.00000000   0.00000000   0.00000000   0.00000000
   0.00000000   0.00000000     1.000000   0.00000000   0.00000000
     0.439314   0.00000000   0.00000000   0.00000000   0.00000000
     0.411841   0.00000000   0.00000000   0.00000000   0.00000000
   0.00000000   0.00000000   0.00000000     1.000000   0.00000000
     0.164162   0.00000000   0.00000000   0.00000000   0.00000000
   0.00000000   0.00000000   0.00000000   0.00000000     1.000000

    0.587926    0.250994    0.107153    0.042861

     1.000000   0.00000000   0.00000000   0.00000000
   0.00000000     1.000000   0.00000000   0.00000000
   0.00000000   0.00000000     1.000000   0.00000000
   0.00000000   0.00000000   0.00000000     1.000000

    0.459068    0.176098    0.070439

     1.000000   0.00000000   0.00000000
   0.00000000     1.000000   0.00000000
   0.00000000   0.00000000     1.000000

    0.365964    0.146386

     1.000000   0.00000000
   0.00000000     1.000000

Pb:aug-cc-pVTZ-ccECP
ccECP aug-cc-pVTZ for Pb | source recipes/Pb/ccECP/Pb.aug-cc-pVTZ.gamess | ccECP from Omar Madany et al. Journal of Chemical Physics (2025) https://doi.org/10.1063/5.0285320

  4
    0    1    2    3
    4    4    3    2
   12   12    3    2

   21.238733   10.104348    4.807153    2.287008    1.088046
    0.517639    0.376469    0.246267    0.117162    0.090484
    0.055740    0.036194

    -0.000276   0.00000000   0.00000000   0.00000000
     0.002393   0.00000000   0.00000000   0.00000000
    -0.022301   0.00000000   0.00000000   0.00000000
     0.183303   0.00000000   0.00000000   0.00000000
    -0.512042   0.00000000   0.00000000   0.00000000
    -0.124035   0.00000000   0.00000000   0.00000000
   0.00000000     1.000000   0.00000000   0.00000000
     0.637476   0.00000000   0.00000000   0.00000000
     0.540370   0.00000000   0.00000000   0.00000000
   0.00000000   0.00000000     1.000000   0.00000000
     0.137233   0.00000000   0.00000000   0.00000000
   0.00000000   0.00000000   0.00000000     1.000000

   13.638223    6.502885    3.100662    1.478436    0.704938
    0.336124    0.289935    0.160268    0.076418    0.060333
    0.036437    0.024133

     0.000186   0.00000000   0.00000000   0.00000000
    -0.000808   0.00000000   0.00000000   0.00000000
     0.004782   0.00000000   0.00000000   0.00000000
     0.013837   0.00000000   0.00000000   0.00000000
    -0.126090   0.00000000   0.00000000   0.00000000
     0.152636   0.00000000   0.00000000   0.00000000
   0.00000000     1.000000   0.00000000   0.00000000
     0.439314   0.00000000   0.00000000   0.00000000
     0.411841   0.00000000   0.00000000   0.00000000
   0.00000000   0.00000000     1.000000   0.00000000
     0.164162   0.00000000   0.00000000   0.00000000
   0.00000000   0.00000000   0.00000000     1.000000

    0.235519    0.120570    0.048228

     1.000000   0.00000000   0.00000000
   0.00000000     1.000000   0.00000000
   0.00000000   0.00000000     1.000000

    0.298283    0.119313

     1.000000   0.00000000
   0.00000000     1.000000

Pb:cc-pV5Z-ccECP
ccECP cc-pV5Z for Pb | source recipes/Pb/ccECP/Pb.cc-pV5Z.gamess | ccECP from Omar Madany et al. Journal of Chemical Physics (2025) https://doi.org/10.1063/5.0285320

  6
    0    1    2    3    4    5
    5    5    4    3    2    1
   13   13    4    3    2    1

   21.238733   10.104348    4.807153    3.280508    2.287008
    1.088046    0.962933    0.517639    0.282651    0.246267
    0.117162    0.082967    0.055740

    -0.000276   0.00000000   0.00000000   0.00000000   0.00000000
     0.002393   0.00000000   0.00000000   0.00000000   0.00000000
    -0.022301   0.00000000   0.00000000   0.00000000   0.00000000
   0.00000000     1.000000   0.00000000   0.00000000   0.00000000
     0.183303   0.00000000   0.00000000   0.00000000   0.00000000
    -0.512042   0.00000000   0.00000000   0.00000000   0.00000000
   0.00000000   0.00000000     1.000000   0.00000000   0.00000000
    -0.124035   0.00000000   0.00000000   0.00000000   0.00000000
   0.00000000   0.00000000   0.00000000     1.000000   0.00000000
     0.637476   0.00000000   0.00000000   0.00000000   0.00000000
     0.540370   0.00000000   0.00000000   0.00000000   0.00000000
   0.00000000   0.00000000   0.00000000   0.00000000     1.000000
     0.137233   0.00000000   0.00000000   0.00000000   0.00000000

   13.638223    6.502885    4.678245    3.100662    1.478436
    1.073981    0.704938    0.336124    0.246553    0.160268
    0.076418    0.056601    0.036437

     0.000186   0.00000000   0.00000000   0.00000000   0.00000000
    -0.000808   0.00000000   0.00000000   0.00000000   0.00000000
   0.00000000     1.000000   0.00000000   0.00000000   0.00000000
     0.004782   0.00000000   0.00000000   0.00000000   0.00000000
     0.013837   0.00000000   0.00000000   0.00000000   0.00000000
   0.00000000   0.00000000     1.000000   0.00000000   0.00000000
    -0.126090   0.00000000   0.00000000   0.00000000   0.00000000
     0.152636   0.00000000   0.00000000   0.00000000   0.00000000
   0.00000000   0.00000000   0.00000000     1.000000   0.00000000
     0.439314   0.00000000   0.00000000   0.00000000   0.00000000
     0.411841   0.00000000   0.00000000   0.00000000   0.00000000
   0.00000000   0.00000000   0.00000000   0.00000000     1.000000
     0.164162   0.00000000   0.00000000   0.00000000   0.00000000

    0.655400    0.329705    0.165861    0.083438

     1.000000   0.00000000   0.00000000   0.00000000
   0.00000000     1.000000   0.00000000   0.00000000
   0.00000000   0.00000000     1.000000   0.00000000
   0.00000000   0.00000000   0.00000000     1.000000

    0.618634    0.299922    0.145406

     1.000000   0.00000000   0.00000000
   0.00000000     1.000000   0.00000000
   0.00000000   0.00000000     1.000000

    0.528734    0.258559

     1.000000   0.00000000
   0.00000000     1.000000

    0.463700

     1.000000

Pb:cc-pVDZ-ccECP
ccECP cc-pVDZ for Pb | source recipes/Pb/ccECP/Pb.cc-pVDZ.gamess | ccECP from Omar Madany et al. Journal of Chemical Physics (2025) https://doi.org/10.1063/5.0285320

  3
    0    1    2
    2    2    1
   10   10    1

   21.238733   10.104348    4.807153    2.287008    1.088046
    0.517639    0.246267    0.117162    0.055740    0.035259

    -0.000276   0.00000000
     0.002393   0.00000000
    -0.022301   0.00000000
     0.183303   0.00000000
    -0.512042   0.00000000
    -0.124035   0.00000000
     0.637476   0.00000000
     0.540370   0.00000000
     0.137233   0.00000000
   0.00000000     1.000000

   13.638223    6.502885    3.100662    1.478436    0.704938
    0.336124    0.160268    0.076418    0.059537    0.036437

     0.000186   0.00000000
    -0.000808   0.00000000
     0.004782   0.00000000
     0.013837   0.00000000
    -0.126090   0.00000000
     0.152636   0.00000000
     0.439314   0.00000000
     0.411841   0.00000000
   0.00000000     1.000000
     0.164162   0.00000000

    0.175881

     1.000000

Pb:cc-pVQZ-ccECP
ccECP cc-pVQZ for Pb | source recipes/Pb/ccECP/Pb.cc-pVQZ.gamess | ccECP from Omar Madany et al. Journal of Chemical Physics (2025) https://doi.org/10.1063/5.0285320

  5
    0    1    2    3    4
    4    4    3    2    1
   12   12    3    2    1

   21.238733   10.104348    4.807153    2.287008    1.296352
    1.088046    0.517639    0.335159    0.246267    0.117162
    0.086652    0.055740

    -0.000276   0.00000000   0.00000000   0.00000000
     0.002393   0.00000000   0.00000000   0.00000000
    -0.022301   0.00000000   0.00000000   0.00000000
     0.183303   0.00000000   0.00000000   0.00000000
   0.00000000     1.000000   0.00000000   0.00000000
    -0.512042   0.00000000   0.00000000   0.00000000
    -0.124035   0.00000000   0.00000000   0.00000000
   0.00000000   0.00000000     1.000000   0.00000000
     0.637476   0.00000000   0.00000000   0.00000000
     0.540370   0.00000000   0.00000000   0.00000000
   0.00000000   0.00000000   0.00000000     1.000000
     0.137233   0.00000000   0.00000000   0.00000000

   13.638223    6.502885    3.100662    1.478436    1.100984
    0.704938    0.336124    0.250270    0.160268    0.076418
    0.056890    0.036437

     0.000186   0.00000000   0.00000000   0.00000000
    -0.000808   0.00000000   0.00000000   0.00000000
     0.004782   0.00000000   0.00000000   0.00000000
     0.013837   0.00000000   0.00000000   0.00000000
   0.00000000     1.000000   0.00000000   0.00000000
    -0.126090   0.00000000   0.00000000   0.00000000
     0.152636   0.00000000   0.00000000   0.00000000
   0.00000000   0.00000000     1.000000   0.00000000
     0.439314   0.00000000   0.00000000   0.00000000
     0.411841   0.00000000   0.00000000   0.00000000
   0.00000000   0.00000000   0.00000000     1.000000
     0.164162   0.00000000   0.00000000   0.00000000

    0.587926    0.250994    0.107153

     1.000000   0.00000000   0.00000000
   0.00000000     1.000000   0.00000000
   0.00000000   0.00000000     1.000000

    0.459068    0.176098

     1.000000   0.00000000
   0.00000000     1.000000

    0.365964

     1.000000

Pb:cc-pVTZ-ccECP
ccECP cc-pVTZ for Pb | source recipes/Pb/ccECP/Pb.cc-pVTZ.gamess | ccECP from Omar Madany et al. Journal of Chemical Physics (2025) https://doi.org/10.1063/5.0285320

  4
    0    1    2    3
    3    3    2    1
   11   11    2    1

   21.238733   10.104348    4.807153    2.287008    1.088046
    0.517639    0.376469    0.246267    0.117162    0.090484
    0.055740

    -0.000276   0.00000000   0.00000000
     0.002393   0.00000000   0.00000000
    -0.022301   0.00000000   0.00000000
     0.183303   0.00000000   0.00000000
    -0.512042   0.00000000   0.00000000
    -0.124035   0.00000000   0.00000000
   0.00000000     1.000000   0.00000000
     0.637476   0.00000000   0.00000000
     0.540370   0.00000000   0.00000000
   0.00000000   0.00000000     1.000000
     0.137233   0.00000000   0.00000000

   13.638223    6.502885    3.100662    1.478436    0.704938
    0.336124    0.289935    0.160268    0.076418    0.060333
    0.036437

     0.000186   0.00000000   0.00000000
    -0.000808   0.00000000   0.00000000
     0.004782   0.00000000   0.00000000
     0.013837   0.00000000   0.00000000
    -0.126090   0.00000000   0.00000000
     0.152636   0.00000000   0.00000000
   0.00000000     1.000000   0.00000000
     0.439314   0.00000000   0.00000000
     0.411841   0.00000000   0.00000000
   0.00000000   0.00000000     1.000000
     0.164162   0.00000000   0.00000000

    0.235519    0.120570

     1.000000   0.00000000
   0.00000000     1.000000

    0.298283

     1.000000

