
C:aug-cc-pV5Z-ccECP
ccECP aug-cc-pV5Z for C | source recipes/C/ccECP/C.aug-cc-pV5Z.gamess | ccECP from Chandler Bennett et al. Journal of Chemical Physics 147, 224106 (2017) https://doi.org/10.1063/1.4995643

  6
    0    1    2    3    4    5
    6    6    5    4    3    2
   14   14    5    4    3    2

   13.073594    6.541187    4.573411    1.637494    1.009914
    0.819297    0.744448    0.409924    0.232034    0.231300
    0.102619    0.098302    0.051344    0.039321

    0.00515830    0.00000000    0.00000000    0.00000000    0.00000000
    0.00000000
    0.06034240    0.00000000    0.00000000    0.00000000    0.00000000
    0.00000000
   -0.19784710    0.00000000    0.00000000    0.00000000    0.00000000
    0.00000000
   -0.08103400    0.00000000    0.00000000    0.00000000    0.00000000
    0.00000000
    0.00000000    1.00000000    0.00000000    0.00000000    0.00000000
    0.00000000
    0.23217260    0.00000000    0.00000000    0.00000000    0.00000000
    0.00000000
    0.00000000    0.00000000    1.00000000    0.00000000    0.00000000
    0.00000000
    0.29146430    0.00000000    0.00000000    0.00000000    0.00000000
    0.00000000
    0.00000000    0.00000000    0.00000000    1.00000000    0.00000000
    0.00000000
    0.43364050    0.00000000    0.00000000    0.00000000    0.00000000
    0.00000000
    0.21319400    0.00000000    0.00000000    0.00000000    0.00000000
    0.00000000
    0.00000000    0.00000000    0.00000000    0.00000000    1.00000000
    0.00000000
    0.00498480    0.00000000    0.00000000    0.00000000    0.00000000
    0.00000000
    0.00000000    0.00000000    0.00000000    0.00000000    0.00000000
    1.00000000

    9.934169    3.886955    1.871016    1.006252    0.935757
    0.576869    0.468003    0.239473    0.216618    0.117063
    0.084047    0.058547    0.033619    0.029281

    0.02090760    0.00000000    0.00000000    0.00000000    0.00000000
    0.00000000
    0.05726980    0.00000000    0.00000000    0.00000000    0.00000000
    0.00000000
    0.11226820    0.00000000    0.00000000    0.00000000    0.00000000
    0.00000000
    0.00000000    1.00000000    0.00000000    0.00000000    0.00000000
    0.00000000
    0.21300820    0.00000000    0.00000000    0.00000000    0.00000000
    0.00000000
    0.00000000    0.00000000    1.00000000    0.00000000    0.00000000
    0.00000000
    0.28358150    0.00000000    0.00000000    0.00000000    0.00000000
    0.00000000
    0.30112070    0.00000000    0.00000000    0.00000000    0.00000000
    0.00000000
    0.00000000    0.00000000    0.00000000    1.00000000    0.00000000
    0.00000000
    0.20169340    0.00000000    0.00000000    0.00000000    0.00000000
    0.00000000
    0.00000000    0.00000000    0.00000000    0.00000000    1.00000000
    0.00000000
    0.04535750    0.00000000    0.00000000    0.00000000    0.00000000
    0.00000000
    0.00000000    0.00000000    0.00000000    0.00000000    0.00000000
    1.00000000
    0.00297750    0.00000000    0.00000000    0.00000000    0.00000000
    0.00000000

    1.504882    1.001526    0.606933    0.206619    0.082648

    1.00000000    0.00000000    0.00000000    0.00000000    0.00000000
    0.00000000    1.00000000    0.00000000    0.00000000    0.00000000
    0.00000000    0.00000000    1.00000000    0.00000000    0.00000000
    0.00000000    0.00000000    0.00000000    1.00000000    0.00000000
    0.00000000    0.00000000    0.00000000    0.00000000    1.00000000

    1.501091    1.099564    0.400573    0.160229

    1.00000000    0.00000000    0.00000000    0.00000000
    0.00000000    1.00000000    0.00000000    0.00000000
    0.00000000    0.00000000    1.00000000    0.00000000
    0.00000000    0.00000000    0.00000000    1.00000000

    1.401343    0.797648    0.319059

    1.00000000    0.00000000    0.00000000
    0.00000000    1.00000000    0.00000000
    0.00000000    0.00000000    1.00000000

    1.001703    0.400681

    1.00000000    0.00000000
    0.00000000    1.00000000

C:aug-cc-pV6Z-ccECP
ccECP aug-cc-pV6Z for C | source recipes/C/ccECP/C.aug-cc-pV6Z.gamess | ccECP from Chandler Bennett et al. Journal of Chemical Physics 147, 224106 (2017) https://doi.org/10.1063/1.4995643

  7
    0    1    2    3    4    5    6
    7    7    6    5    4    3    2
   15   15    6    5    4    3    2

   13.073594    6.541187    4.573411    4.510706    1.637494
    1.257512    0.819297    0.505925    0.409924    0.252653
    0.231300    0.102619    0.097183    0.051344    0.038873

    0.00515830    0.00000000    0.00000000    0.00000000    0.00000000
    0.00000000    0.00000000
    0.06034240    0.00000000    0.00000000    0.00000000    0.00000000
    0.00000000    0.00000000
   -0.19784710    0.00000000    0.00000000    0.00000000    0.00000000
    0.00000000    0.00000000
    0.00000000    1.00000000    0.00000000    0.00000000    0.00000000
    0.00000000    0.00000000
   -0.08103400    0.00000000    0.00000000    0.00000000    0.00000000
    0.00000000    0.00000000
    0.00000000    0.00000000    1.00000000    0.00000000    0.00000000
    0.00000000    0.00000000
    0.23217260    0.00000000    0.00000000    0.00000000    0.00000000
    0.00000000    0.00000000
    0.00000000    0.00000000    0.00000000    1.00000000    0.00000000
    0.00000000    0.00000000
    0.29146430    0.00000000    0.00000000    0.00000000    0.00000000
    0.00000000    0.00000000
    0.00000000    0.00000000    0.00000000    0.00000000    1.00000000
    0.00000000    0.00000000
    0.43364050    0.00000000    0.00000000    0.00000000    0.00000000
    0.00000000    0.00000000
    0.21319400    0.00000000    0.00000000    0.00000000    0.00000000
    0.00000000    0.00000000
    0.00000000    0.00000000    0.00000000    0.00000000    0.00000000
    1.00000000    0.00000000
    0.00498480    0.00000000    0.00000000    0.00000000    0.00000000
    0.00000000    0.00000000
    0.00000000    0.00000000    0.00000000    0.00000000    0.00000000
    0.00000000    1.00000000

    9.934169    3.886955    1.871016    1.394825    1.118776
    0.935757    0.468003    0.414159    0.239473    0.189484
    0.117063    0.077118    0.058547    0.030847    0.029281

    0.02090760    0.00000000    0.00000000    0.00000000    0.00000000
    0.00000000    0.00000000
    0.05726980    0.00000000    0.00000000    0.00000000    0.00000000
    0.00000000    0.00000000
    0.11226820    0.00000000    0.00000000    0.00000000    0.00000000
    0.00000000    0.00000000
    0.00000000    1.00000000    0.00000000    0.00000000    0.00000000
    0.00000000    0.00000000
    0.00000000    0.00000000    1.00000000    0.00000000    0.00000000
    0.00000000    0.00000000
    0.21300820    0.00000000    0.00000000    0.00000000    0.00000000
    0.00000000    0.00000000
    0.28358150    0.00000000    0.00000000    0.00000000    0.00000000
    0.00000000    0.00000000
    0.00000000    0.00000000    0.00000000    1.00000000    0.00000000
    0.00000000    0.00000000
    0.30112070    0.00000000    0.00000000    0.00000000    0.00000000
    0.00000000    0.00000000
    0.00000000    0.00000000    0.00000000    0.00000000    1.00000000
    0.00000000    0.00000000
    0.20169340    0.00000000    0.00000000    0.00000000    0.00000000
    0.00000000    0.00000000
    0.00000000    0.00000000    0.00000000    0.00000000    0.00000000
    1.00000000    0.00000000
    0.04535750    0.00000000    0.00000000    0.00000000    0.00000000
    0.00000000    0.00000000
    0.00000000    0.00000000    0.00000000    0.00000000    0.00000000
    0.00000000    1.00000000
    0.00297750    0.00000000    0.00000000    0.00000000    0.00000000
    0.00000000    0.00000000

    4.570118    1.896967    1.003440    0.444341    0.174421
    0.069768

    1.00000000    0.00000000    0.00000000    0.00000000    0.00000000
    0.00000000
    0.00000000    1.00000000    0.00000000    0.00000000    0.00000000
    0.00000000
    0.00000000    0.00000000    1.00000000    0.00000000    0.00000000
    0.00000000
    0.00000000    0.00000000    0.00000000    1.00000000    0.00000000
    0.00000000
    0.00000000    0.00000000    0.00000000    0.00000000    1.00000000
    0.00000000
    0.00000000    0.00000000    0.00000000    0.00000000    0.00000000
    1.00000000

    2.421007    1.341662    0.667529    0.281253    0.112501

    1.00000000    0.00000000    0.00000000    0.00000000    0.00000000
    0.00000000    1.00000000    0.00000000    0.00000000    0.00000000
    0.00000000    0.00000000    1.00000000    0.00000000    0.00000000
    0.00000000    0.00000000    0.00000000    1.00000000    0.00000000
    0.00000000    0.00000000    0.00000000    0.00000000    1.00000000

    2.358234    1.258225    0.544354    0.217742

    1.00000000    0.00000000    0.00000000    0.00000000
    0.00000000    1.00000000    0.00000000    0.00000000
    0.00000000    0.00000000    1.00000000    0.00000000
    0.00000000    0.00000000    0.00000000    1.00000000

    1.949404    0.860563    0.344225

    1.00000000    0.00000000    0.00000000
    0.00000000    1.00000000    0.00000000
    0.00000000    0.00000000    1.00000000

    1.478231    0.591292

    1.00000000    0.00000000
    0.00000000    1.00000000

C:aug-cc-pVDZ-ccECP
ccECP aug-cc-pVDZ for C | source recipes/C/ccECP/C.aug-cc-pVDZ.gamess | ccECP from Chandler Bennett et al. Journal of Chemical Physics 147, 224106 (2017) https://doi.org/10.1063/1.4995643

  3
    0    1    2
    3    3    2
   11   11    2

   13.073594    6.541187    4.573411    1.637494    0.819297
    0.409924    0.231300    0.127852    0.102619    0.051344
    0.051141

    0.00515830    0.00000000    0.00000000
    0.06034240    0.00000000    0.00000000
   -0.19784710    0.00000000    0.00000000
   -0.08103400    0.00000000    0.00000000
    0.23217260    0.00000000    0.00000000
    0.29146430    0.00000000    0.00000000
    0.43364050    0.00000000    0.00000000
    0.00000000    1.00000000    0.00000000
    0.21319400    0.00000000    0.00000000
    0.00498480    0.00000000    0.00000000
    0.00000000    0.00000000    1.00000000

    9.934169    3.886955    1.871016    0.935757    0.468003
    0.239473    0.149161    0.117063    0.059664    0.058547
    0.029281

    0.02090760    0.00000000    0.00000000
    0.05726980    0.00000000    0.00000000
    0.11226820    0.00000000    0.00000000
    0.21300820    0.00000000    0.00000000
    0.28358150    0.00000000    0.00000000
    0.30112070    0.00000000    0.00000000
    0.00000000    1.00000000    0.00000000
    0.20169340    0.00000000    0.00000000
    0.00000000    0.00000000    1.00000000
    0.04535750    0.00000000    0.00000000
    0.00297750    0.00000000    0.00000000

    0.561160    0.224464

    1.00000000    0.00000000
    0.00000000    1.00000000

C:aug-cc-pVQZ-ccECP
ccECP aug-cc-pVQZ for C | source recipes/C/ccECP/C.aug-cc-pVQZ.gamess | ccECP from Chandler Bennett et al. Journal of Chemical Physics 147, 224106 (2017) https://doi.org/10.1063/1.4995643

  5
    0    1    2    3    4
    5    5    4    3    2
   13   13    4    3    2

   13.073594    6.541187    4.573411    1.637494    0.846879
    0.819297    0.409924    0.269659    0.231300    0.109576
    0.102619    0.051344    0.043830

    0.00515830    0.00000000    0.00000000    0.00000000    0.00000000
    0.06034240    0.00000000    0.00000000    0.00000000    0.00000000
   -0.19784710    0.00000000    0.00000000    0.00000000    0.00000000
   -0.08103400    0.00000000    0.00000000    0.00000000    0.00000000
    0.00000000    1.00000000    0.00000000    0.00000000    0.00000000
    0.23217260    0.00000000    0.00000000    0.00000000    0.00000000
    0.29146430    0.00000000    0.00000000    0.00000000    0.00000000
    0.00000000    0.00000000    1.00000000    0.00000000    0.00000000
    0.43364050    0.00000000    0.00000000    0.00000000    0.00000000
    0.00000000    0.00000000    0.00000000    1.00000000    0.00000000
    0.21319400    0.00000000    0.00000000    0.00000000    0.00000000
    0.00498480    0.00000000    0.00000000    0.00000000    0.00000000
    0.00000000    0.00000000    0.00000000    0.00000000    1.00000000

    9.934169    3.886955    1.871016    0.935757    0.804681
    0.468003    0.313254    0.239473    0.117063    0.105389
    0.058547    0.042156    0.029281

    0.02090760    0.00000000    0.00000000    0.00000000    0.00000000
    0.05726980    0.00000000    0.00000000    0.00000000    0.00000000
    0.11226820    0.00000000    0.00000000    0.00000000    0.00000000
    0.21300820    0.00000000    0.00000000    0.00000000    0.00000000
    0.00000000    1.00000000    0.00000000    0.00000000    0.00000000
    0.28358150    0.00000000    0.00000000    0.00000000    0.00000000
    0.00000000    0.00000000    1.00000000    0.00000000    0.00000000
    0.30112070    0.00000000    0.00000000    0.00000000    0.00000000
    0.20169340    0.00000000    0.00000000    0.00000000    0.00000000
    0.00000000    0.00000000    0.00000000    1.00000000    0.00000000
    0.04535750    0.00000000    0.00000000    0.00000000    0.00000000
    0.00000000    0.00000000    0.00000000    0.00000000    1.00000000
    0.00297750    0.00000000    0.00000000    0.00000000    0.00000000

    2.013760    0.684884    0.240171    0.096069

    1.00000000    0.00000000    0.00000000    0.00000000
    0.00000000    1.00000000    0.00000000    0.00000000
    0.00000000    0.00000000    1.00000000    0.00000000
    0.00000000    0.00000000    0.00000000    1.00000000

    1.324930    0.457302    0.182920

    1.00000000    0.00000000    0.00000000
    0.00000000    1.00000000    0.00000000
    0.00000000    0.00000000    1.00000000

    1.034180    0.413672

    1.00000000    0.00000000
    0.00000000    1.00000000

C:aug-cc-pVTZ-ccECP
ccECP aug-cc-pVTZ for C | source recipes/C/ccECP/C.aug-cc-pVTZ.gamess | ccECP from Chandler Bennett et al. Journal of Chemical Physics 147, 224106 (2017) https://doi.org/10.1063/1.4995643

  4
    0    1    2    3
    4    4    3    2
   12   12    3    2

   13.073594    6.541187    4.573411    1.637494    0.921552
    0.819297    0.409924    0.231300    0.132800    0.102619
    0.053120    0.051344

    0.00515830    0.00000000    0.00000000    0.00000000
    0.06034240    0.00000000    0.00000000    0.00000000
   -0.19784710    0.00000000    0.00000000    0.00000000
   -0.08103400    0.00000000    0.00000000    0.00000000
    0.00000000    1.00000000    0.00000000    0.00000000
    0.23217260    0.00000000    0.00000000    0.00000000
    0.29146430    0.00000000    0.00000000    0.00000000
    0.43364050    0.00000000    0.00000000    0.00000000
    0.00000000    0.00000000    1.00000000    0.00000000
    0.21319400    0.00000000    0.00000000    0.00000000
    0.00000000    0.00000000    0.00000000    1.00000000
    0.00498480    0.00000000    0.00000000    0.00000000

    9.934169    3.886955    1.871016    0.935757    0.468003
    0.376742    0.239473    0.126772    0.117063    0.058547
    0.050709    0.029281

    0.02090760    0.00000000    0.00000000    0.00000000
    0.05726980    0.00000000    0.00000000    0.00000000
    0.11226820    0.00000000    0.00000000    0.00000000
    0.21300820    0.00000000    0.00000000    0.00000000
    0.28358150    0.00000000    0.00000000    0.00000000
    0.00000000    1.00000000    0.00000000    0.00000000
    0.30112070    0.00000000    0.00000000    0.00000000
    0.00000000    0.00000000    1.00000000    0.00000000
    0.20169340    0.00000000    0.00000000    0.00000000
    0.04535750    0.00000000    0.00000000    0.00000000
    0.00000000    0.00000000    0.00000000    1.00000000
    0.00297750    0.00000000    0.00000000    0.00000000

    1.141611    0.329486    0.131794

    1.00000000    0.00000000    0.00000000
    0.00000000    1.00000000    0.00000000
    0.00000000    0.00000000    1.00000000

    0.773485    0.309394

    1.00000000    0.00000000
    0.00000000    1.00000000

C:cc-pV5Z-ccECP
ccECP cc-pV5Z for C | source recipes/C/ccECP/C.cc-pV5Z.gamess | ccECP from Chandler Bennett et al. Journal of Chemical Physics 147, 224106 (2017) https://doi.org/10.1063/1.4995643

  6
    0    1    2    3    4    5
    5    5    4    3    2    1
   13   13    4    3    2    1

   13.073594    6.541187    4.573411    1.637494    1.009914
    0.819297    0.744448    0.409924    0.232034    0.231300
    0.102619    0.098302    0.051344

    0.0051583   0.00000000   0.00000000   0.00000000   0.00000000
    0.0603424   0.00000000   0.00000000   0.00000000   0.00000000
   -0.1978471   0.00000000   0.00000000   0.00000000   0.00000000
   -0.0810340   0.00000000   0.00000000   0.00000000   0.00000000
   0.00000000   0.00000000   0.00000000   0.00000000     1.000000
    0.2321726   0.00000000   0.00000000   0.00000000   0.00000000
   0.00000000   0.00000000   0.00000000     1.000000   0.00000000
    0.2914643   0.00000000   0.00000000   0.00000000   0.00000000
   0.00000000   0.00000000     1.000000   0.00000000   0.00000000
    0.4336405   0.00000000   0.00000000   0.00000000   0.00000000
    0.2131940   0.00000000   0.00000000   0.00000000   0.00000000
   0.00000000     1.000000   0.00000000   0.00000000   0.00000000
    0.0049848   0.00000000   0.00000000   0.00000000   0.00000000

    9.934169    3.886955    1.871016    1.006252    0.935757
    0.576869    0.468003    0.239473    0.216618    0.117063
    0.084047    0.058547    0.029281

    0.0209076   0.00000000   0.00000000   0.00000000   0.00000000
    0.0572698   0.00000000   0.00000000   0.00000000   0.00000000
    0.1122682   0.00000000   0.00000000   0.00000000   0.00000000
   0.00000000   0.00000000   0.00000000   0.00000000     1.000000
    0.2130082   0.00000000   0.00000000   0.00000000   0.00000000
   0.00000000   0.00000000   0.00000000     1.000000   0.00000000
    0.2835815   0.00000000   0.00000000   0.00000000   0.00000000
    0.3011207   0.00000000   0.00000000   0.00000000   0.00000000
   0.00000000   0.00000000     1.000000   0.00000000   0.00000000
    0.2016934   0.00000000   0.00000000   0.00000000   0.00000000
   0.00000000     1.000000   0.00000000   0.00000000   0.00000000
    0.0453575   0.00000000   0.00000000   0.00000000   0.00000000
    0.0029775   0.00000000   0.00000000   0.00000000   0.00000000

    1.504882    1.001526    0.606933    0.206619

   0.00000000   0.00000000   0.00000000     1.000000
   0.00000000   0.00000000     1.000000   0.00000000
   0.00000000     1.000000   0.00000000   0.00000000
     1.000000   0.00000000   0.00000000   0.00000000

    1.501091    1.099564    0.400573

   0.00000000   0.00000000     1.000000
   0.00000000     1.000000   0.00000000
     1.000000   0.00000000   0.00000000

    1.401343    0.797648

   0.00000000     1.000000
     1.000000   0.00000000

    1.001703

     1.000000

C:cc-pV6Z-ccECP
ccECP cc-pV6Z for C | source recipes/C/ccECP/C.cc-pV6Z.gamess | ccECP from Chandler Bennett et al. Journal of Chemical Physics 147, 224106 (2017) https://doi.org/10.1063/1.4995643

  7
    0    1    2    3    4    5    6
    6    6    5    4    3    2    1
   14   14    5    4    3    2    1

   13.073594    6.541187    4.573411    4.510706    1.637494
    1.257512    0.819297    0.505925    0.409924    0.252653
    0.231300    0.102619    0.097183    0.051344

    0.00515830    0.00000000    0.00000000    0.00000000    0.00000000
    0.00000000
    0.06034240    0.00000000    0.00000000    0.00000000    0.00000000
    0.00000000
   -0.19784710    0.00000000    0.00000000    0.00000000    0.00000000
    0.00000000
    0.00000000    1.00000000    0.00000000    0.00000000    0.00000000
    0.00000000
   -0.08103400    0.00000000    0.00000000    0.00000000    0.00000000
    0.00000000
    0.00000000    0.00000000    1.00000000    0.00000000    0.00000000
    0.00000000
    0.23217260    0.00000000    0.00000000    0.00000000    0.00000000
    0.00000000
    0.00000000    0.00000000    0.00000000    1.00000000    0.00000000
    0.00000000
    0.29146430    0.00000000    0.00000000    0.00000000    0.00000000
    0.00000000
    0.00000000    0.00000000    0.00000000    0.00000000    1.00000000
    0.00000000
    0.43364050    0.00000000    0.00000000    0.00000000    0.00000000
    0.00000000
    0.21319400    0.00000000    0.00000000    0.00000000    0.00000000
    0.00000000
    0.00000000    0.00000000    0.00000000    0.00000000    0.00000000
    1.00000000
    0.00498480    0.00000000    0.00000000    0.00000000    0.00000000
    0.00000000

    9.934169    3.886955    1.871016    1.394825    1.118776
    0.935757    0.468003    0.414159    0.239473    0.189484
    0.117063    0.077118    0.058547    0.029281

    0.02090760    0.00000000    0.00000000    0.00000000    0.00000000
    0.00000000
    0.05726980    0.00000000    0.00000000    0.00000000    0.00000000
    0.00000000
    0.11226820    0.00000000    0.00000000    0.00000000    0.00000000
    0.00000000
    0.00000000    1.00000000    0.00000000    0.00000000    0.00000000
    0.00000000
    0.00000000    0.00000000    1.00000000    0.00000000    0.00000000
    0.00000000
    0.21300820    0.00000000    0.00000000    0.00000000    0.00000000
    0.00000000
    0.28358150    0.00000000    0.00000000    0.00000000    0.00000000
    0.00000000
    0.00000000    0.00000000    0.00000000    1.00000000    0.00000000
    0.00000000
    0.30112070    0.00000000    0.00000000    0.00000000    0.00000000
    0.00000000
    0.00000000    0.00000000    0.00000000    0.00000000    1.00000000
    0.00000000
    0.20169340    0.00000000    0.00000000    0.00000000    0.00000000
    0.00000000
    0.00000000    0.00000000    0.00000000    0.00000000    0.00000000
    1.00000000
    0.04535750    0.00000000    0.00000000    0.00000000    0.00000000
    0.00000000
    0.00297750    0.00000000    0.00000000    0.00000000    0.00000000
    0.00000000

    4.570118    1.896967    1.003440    0.444341    0.174421

    1.00000000    0.00000000    0.00000000    0.00000000    0.00000000
    0.00000000    1.00000000    0.00000000    0.00000000    0.00000000
    0.00000000    0.00000000    1.00000000    0.00000000    0.00000000
    0.00000000    0.00000000    0.00000000    1.00000000    0.00000000
    0.00000000    0.00000000    0.00000000    0.00000000    1.00000000

    2.421007    1.341662    0.667529    0.281253

    1.00000000    0.00000000    0.00000000    0.00000000
    0.00000000    1.00000000    0.00000000    0.00000000
    0.00000000    0.00000000    1.00000000    0.00000000
    0.00000000    0.00000000    0.00000000    1.00000000

    2.358234    1.258225    0.544354

    1.00000000    0.00000000    0.00000000
    0.00000000    1.00000000    0.00000000
    0.00000000    0.00000000    1.00000000

    1.949404    0.860563

    1.00000000    0.00000000
    0.00000000    1.00000000

    1.478231

    1.00000000

C:cc-pVDZ-ccECP
ccECP cc-pVDZ for C | source recipes/C/ccECP/C.cc-pVDZ.gamess | ccECP from Chandler Bennett et al. Journal of Chemical Physics 147, 224106 (2017) https://doi.org/10.1063/1.4995643

  3
    0    1    2
    2    2    1
   10   10    1

   13.073594    6.541187    4.573411    1.637494    0.819297
    0.409924    0.231300    0.127852    0.102619    0.051344

    0.0051583   0.00000000
    0.0603424   0.00000000
   -0.1978471   0.00000000
   -0.0810340   0.00000000
    0.2321726   0.00000000
    0.2914643   0.00000000
    0.4336405   0.00000000
   0.00000000     1.000000
    0.2131940   0.00000000
    0.0049848   0.00000000

    9.934169    3.886955    1.871016    0.935757    0.468003
    0.239473    0.149161    0.117063    0.058547    0.029281

    0.0209076   0.00000000
    0.0572698   0.00000000
    0.1122682   0.00000000
    0.2130082   0.00000000
    0.2835815   0.00000000
    0.3011207   0.00000000
   0.00000000     1.000000
    0.2016934   0.00000000
    0.0453575   0.00000000
    0.0029775   0.00000000

    0.561160

     1.000000

C:cc-pVQZ-ccECP
ccECP cc-pVQZ for C | source recipes/C/ccECP/C.cc-pVQZ.gamess | ccECP from Chandler Bennett et al. Journal of Chemical Physics 147, 224106 (2017) https://doi.org/10.1063/1.4995643

  5
    0    1    2    3    4
    4    4    3    2    1
   12   12    3    2    1

   13.073594    6.541187    4.573411    1.637494    0.846879
    0.819297    0.409924    0.269659    0.231300    0.109576
    0.102619    0.051344

    0.0051583   0.00000000   0.00000000   0.00000000
    0.0603424   0.00000000   0.00000000   0.00000000
   -0.1978471   0.00000000   0.00000000   0.00000000
   -0.0810340   0.00000000   0.00000000   0.00000000
   0.00000000     1.000000   0.00000000   0.00000000
    0.2321726   0.00000000   0.00000000   0.00000000
    0.2914643   0.00000000   0.00000000   0.00000000
   0.00000000   0.00000000     1.000000   0.00000000
    0.4336405   0.00000000   0.00000000   0.00000000
   0.00000000   0.00000000   0.00000000     1.000000
    0.2131940   0.00000000   0.00000000   0.00000000
    0.0049848   0.00000000   0.00000000   0.00000000

    9.934169    3.886955    1.871016    0.935757    0.804681
    0.468003    0.313254    0.239473    0.117063    0.105389
    0.058547    0.029281

    0.0209076   0.00000000   0.00000000   0.00000000
    0.0572698   0.00000000   0.00000000   0.00000000
    0.1122682   0.00000000   0.00000000   0.00000000
    0.2130082   0.00000000   0.00000000   0.00000000
   0.00000000     1.000000   0.00000000   0.00000000
    0.2835815   0.00000000   0.00000000   0.00000000
   0.00000000   0.00000000     1.000000   0.00000000
    0.3011207   0.00000000   0.00000000   0.00000000
    0.2016934   0.00000000   0.00000000   0.00000000
   0.00000000   0.00000000   0.00000000     1.000000
    0.0453575   0.00000000   0.00000000   0.00000000
    0.0029775   0.00000000   0.00000000   0.00000000

    2.013760    0.684884    0.240171

     1.000000   0.00000000   0.00000000
   0.00000000     1.000000   0.00000000
   0.00000000   0.00000000     1.000000

    1.324930    0.457302

   0.00000000     1.000000
     1.000000   0.00000000

    1.034180

     1.000000

C:cc-pVTZ-ccECP
ccECP cc-pVTZ for C | source recipes/C/ccECP/C.cc-pVTZ.gamess | ccECP from Chandler Bennett et al. Journal of Chemical Physics 147, 224106 (2017) https://doi.org/10.1063/1.4995643

  4
    0    1    2    3
    3    3    2    1
   11   11    2    1

   13.073594    6.541187    4.573411    1.637494    0.921552
    0.819297    0.409924    0.231300    0.132800    0.102619
    0.051344

    0.0051583   0.00000000   0.00000000
    0.0603424   0.00000000   0.00000000
   -0.1978471   0.00000000   0.00000000
   -0.0810340   0.00000000   0.00000000
   0.00000000     1.000000   0.00000000
    0.2321726   0.00000000   0.00000000
    0.2914643   0.00000000   0.00000000
    0.4336405   0.00000000   0.00000000
   0.00000000   0.00000000     1.000000
    0.2131940   0.00000000   0.00000000
    0.0049848   0.00000000   0.00000000

    9.934169    3.886955    1.871016    0.935757    0.468003
    0.376742    0.239473    0.126772    0.117063    0.058547
    0.029281

    0.0209076   0.00000000   0.00000000
    0.0572698   0.00000000   0.00000000
    0.1122682   0.00000000   0.00000000
    0.2130082   0.00000000   0.00000000
    0.2835815   0.00000000   0.00000000
   0.00000000     1.000000   0.00000000
    0.3011207   0.00000000   0.00000000
   0.00000000   0.00000000     1.000000
    0.2016934   0.00000000   0.00000000
    0.0453575   0.00000000   0.00000000
    0.0029775   0.00000000   0.00000000

    1.141611    0.329486

     1.000000   0.00000000
   0.00000000     1.000000

    0.773485

     1.000000

