
Sb:aug-cc-pV5Z-ccECP
ccECP aug-cc-pV5Z for Sb | source recipes/Sb/ccECP/Sb.aug-cc-pV5Z.gamess | ccECP from Omar Madany et al. Journal of Chemical Physics (2025) https://doi.org/10.1063/5.0285320

  6
    0    1    2    3    4    5
    6    6    5    4    3    2
   15   15    5    4    3    2

   59.318821   28.057158   13.270731    6.276912    2.968911
    1.404263    1.055271    0.664201    0.459753    0.314160
    0.200302    0.148594    0.087266    0.070283    0.034906

     0.000230   0.00000000   0.00000000   0.00000000   0.00000000   0.00000000
    -0.001380   0.00000000   0.00000000   0.00000000   0.00000000   0.00000000
     0.006420   0.00000000   0.00000000   0.00000000   0.00000000   0.00000000
    -0.037940   0.00000000   0.00000000   0.00000000   0.00000000   0.00000000
     0.216470   0.00000000   0.00000000   0.00000000   0.00000000   0.00000000
    -0.485420   0.00000000   0.00000000   0.00000000   0.00000000   0.00000000
   0.00000000     1.000000   0.00000000   0.00000000   0.00000000   0.00000000
    -0.150970   0.00000000   0.00000000   0.00000000   0.00000000   0.00000000
   0.00000000   0.00000000     1.000000   0.00000000   0.00000000   0.00000000
     0.452500   0.00000000   0.00000000   0.00000000   0.00000000   0.00000000
   0.00000000   0.00000000   0.00000000     1.000000   0.00000000   0.00000000
     0.608870   0.00000000   0.00000000   0.00000000   0.00000000   0.00000000
   0.00000000   0.00000000   0.00000000   0.00000000     1.000000   0.00000000
     0.234140   0.00000000   0.00000000   0.00000000   0.00000000   0.00000000
   0.00000000   0.00000000   0.00000000   0.00000000   0.00000000     1.000000

   25.376438   12.389567    6.048973    2.953297    1.441892
    1.168902    0.703976    0.454520    0.343703    0.176737
    0.167807    0.081928    0.068723    0.040000    0.027489

    -0.000060   0.00000000   0.00000000   0.00000000   0.00000000   0.00000000
     0.000470   0.00000000   0.00000000   0.00000000   0.00000000   0.00000000
    -0.004180   0.00000000   0.00000000   0.00000000   0.00000000   0.00000000
     0.040450   0.00000000   0.00000000   0.00000000   0.00000000   0.00000000
    -0.152720   0.00000000   0.00000000   0.00000000   0.00000000   0.00000000
   0.00000000     1.000000   0.00000000   0.00000000   0.00000000   0.00000000
    -0.029100   0.00000000   0.00000000   0.00000000   0.00000000   0.00000000
   0.00000000   0.00000000     1.000000   0.00000000   0.00000000   0.00000000
     0.275100   0.00000000   0.00000000   0.00000000   0.00000000   0.00000000
   0.00000000   0.00000000   0.00000000     1.000000   0.00000000   0.00000000
     0.466930   0.00000000   0.00000000   0.00000000   0.00000000   0.00000000
     0.336630   0.00000000   0.00000000   0.00000000   0.00000000   0.00000000
   0.00000000   0.00000000   0.00000000   0.00000000     1.000000   0.00000000
     0.079850   0.00000000   0.00000000   0.00000000   0.00000000   0.00000000
   0.00000000   0.00000000   0.00000000   0.00000000   0.00000000     1.000000

    0.833607    0.418100    0.209700    0.105176    0.042070

     1.000000   0.00000000   0.00000000   0.00000000   0.00000000
   0.00000000     1.000000   0.00000000   0.00000000   0.00000000
   0.00000000   0.00000000     1.000000   0.00000000   0.00000000
   0.00000000   0.00000000   0.00000000     1.000000   0.00000000
   0.00000000   0.00000000   0.00000000   0.00000000     1.000000

    0.583136    0.297735    0.152016    0.060806

     1.000000   0.00000000   0.00000000   0.00000000
   0.00000000     1.000000   0.00000000   0.00000000
   0.00000000   0.00000000     1.000000   0.00000000
   0.00000000   0.00000000   0.00000000     1.000000

    0.600192    0.281869    0.112748

     1.000000   0.00000000   0.00000000
   0.00000000     1.000000   0.00000000
   0.00000000   0.00000000     1.000000

    0.510132    0.204053

     1.000000   0.00000000
   0.00000000     1.000000

Sb:aug-cc-pV6Z-ccECP
ccECP aug-cc-pV6Z for Sb | source recipes/Sb/ccECP/Sb.aug-cc-pV6Z.gamess | ccECP from Omar Madany et al. Journal of Chemical Physics (2025) https://doi.org/10.1063/5.0285320

  7
    0    1    2    3    4    5    6
    7    7    6    5    4    3    2
   16   16    6    5    4    3    2

   59.318821   28.057158   13.270731    6.276912    2.968911
    1.404263    1.345046    0.671777    0.664201    0.335516
    0.314160    0.167572    0.148594    0.083693    0.070283
    0.033477

     0.000230   0.00000000   0.00000000   0.00000000   0.00000000   0.00000000
   0.00000000
    -0.001380   0.00000000   0.00000000   0.00000000   0.00000000   0.00000000
   0.00000000
     0.006420   0.00000000   0.00000000   0.00000000   0.00000000   0.00000000
   0.00000000
    -0.037940   0.00000000   0.00000000   0.00000000   0.00000000   0.00000000
   0.00000000
     0.216470   0.00000000   0.00000000   0.00000000   0.00000000   0.00000000
   0.00000000
    -0.485420   0.00000000   0.00000000   0.00000000   0.00000000   0.00000000
   0.00000000
   0.00000000     1.000000   0.00000000   0.00000000   0.00000000   0.00000000
   0.00000000
   0.00000000   0.00000000     1.000000   0.00000000   0.00000000   0.00000000
   0.00000000
    -0.150970   0.00000000   0.00000000   0.00000000   0.00000000   0.00000000
   0.00000000
   0.00000000   0.00000000   0.00000000     1.000000   0.00000000   0.00000000
   0.00000000
     0.452500   0.00000000   0.00000000   0.00000000   0.00000000   0.00000000
   0.00000000
   0.00000000   0.00000000   0.00000000   0.00000000     1.000000   0.00000000
   0.00000000
     0.608870   0.00000000   0.00000000   0.00000000   0.00000000   0.00000000
   0.00000000
   0.00000000   0.00000000   0.00000000   0.00000000   0.00000000     1.000000
   0.00000000
     0.234140   0.00000000   0.00000000   0.00000000   0.00000000   0.00000000
   0.00000000
   0.00000000   0.00000000   0.00000000   0.00000000   0.00000000   0.00000000
     1.000000

   25.376438   12.389567    6.048973    2.953297    1.479038
    1.441892    0.703976    0.652176    0.343703    0.287574
    0.167807    0.126805    0.081928    0.055914    0.040000
    0.022366

    -0.000060   0.00000000   0.00000000   0.00000000   0.00000000   0.00000000
   0.00000000
     0.000470   0.00000000   0.00000000   0.00000000   0.00000000   0.00000000
   0.00000000
    -0.004180   0.00000000   0.00000000   0.00000000   0.00000000   0.00000000
   0.00000000
     0.040450   0.00000000   0.00000000   0.00000000   0.00000000   0.00000000
   0.00000000
   0.00000000     1.000000   0.00000000   0.00000000   0.00000000   0.00000000
   0.00000000
    -0.152720   0.00000000   0.00000000   0.00000000   0.00000000   0.00000000
   0.00000000
    -0.029100   0.00000000   0.00000000   0.00000000   0.00000000   0.00000000
   0.00000000
   0.00000000   0.00000000     1.000000   0.00000000   0.00000000   0.00000000
   0.00000000
     0.275100   0.00000000   0.00000000   0.00000000   0.00000000   0.00000000
   0.00000000
   0.00000000   0.00000000   0.00000000     1.000000   0.00000000   0.00000000
   0.00000000
     0.466930   0.00000000   0.00000000   0.00000000   0.00000000   0.00000000
   0.00000000
   0.00000000   0.00000000   0.00000000   0.00000000     1.000000   0.00000000
   0.00000000
     0.336630   0.00000000   0.00000000   0.00000000   0.00000000   0.00000000
   0.00000000
   0.00000000   0.00000000   0.00000000   0.00000000   0.00000000     1.000000
   0.00000000
     0.079850   0.00000000   0.00000000   0.00000000   0.00000000   0.00000000
   0.00000000
   0.00000000   0.00000000   0.00000000   0.00000000   0.00000000   0.00000000
     1.000000

    1.661883    0.821523    0.406106    0.200751    0.099238
    0.039695

     1.000000   0.00000000   0.00000000   0.00000000   0.00000000   0.00000000
   0.00000000     1.000000   0.00000000   0.00000000   0.00000000   0.00000000
   0.00000000   0.00000000     1.000000   0.00000000   0.00000000   0.00000000
   0.00000000   0.00000000   0.00000000     1.000000   0.00000000   0.00000000
   0.00000000   0.00000000   0.00000000   0.00000000     1.000000   0.00000000
   0.00000000   0.00000000   0.00000000   0.00000000   0.00000000     1.000000

    0.731873    0.424959    0.246751    0.143275    0.057310

     1.000000   0.00000000   0.00000000   0.00000000   0.00000000
   0.00000000     1.000000   0.00000000   0.00000000   0.00000000
   0.00000000   0.00000000     1.000000   0.00000000   0.00000000
   0.00000000   0.00000000   0.00000000     1.000000   0.00000000
   0.00000000   0.00000000   0.00000000   0.00000000     1.000000

    0.750621    0.423313    0.238728    0.095491

     1.000000   0.00000000   0.00000000   0.00000000
   0.00000000     1.000000   0.00000000   0.00000000
   0.00000000   0.00000000     1.000000   0.00000000
   0.00000000   0.00000000   0.00000000     1.000000

    0.722393    0.382958    0.153183

     1.000000   0.00000000   0.00000000
   0.00000000     1.000000   0.00000000
   0.00000000   0.00000000     1.000000

    0.619358    0.247743

     1.000000   0.00000000
   0.00000000     1.000000

Sb:aug-cc-pVDZ-ccECP
ccECP aug-cc-pVDZ for Sb | source recipes/Sb/ccECP/Sb.aug-cc-pVDZ.gamess | ccECP from Omar Madany et al. Journal of Chemical Physics (2025) https://doi.org/10.1063/5.0285320

  3
    0    1    2
    3    3    2
   12   12    2

   59.318821   28.057158   13.270731    6.276912    2.968911
    1.404263    0.664201    0.314160    0.148594    0.070283
    0.039874    0.015950

     0.000230   0.00000000   0.00000000
    -0.001380   0.00000000   0.00000000
     0.006420   0.00000000   0.00000000
    -0.037940   0.00000000   0.00000000
     0.216470   0.00000000   0.00000000
    -0.485420   0.00000000   0.00000000
    -0.150970   0.00000000   0.00000000
     0.452500   0.00000000   0.00000000
     0.608870   0.00000000   0.00000000
     0.234140   0.00000000   0.00000000
   0.00000000     1.000000   0.00000000
   0.00000000   0.00000000     1.000000

   25.376438   12.389567    6.048973    2.953297    1.441892
    0.703976    0.343703    0.167807    0.081928    0.073502
    0.040000    0.029401

    -0.000060   0.00000000   0.00000000
     0.000470   0.00000000   0.00000000
    -0.004180   0.00000000   0.00000000
     0.040450   0.00000000   0.00000000
    -0.152720   0.00000000   0.00000000
    -0.029100   0.00000000   0.00000000
     0.275100   0.00000000   0.00000000
     0.466930   0.00000000   0.00000000
     0.336630   0.00000000   0.00000000
   0.00000000     1.000000   0.00000000
     0.079850   0.00000000   0.00000000
   0.00000000   0.00000000     1.000000

    0.215642    0.086257

     1.000000   0.00000000
   0.00000000     1.000000

Sb:aug-cc-pVQZ-ccECP
ccECP aug-cc-pVQZ for Sb | source recipes/Sb/ccECP/Sb.aug-cc-pVQZ.gamess | ccECP from Omar Madany et al. Journal of Chemical Physics (2025) https://doi.org/10.1063/5.0285320

  5
    0    1    2    3    4
    5    5    4    3    2
   14   14    4    3    2

   59.318821   28.057158   13.270731    6.276912    2.968911
    1.404263    0.664201    0.385626    0.314160    0.182344
    0.148594    0.086222    0.070283    0.034489

     0.000230   0.00000000   0.00000000   0.00000000   0.00000000
    -0.001380   0.00000000   0.00000000   0.00000000   0.00000000
     0.006420   0.00000000   0.00000000   0.00000000   0.00000000
    -0.037940   0.00000000   0.00000000   0.00000000   0.00000000
     0.216470   0.00000000   0.00000000   0.00000000   0.00000000
    -0.485420   0.00000000   0.00000000   0.00000000   0.00000000
    -0.150970   0.00000000   0.00000000   0.00000000   0.00000000
   0.00000000     1.000000   0.00000000   0.00000000   0.00000000
     0.452500   0.00000000   0.00000000   0.00000000   0.00000000
   0.00000000   0.00000000     1.000000   0.00000000   0.00000000
     0.608870   0.00000000   0.00000000   0.00000000   0.00000000
   0.00000000   0.00000000   0.00000000     1.000000   0.00000000
     0.234140   0.00000000   0.00000000   0.00000000   0.00000000
   0.00000000   0.00000000   0.00000000   0.00000000     1.000000

   25.376438   12.389567    6.048973    2.953297    1.441892
    0.703976    0.432127    0.343703    0.171292    0.167807
    0.081928    0.067899    0.040000    0.027160

    -0.000060   0.00000000   0.00000000   0.00000000   0.00000000
     0.000470   0.00000000   0.00000000   0.00000000   0.00000000
    -0.004180   0.00000000   0.00000000   0.00000000   0.00000000
     0.040450   0.00000000   0.00000000   0.00000000   0.00000000
    -0.152720   0.00000000   0.00000000   0.00000000   0.00000000
    -0.029100   0.00000000   0.00000000   0.00000000   0.00000000
   0.00000000     1.000000   0.00000000   0.00000000   0.00000000
     0.275100   0.00000000   0.00000000   0.00000000   0.00000000
   0.00000000   0.00000000     1.000000   0.00000000   0.00000000
     0.466930   0.00000000   0.00000000   0.00000000   0.00000000
     0.336630   0.00000000   0.00000000   0.00000000   0.00000000
   0.00000000   0.00000000   0.00000000     1.000000   0.00000000
     0.079850   0.00000000   0.00000000   0.00000000   0.00000000
   0.00000000   0.00000000   0.00000000   0.00000000     1.000000

    0.811197    0.331801    0.135715    0.054286

     1.000000   0.00000000   0.00000000   0.00000000
   0.00000000     1.000000   0.00000000   0.00000000
   0.00000000   0.00000000     1.000000   0.00000000
   0.00000000   0.00000000   0.00000000     1.000000

    0.469760    0.197999    0.079200

     1.000000   0.00000000   0.00000000
   0.00000000     1.000000   0.00000000
   0.00000000   0.00000000     1.000000

    0.414374    0.165750

     1.000000   0.00000000
   0.00000000     1.000000

Sb:aug-cc-pVTZ-ccECP
ccECP aug-cc-pVTZ for Sb | source recipes/Sb/ccECP/Sb.aug-cc-pVTZ.gamess | ccECP from Omar Madany et al. Journal of Chemical Physics (2025) https://doi.org/10.1063/5.0285320

  4
    0    1    2    3
    4    4    3    2
   13   13    3    2

   59.318821   28.057158   13.270731    6.276912    2.968911
    1.404263    0.664201    0.400322    0.314160    0.148594
    0.096016    0.070283    0.038406

     0.000230   0.00000000   0.00000000   0.00000000
    -0.001380   0.00000000   0.00000000   0.00000000
     0.006420   0.00000000   0.00000000   0.00000000
    -0.037940   0.00000000   0.00000000   0.00000000
     0.216470   0.00000000   0.00000000   0.00000000
    -0.485420   0.00000000   0.00000000   0.00000000
    -0.150970   0.00000000   0.00000000   0.00000000
   0.00000000     1.000000   0.00000000   0.00000000
     0.452500   0.00000000   0.00000000   0.00000000
     0.608870   0.00000000   0.00000000   0.00000000
   0.00000000   0.00000000     1.000000   0.00000000
     0.234140   0.00000000   0.00000000   0.00000000
   0.00000000   0.00000000   0.00000000     1.000000

   25.376438   12.389567    6.048973    2.953297    1.441892
    1.099312    0.703976    0.343703    0.296380    0.167807
    0.118552    0.081928    0.040000

    -0.000060   0.00000000   0.00000000   0.00000000
     0.000470   0.00000000   0.00000000   0.00000000
    -0.004180   0.00000000   0.00000000   0.00000000
     0.040450   0.00000000   0.00000000   0.00000000
    -0.152720   0.00000000   0.00000000   0.00000000
   0.00000000     1.000000   0.00000000   0.00000000
    -0.029100   0.00000000   0.00000000   0.00000000
     0.275100   0.00000000   0.00000000   0.00000000
   0.00000000   0.00000000     1.000000   0.00000000
     0.466930   0.00000000   0.00000000   0.00000000
   0.00000000   0.00000000   0.00000000     1.000000
     0.336630   0.00000000   0.00000000   0.00000000
     0.079850   0.00000000   0.00000000   0.00000000

    0.291452    0.133256    0.053302

     1.000000   0.00000000   0.00000000
   0.00000000     1.000000   0.00000000
   0.00000000   0.00000000     1.000000

    0.319888    0.127955

     1.000000   0.00000000
   0.00000000     1.000000

Sb:cc-pV5Z-ccECP
ccECP cc-pV5Z for Sb | source recipes/Sb/ccECP/Sb.cc-pV5Z.gamess | ccECP from Omar Madany et al. Journal of Chemical Physics (2025) https://doi.org/10.1063/5.0285320

  6
    0    1    2    3    4    5
    5    5    4    3    2    1
   14   14    4    3    2    1

   59.318821   28.057158   13.270731    6.276912    2.968911
    1.404263    1.055271    0.664201    0.459753    0.314160
    0.200302    0.148594    0.087266    0.070283

     0.000230   0.00000000   0.00000000   0.00000000   0.00000000
    -0.001380   0.00000000   0.00000000   0.00000000   0.00000000
     0.006420   0.00000000   0.00000000   0.00000000   0.00000000
    -0.037940   0.00000000   0.00000000   0.00000000   0.00000000
     0.216470   0.00000000   0.00000000   0.00000000   0.00000000
    -0.485420   0.00000000   0.00000000   0.00000000   0.00000000
   0.00000000     1.000000   0.00000000   0.00000000   0.00000000
    -0.150970   0.00000000   0.00000000   0.00000000   0.00000000
   0.00000000   0.00000000     1.000000   0.00000000   0.00000000
     0.452500   0.00000000   0.00000000   0.00000000   0.00000000
   0.00000000   0.00000000   0.00000000     1.000000   0.00000000
     0.608870   0.00000000   0.00000000   0.00000000   0.00000000
   0.00000000   0.00000000   0.00000000   0.00000000     1.000000
     0.234140   0.00000000   0.00000000   0.00000000   0.00000000

   25.376438   12.389567    6.048973    2.953297    1.441892
    1.168902    0.703976    0.454520    0.343703    0.176737
    0.167807    0.081928    0.068723    0.040000

    -0.000060   0.00000000   0.00000000   0.00000000   0.00000000
     0.000470   0.00000000   0.00000000   0.00000000   0.00000000
    -0.004180   0.00000000   0.00000000   0.00000000   0.00000000
     0.040450   0.00000000   0.00000000   0.00000000   0.00000000
    -0.152720   0.00000000   0.00000000   0.00000000   0.00000000
   0.00000000     1.000000   0.00000000   0.00000000   0.00000000
    -0.029100   0.00000000   0.00000000   0.00000000   0.00000000
   0.00000000   0.00000000     1.000000   0.00000000   0.00000000
     0.275100   0.00000000   0.00000000   0.00000000   0.00000000
   0.00000000   0.00000000   0.00000000     1.000000   0.00000000
     0.466930   0.00000000   0.00000000   0.00000000   0.00000000
     0.336630   0.00000000   0.00000000   0.00000000   0.00000000
   0.00000000   0.00000000   0.00000000   0.00000000     1.000000
     0.079850   0.00000000   0.00000000   0.00000000   0.00000000

    0.833607    0.418100    0.209700    0.105176

     1.000000   0.00000000   0.00000000   0.00000000
   0.00000000     1.000000   0.00000000   0.00000000
   0.00000000   0.00000000     1.000000   0.00000000
   0.00000000   0.00000000   0.00000000     1.000000

    0.583136    0.297735    0.152016

     1.000000   0.00000000   0.00000000
   0.00000000     1.000000   0.00000000
   0.00000000   0.00000000     1.000000

    0.600192    0.281869

     1.000000   0.00000000
   0.00000000     1.000000

    0.510132

     1.000000

Sb:cc-pV6Z-ccECP
ccECP cc-pV6Z for Sb | source recipes/Sb/ccECP/Sb.cc-pV6Z.gamess | ccECP from Omar Madany et al. Journal of Chemical Physics (2025) https://doi.org/10.1063/5.0285320

  7
    0    1    2    3    4    5    6
    6    6    5    4    3    2    1
   15   15    5    4    3    2    1

   59.318821   28.057158   13.270731    6.276912    2.968911
    1.404263    1.345046    0.671777    0.664201    0.335516
    0.314160    0.167572    0.148594    0.083693    0.070283

     0.000230   0.00000000   0.00000000   0.00000000   0.00000000   0.00000000
    -0.001380   0.00000000   0.00000000   0.00000000   0.00000000   0.00000000
     0.006420   0.00000000   0.00000000   0.00000000   0.00000000   0.00000000
    -0.037940   0.00000000   0.00000000   0.00000000   0.00000000   0.00000000
     0.216470   0.00000000   0.00000000   0.00000000   0.00000000   0.00000000
    -0.485420   0.00000000   0.00000000   0.00000000   0.00000000   0.00000000
   0.00000000     1.000000   0.00000000   0.00000000   0.00000000   0.00000000
   0.00000000   0.00000000     1.000000   0.00000000   0.00000000   0.00000000
    -0.150970   0.00000000   0.00000000   0.00000000   0.00000000   0.00000000
   0.00000000   0.00000000   0.00000000     1.000000   0.00000000   0.00000000
     0.452500   0.00000000   0.00000000   0.00000000   0.00000000   0.00000000
   0.00000000   0.00000000   0.00000000   0.00000000     1.000000   0.00000000
     0.608870   0.00000000   0.00000000   0.00000000   0.00000000   0.00000000
   0.00000000   0.00000000   0.00000000   0.00000000   0.00000000     1.000000
     0.234140   0.00000000   0.00000000   0.00000000   0.00000000   0.00000000

   25.376438   12.389567    6.048973    2.953297    1.479038
    1.441892    0.703976    0.652176    0.343703    0.287574
    0.167807    0.126805    0.081928    0.055914    0.040000

    -0.000060   0.00000000   0.00000000   0.00000000   0.00000000   0.00000000
     0.000470   0.00000000   0.00000000   0.00000000   0.00000000   0.00000000
    -0.004180   0.00000000   0.00000000   0.00000000   0.00000000   0.00000000
     0.040450   0.00000000   0.00000000   0.00000000   0.00000000   0.00000000
   0.00000000     1.000000   0.00000000   0.00000000   0.00000000   0.00000000
    -0.152720   0.00000000   0.00000000   0.00000000   0.00000000   0.00000000
    -0.029100   0.00000000   0.00000000   0.00000000   0.00000000   0.00000000
   0.00000000   0.00000000     1.000000   0.00000000   0.00000000   0.00000000
     0.275100   0.00000000   0.00000000   0.00000000   0.00000000   0.00000000
   0.00000000   0.00000000   0.00000000     1.000000   0.00000000   0.00000000
     0.466930   0.00000000   0.00000000   0.00000000   0.00000000   0.00000000
   0.00000000   0.00000000   0.00000000   0.00000000     1.000000   0.00000000
     0.336630   0.00000000   0.00000000   0.00000000   0.00000000   0.00000000
   0.00000000   0.00000000   0.00000000   0.00000000   0.00000000     1.000000
     0.079850   0.00000000   0.00000000   0.00000000   0.00000000   0.00000000

    1.661883    0.821523    0.406106    0.200751    0.099238

     1.000000   0.00000000   0.00000000   0.00000000   0.00000000
   0.00000000     1.000000   0.00000000   0.00000000   0.00000000
   0.00000000   0.00000000     1.000000   0.00000000   0.00000000
   0.00000000   0.00000000   0.00000000     1.000000   0.00000000
   0.00000000   0.00000000   0.00000000   0.00000000     1.000000

    0.731873    0.424959    0.246751    0.143275

     1.000000   0.00000000   0.00000000   0.00000000
   0.00000000     1.000000   0.00000000   0.00000000
   0.00000000   0.00000000     1.000000   0.00000000
   0.00000000   0.00000000   0.00000000     1.000000

    0.750621    0.423313    0.238728

     1.000000   0.00000000   0.00000000
   0.00000000     1.000000   0.00000000
   0.00000000   0.00000000     1.000000

    0.722393    0.382958

     1.000000   0.00000000
   0.00000000     1.000000

    0.619358

     1.000000

Sb:cc-pVDZ-ccECP
ccECP cc-pVDZ for Sb | source recipes/Sb/ccECP/Sb.cc-pVDZ.gamess | ccECP from Omar Madany et al. Journal of Chemical Physics (2025) https://doi.org/10.1063/5.0285320

  3
    0    1    2
    2    2    1
   11   11    1

   59.318821   28.057158   13.270731    6.276912    2.968911
    1.404263    0.664201    0.314160    0.148594    0.070283
    0.039874

     0.000230   0.00000000
    -0.001380   0.00000000
     0.006420   0.00000000
    -0.037940   0.00000000
     0.216470   0.00000000
    -0.485420   0.00000000
    -0.150970   0.00000000
     0.452500   0.00000000
     0.608870   0.00000000
     0.234140   0.00000000
   0.00000000     1.000000

   25.376438   12.389567    6.048973    2.953297    1.441892
    0.703976    0.343703    0.167807    0.081928    0.073502
    0.040000

    -0.000060   0.00000000
     0.000470   0.00000000
    -0.004180   0.00000000
     0.040450   0.00000000
    -0.152720   0.00000000
    -0.029100   0.00000000
     0.275100   0.00000000
     0.466930   0.00000000
     0.336630   0.00000000
   0.00000000     1.000000
     0.079850   0.00000000

    0.215642

     1.000000

Sb:cc-pVQZ-ccECP
ccECP cc-pVQZ for Sb | source recipes/Sb/ccECP/Sb.cc-pVQZ.gamess | ccECP from Omar Madany et al. Journal of Chemical Physics (2025) https://doi.org/10.1063/5.0285320

  5
    0    1    2    3    4
    4    4    3    2    1
   13   13    3    2    1

   59.318821   28.057158   13.270731    6.276912    2.968911
    1.404263    0.664201    0.385626    0.314160    0.182344
    0.148594    0.086222    0.070283

     0.000230   0.00000000   0.00000000   0.00000000
    -0.001380   0.00000000   0.00000000   0.00000000
     0.006420   0.00000000   0.00000000   0.00000000
    -0.037940   0.00000000   0.00000000   0.00000000
     0.216470   0.00000000   0.00000000   0.00000000
    -0.485420   0.00000000   0.00000000   0.00000000
    -0.150970   0.00000000   0.00000000   0.00000000
   0.00000000     1.000000   0.00000000   0.00000000
     0.452500   0.00000000   0.00000000   0.00000000
   0.00000000   0.00000000     1.000000   0.00000000
     0.608870   0.00000000   0.00000000   0.00000000
   0.00000000   0.00000000   0.00000000     1.000000
     0.234140   0.00000000   0.00000000   0.00000000

   25.376438   12.389567    6.048973    2.953297    1.441892
    0.703976    0.432127    0.343703    0.171292    0.167807
    0.081928    0.067899    0.040000

    -0.000060   0.00000000   0.00000000   0.00000000
     0.000470   0.00000000   0.00000000   0.00000000
    -0.004180   0.00000000   0.00000000   0.00000000
     0.040450   0.00000000   0.00000000   0.00000000
    -0.152720   0.00000000   0.00000000   0.00000000
    -0.029100   0.00000000   0.00000000   0.00000000
   0.00000000     1.000000   0.00000000   0.00000000
     0.275100   0.00000000   0.00000000   0.00000000
   0.00000000   0.00000000     1.000000   0.00000000
     0.466930   0.00000000   0.00000000   0.00000000
     0.336630   0.00000000   0.00000000   0.00000000
   0.00000000   0.00000000   0.00000000     1.000000
     0.079850   0.00000000   0.00000000   0.00000000

    0.811197    0.331801    0.135715

     1.000000   0.00000000   0.00000000
   0.00000000     1.000000   0.00000000
   0.00000000   0.00000000     1.000000

    0.469760    0.197999

     1.000000   0.00000000
   0.00000000     1.000000

    0.414374

     1.000000

Sb:cc-pVTZ-ccECP
ccECP cc-pVTZ for Sb | source recipes/Sb/ccECP/Sb.cc-pVTZ.gamess | ccECP from Omar Madany et al. Journal of Chemical Physics (2025) https://doi.org/10.1063/5.0285320

  4
    0    1    2    3
    3    3    2    1
   12   12    2    1

   59.318821   28.057158   13.270731    6.276912    2.968911
    1.404263    0.664201    0.400322    0.314160    0.148594
    0.096016    0.070283

     0.000230   0.00000000   0.00000000
    -0.001380   0.00000000   0.00000000
     0.006420   0.00000000   0.00000000
    -0.037940   0.00000000   0.00000000
     0.216470   0.00000000   0.00000000
    -0.485420   0.00000000   0.00000000
    -0.150970   0.00000000   0.00000000
   0.00000000     1.000000   0.00000000
     0.452500   0.00000000   0.00000000
     0.608870   0.00000000   0.00000000
   0.00000000   0.00000000     1.000000
     0.234140   0.00000000   0.00000000

   25.376438   12.389567    6.048973    2.953297    1.441892
    1.099312    0.703976    0.343703    0.296380    0.167807
    0.081928    0.040000

    -0.000060   0.00000000   0.00000000
     0.000470   0.00000000   0.00000000
    -0.004180   0.00000000   0.00000000
     0.040450   0.00000000   0.00000000
    -0.152720   0.00000000   0.00000000
   0.00000000     1.000000   0.00000000
    -0.029100   0.00000000   0.00000000
     0.275100   0.00000000   0.00000000
   0.00000000   0.00000000     1.000000
     0.466930   0.00000000   0.00000000
     0.336630   0.00000000   0.00000000
     0.079850   0.00000000   0.00000000

    0.291452    0.133256

     1.000000   0.00000000
   0.00000000     1.000000

    0.319888

     1.000000

