
N:aug-cc-pV5Z-ccECP
ccECP aug-cc-pV5Z for N | source recipes/N/ccECP/N.aug-cc-pV5Z.gamess | ccECP from Chandler Bennett et al. Journal of Chemical Physics 147, 224106 (2017) https://doi.org/10.1063/1.4995643

  6
    0    1    2    3    4    5
    6    6    5    4    3    2
   14   14    5    4    3    2

   42.693822   19.963207    9.334597    4.927819    2.040920
    1.532221    0.967080    0.702011    0.476131    0.286632
    0.211443    0.115320    0.098869    0.046128

   -0.00093570    0.00000000    0.00000000    0.00000000    0.00000000
    0.00000000
    0.00632950    0.00000000    0.00000000    0.00000000    0.00000000
    0.00000000
    0.01050380    0.00000000    0.00000000    0.00000000    0.00000000
    0.00000000
   -0.16537350    0.00000000    0.00000000    0.00000000    0.00000000
    0.00000000
   -0.00053520    0.00000000    0.00000000    0.00000000    0.00000000
    0.00000000
    0.00000000    1.00000000    0.00000000    0.00000000    0.00000000
    0.00000000
    0.24520630    0.00000000    0.00000000    0.00000000    0.00000000
    0.00000000
    0.00000000    0.00000000    1.00000000    0.00000000    0.00000000
    0.00000000
    0.45821280    0.00000000    0.00000000    0.00000000    0.00000000
    0.00000000
    0.00000000    0.00000000    0.00000000    1.00000000    0.00000000
    0.00000000
    0.36412240    0.00000000    0.00000000    0.00000000    0.00000000
    0.00000000
    0.00000000    0.00000000    0.00000000    0.00000000    1.00000000
    0.00000000
    0.06204060    0.00000000    0.00000000    0.00000000    0.00000000
    0.00000000
    0.00000000    0.00000000    0.00000000    0.00000000    0.00000000
    1.00000000

   18.925871    9.225603    4.581431    2.300164    1.272759
    1.154825    0.978538    0.582039    0.322697    0.290535
    0.145867    0.120601    0.073234    0.048240

    0.00735050    0.00000000    0.00000000    0.00000000    0.00000000
    0.00000000
    0.02928440    0.00000000    0.00000000    0.00000000    0.00000000
    0.00000000
    0.06521680    0.00000000    0.00000000    0.00000000    0.00000000
    0.00000000
    0.14051530    0.00000000    0.00000000    0.00000000    0.00000000
    0.00000000
    0.00000000    1.00000000    0.00000000    0.00000000    0.00000000
    0.00000000
    0.23281880    0.00000000    0.00000000    0.00000000    0.00000000
    0.00000000
    0.00000000    0.00000000    1.00000000    0.00000000    0.00000000
    0.00000000
    0.29895560    0.00000000    0.00000000    0.00000000    0.00000000
    0.00000000
    0.00000000    0.00000000    0.00000000    1.00000000    0.00000000
    0.00000000
    0.28025070    0.00000000    0.00000000    0.00000000    0.00000000
    0.00000000
    0.15279950    0.00000000    0.00000000    0.00000000    0.00000000
    0.00000000
    0.00000000    0.00000000    0.00000000    0.00000000    1.00000000
    0.00000000
    0.03554750    0.00000000    0.00000000    0.00000000    0.00000000
    0.00000000
    0.00000000    0.00000000    0.00000000    0.00000000    0.00000000
    1.00000000

    2.798122    1.542532    0.891436    0.305579    0.122232

    1.00000000    0.00000000    0.00000000    0.00000000    0.00000000
    0.00000000    1.00000000    0.00000000    0.00000000    0.00000000
    0.00000000    0.00000000    1.00000000    0.00000000    0.00000000
    0.00000000    0.00000000    0.00000000    1.00000000    0.00000000
    0.00000000    0.00000000    0.00000000    0.00000000    1.00000000

    2.443045    1.592967    0.587676    0.235070

    1.00000000    0.00000000    0.00000000    0.00000000
    0.00000000    1.00000000    0.00000000    0.00000000
    0.00000000    0.00000000    1.00000000    0.00000000
    0.00000000    0.00000000    0.00000000    1.00000000

    2.842018    1.038637    0.415455

    1.00000000    0.00000000    0.00000000
    0.00000000    1.00000000    0.00000000
    0.00000000    0.00000000    1.00000000

    2.272542    0.909017

    1.00000000    0.00000000
    0.00000000    1.00000000

N:aug-cc-pV6Z-ccECP
ccECP aug-cc-pV6Z for N | source recipes/N/ccECP/N.aug-cc-pV6Z.gamess | ccECP from Chandler Bennett et al. Journal of Chemical Physics 147, 224106 (2017) https://doi.org/10.1063/1.4995643

  7
    0    1    2    3    4    5    6
    7    7    6    5    4    3    2
   15   15    6    5    4    3    2

   42.693822   19.963207    9.334597    4.927819    2.523670
    2.040920    1.054775    0.967080    0.532875    0.476131
    0.213117    0.211443    0.098869    0.094558    0.037823

   -0.00093570    0.00000000    0.00000000    0.00000000    0.00000000
    0.00000000    0.00000000
    0.00632950    0.00000000    0.00000000    0.00000000    0.00000000
    0.00000000    0.00000000
    0.01050380    0.00000000    0.00000000    0.00000000    0.00000000
    0.00000000    0.00000000
   -0.16537350    0.00000000    0.00000000    0.00000000    0.00000000
    0.00000000    0.00000000
    0.00000000    1.00000000    0.00000000    0.00000000    0.00000000
    0.00000000    0.00000000
   -0.00053520    0.00000000    0.00000000    0.00000000    0.00000000
    0.00000000    0.00000000
    0.00000000    0.00000000    1.00000000    0.00000000    0.00000000
    0.00000000    0.00000000
    0.24520630    0.00000000    0.00000000    0.00000000    0.00000000
    0.00000000    0.00000000
    0.00000000    0.00000000    0.00000000    1.00000000    0.00000000
    0.00000000    0.00000000
    0.45821280    0.00000000    0.00000000    0.00000000    0.00000000
    0.00000000    0.00000000
    0.00000000    0.00000000    0.00000000    0.00000000    1.00000000
    0.00000000    0.00000000
    0.36412240    0.00000000    0.00000000    0.00000000    0.00000000
    0.00000000    0.00000000
    0.06204060    0.00000000    0.00000000    0.00000000    0.00000000
    0.00000000    0.00000000
    0.00000000    0.00000000    0.00000000    0.00000000    0.00000000
    1.00000000    0.00000000
    0.00000000    0.00000000    0.00000000    0.00000000    0.00000000
    0.00000000    1.00000000

   18.925871    9.225603    4.581431    2.300164    2.089489
    1.616630    1.154825    0.610030    0.582039    0.290535
    0.268834    0.145867    0.107258    0.073234    0.042903

    0.00735050    0.00000000    0.00000000    0.00000000    0.00000000
    0.00000000    0.00000000
    0.02928440    0.00000000    0.00000000    0.00000000    0.00000000
    0.00000000    0.00000000
    0.06521680    0.00000000    0.00000000    0.00000000    0.00000000
    0.00000000    0.00000000
    0.14051530    0.00000000    0.00000000    0.00000000    0.00000000
    0.00000000    0.00000000
    0.00000000    1.00000000    0.00000000    0.00000000    0.00000000
    0.00000000    0.00000000
    0.00000000    0.00000000    1.00000000    0.00000000    0.00000000
    0.00000000    0.00000000
    0.23281880    0.00000000    0.00000000    0.00000000    0.00000000
    0.00000000    0.00000000
    0.00000000    0.00000000    0.00000000    1.00000000    0.00000000
    0.00000000    0.00000000
    0.29895560    0.00000000    0.00000000    0.00000000    0.00000000
    0.00000000    0.00000000
    0.28025070    0.00000000    0.00000000    0.00000000    0.00000000
    0.00000000    0.00000000
    0.00000000    0.00000000    0.00000000    0.00000000    1.00000000
    0.00000000    0.00000000
    0.15279950    0.00000000    0.00000000    0.00000000    0.00000000
    0.00000000    0.00000000
    0.00000000    0.00000000    0.00000000    0.00000000    0.00000000
    1.00000000    0.00000000
    0.03554750    0.00000000    0.00000000    0.00000000    0.00000000
    0.00000000    0.00000000
    0.00000000    0.00000000    0.00000000    0.00000000    0.00000000
    0.00000000    1.00000000

    6.733626    2.717512    1.413899    0.631889    0.245674
    0.098270

    1.00000000    0.00000000    0.00000000    0.00000000    0.00000000
    0.00000000
    0.00000000    1.00000000    0.00000000    0.00000000    0.00000000
    0.00000000
    0.00000000    0.00000000    1.00000000    0.00000000    0.00000000
    0.00000000
    0.00000000    0.00000000    0.00000000    1.00000000    0.00000000
    0.00000000
    0.00000000    0.00000000    0.00000000    0.00000000    1.00000000
    0.00000000
    0.00000000    0.00000000    0.00000000    0.00000000    0.00000000
    1.00000000

    3.735653    1.865542    0.931762    0.391491    0.156596

    1.00000000    0.00000000    0.00000000    0.00000000    0.00000000
    0.00000000    1.00000000    0.00000000    0.00000000    0.00000000
    0.00000000    0.00000000    1.00000000    0.00000000    0.00000000
    0.00000000    0.00000000    0.00000000    1.00000000    0.00000000
    0.00000000    0.00000000    0.00000000    0.00000000    1.00000000

    3.564880    1.777022    0.755000    0.302000

    1.00000000    0.00000000    0.00000000    0.00000000
    0.00000000    1.00000000    0.00000000    0.00000000
    0.00000000    0.00000000    1.00000000    0.00000000
    0.00000000    0.00000000    0.00000000    1.00000000

    2.725575    1.171252    0.468501

    1.00000000    0.00000000    0.00000000
    0.00000000    1.00000000    0.00000000
    0.00000000    0.00000000    1.00000000

    2.074152    0.829661

    1.00000000    0.00000000
    0.00000000    1.00000000

N:aug-cc-pVDZ-ccECP
ccECP aug-cc-pVDZ for N | source recipes/N/ccECP/N.aug-cc-pVDZ.gamess | ccECP from Chandler Bennett et al. Journal of Chemical Physics 147, 224106 (2017) https://doi.org/10.1063/1.4995643

  3
    0    1    2
    3    3    2
   11   11    2

   42.693822   19.963207    9.334597    4.927819    2.040920
    0.967080    0.476131    0.211443    0.175123    0.098869
    0.070049

   -0.00093570    0.00000000    0.00000000
    0.00632950    0.00000000    0.00000000
    0.01050380    0.00000000    0.00000000
   -0.16537350    0.00000000    0.00000000
   -0.00053520    0.00000000    0.00000000
    0.24520630    0.00000000    0.00000000
    0.45821280    0.00000000    0.00000000
    0.36412240    0.00000000    0.00000000
    0.00000000    1.00000000    0.00000000
    0.06204060    0.00000000    0.00000000
    0.00000000    0.00000000    1.00000000

   18.925871    9.225603    4.581431    2.300164    1.154825
    0.582039    0.290535    0.223042    0.145867    0.089217
    0.073234

    0.00735050    0.00000000    0.00000000
    0.02928440    0.00000000    0.00000000
    0.06521680    0.00000000    0.00000000
    0.14051530    0.00000000    0.00000000
    0.23281880    0.00000000    0.00000000
    0.29895560    0.00000000    0.00000000
    0.28025070    0.00000000    0.00000000
    0.00000000    1.00000000    0.00000000
    0.15279950    0.00000000    0.00000000
    0.00000000    0.00000000    1.00000000
    0.03554750    0.00000000    0.00000000

    0.832058    0.332823

    1.00000000    0.00000000
    0.00000000    1.00000000

N:aug-cc-pVQZ-ccECP
ccECP aug-cc-pVQZ for N | source recipes/N/ccECP/N.aug-cc-pVQZ.gamess | ccECP from Chandler Bennett et al. Journal of Chemical Physics 147, 224106 (2017) https://doi.org/10.1063/1.4995643

  5
    0    1    2    3    4
    5    5    4    3    2
   13   13    4    3    2

   42.693822   19.963207    9.334597    4.927819    2.040920
    1.625001    0.967080    0.476131    0.310826    0.211443
    0.135764    0.098869    0.054306

   -0.00093570    0.00000000    0.00000000    0.00000000    0.00000000
    0.00632950    0.00000000    0.00000000    0.00000000    0.00000000
    0.01050380    0.00000000    0.00000000    0.00000000    0.00000000
   -0.16537350    0.00000000    0.00000000    0.00000000    0.00000000
   -0.00053520    0.00000000    0.00000000    0.00000000    0.00000000
    0.00000000    1.00000000    0.00000000    0.00000000    0.00000000
    0.24520630    0.00000000    0.00000000    0.00000000    0.00000000
    0.45821280    0.00000000    0.00000000    0.00000000    0.00000000
    0.00000000    0.00000000    1.00000000    0.00000000    0.00000000
    0.36412240    0.00000000    0.00000000    0.00000000    0.00000000
    0.00000000    0.00000000    0.00000000    1.00000000    0.00000000
    0.06204060    0.00000000    0.00000000    0.00000000    0.00000000
    0.00000000    0.00000000    0.00000000    0.00000000    1.00000000

   18.925871    9.225603    4.581431    2.300164    1.154825
    1.020750    0.582039    0.413103    0.290535    0.145867
    0.140736    0.073234    0.056294

    0.00735050    0.00000000    0.00000000    0.00000000    0.00000000
    0.02928440    0.00000000    0.00000000    0.00000000    0.00000000
    0.06521680    0.00000000    0.00000000    0.00000000    0.00000000
    0.14051530    0.00000000    0.00000000    0.00000000    0.00000000
    0.23281880    0.00000000    0.00000000    0.00000000    0.00000000
    0.00000000    1.00000000    0.00000000    0.00000000    0.00000000
    0.29895560    0.00000000    0.00000000    0.00000000    0.00000000
    0.00000000    0.00000000    1.00000000    0.00000000    0.00000000
    0.28025070    0.00000000    0.00000000    0.00000000    0.00000000
    0.15279950    0.00000000    0.00000000    0.00000000    0.00000000
    0.00000000    0.00000000    0.00000000    1.00000000    0.00000000
    0.03554750    0.00000000    0.00000000    0.00000000    0.00000000
    0.00000000    0.00000000    0.00000000    0.00000000    1.00000000

    3.028459    1.009895    0.346233    0.138493

    1.00000000    0.00000000    0.00000000    0.00000000
    0.00000000    1.00000000    0.00000000    0.00000000
    0.00000000    0.00000000    1.00000000    0.00000000
    0.00000000    0.00000000    0.00000000    1.00000000

    2.024747    0.691129    0.276452

    1.00000000    0.00000000    0.00000000
    0.00000000    1.00000000    0.00000000
    0.00000000    0.00000000    1.00000000

    1.357512    0.543005

    1.00000000    0.00000000
    0.00000000    1.00000000

N:aug-cc-pVTZ-ccECP
ccECP aug-cc-pVTZ for N | source recipes/N/ccECP/N.aug-cc-pVTZ.gamess | ccECP from Chandler Bennett et al. Journal of Chemical Physics 147, 224106 (2017) https://doi.org/10.1063/1.4995643

  4
    0    1    2    3
    4    4    3    2
   12   12    3    2

   42.693822   19.963207    9.334597    4.927819    2.040920
    1.202183    0.967080    0.476131    0.211443    0.163243
    0.098869    0.065297

   -0.00093570    0.00000000    0.00000000    0.00000000
    0.00632950    0.00000000    0.00000000    0.00000000
    0.01050380    0.00000000    0.00000000    0.00000000
   -0.16537350    0.00000000    0.00000000    0.00000000
   -0.00053520    0.00000000    0.00000000    0.00000000
    0.00000000    1.00000000    0.00000000    0.00000000
    0.24520630    0.00000000    0.00000000    0.00000000
    0.45821280    0.00000000    0.00000000    0.00000000
    0.36412240    0.00000000    0.00000000    0.00000000
    0.00000000    0.00000000    1.00000000    0.00000000
    0.06204060    0.00000000    0.00000000    0.00000000
    0.00000000    0.00000000    0.00000000    1.00000000

   18.925871    9.225603    4.581431    2.300164    1.154825
    0.582039    0.517547    0.290535    0.170104    0.145867
    0.073234    0.068042

    0.00735050    0.00000000    0.00000000    0.00000000
    0.02928440    0.00000000    0.00000000    0.00000000
    0.06521680    0.00000000    0.00000000    0.00000000
    0.14051530    0.00000000    0.00000000    0.00000000
    0.23281880    0.00000000    0.00000000    0.00000000
    0.29895560    0.00000000    0.00000000    0.00000000
    0.00000000    1.00000000    0.00000000    0.00000000
    0.28025070    0.00000000    0.00000000    0.00000000
    0.00000000    0.00000000    1.00000000    0.00000000
    0.15279950    0.00000000    0.00000000    0.00000000
    0.03554750    0.00000000    0.00000000    0.00000000
    0.00000000    0.00000000    0.00000000    1.00000000

    1.712416    0.483567    0.193427

    1.00000000    0.00000000    0.00000000
    0.00000000    1.00000000    0.00000000
    0.00000000    0.00000000    1.00000000

    1.093097    0.437239

    1.00000000    0.00000000
    0.00000000    1.00000000

N:cc-pV5Z-ccECP
ccECP cc-pV5Z for N | source recipes/N/ccECP/N.cc-pV5Z.gamess | ccECP from Chandler Bennett et al. Journal of Chemical Physics 147, 224106 (2017) https://doi.org/10.1063/1.4995643

  6
    0    1    2    3    4    5
    5    5    4    3    2    1
   13   13    4    3    2    1

   42.693822   19.963207   9.3345971   4.9278187    2.040920
    1.532221    0.967080    0.702011    0.476131    0.286632
    0.211443    0.115320    0.098869

   -0.0009357   0.00000000   0.00000000   0.00000000   0.00000000
    0.0063295   0.00000000   0.00000000   0.00000000   0.00000000
    0.0105038   0.00000000   0.00000000   0.00000000   0.00000000
   -0.1653735   0.00000000   0.00000000   0.00000000   0.00000000
   -0.0005352   0.00000000   0.00000000   0.00000000   0.00000000
   0.00000000    1.0000000   0.00000000   0.00000000   0.00000000
    0.2452063   0.00000000   0.00000000   0.00000000   0.00000000
   0.00000000   0.00000000    1.0000000   0.00000000   0.00000000
    0.4582128   0.00000000   0.00000000   0.00000000   0.00000000
   0.00000000   0.00000000   0.00000000    1.0000000   0.00000000
    0.3641224   0.00000000   0.00000000   0.00000000   0.00000000
   0.00000000   0.00000000   0.00000000   0.00000000    1.0000000
    0.0620406   0.00000000   0.00000000   0.00000000   0.00000000

   18.925871    9.225603    4.581431    2.300164    1.272759
    1.154825    0.978538    0.582039    0.322697    0.290535
    0.145867    0.120601    0.073234

    0.0073505   0.00000000   0.00000000   0.00000000   0.00000000
    0.0292844   0.00000000   0.00000000   0.00000000   0.00000000
    0.0652168   0.00000000   0.00000000   0.00000000   0.00000000
    0.1405153   0.00000000   0.00000000   0.00000000   0.00000000
   0.00000000    1.0000000   0.00000000   0.00000000   0.00000000
    0.2328188   0.00000000   0.00000000   0.00000000   0.00000000
   0.00000000   0.00000000    1.0000000   0.00000000   0.00000000
    0.2989556   0.00000000   0.00000000   0.00000000   0.00000000
   0.00000000   0.00000000   0.00000000    1.0000000   0.00000000
    0.2802507   0.00000000   0.00000000   0.00000000   0.00000000
    0.1527995   0.00000000   0.00000000   0.00000000   0.00000000
   0.00000000   0.00000000   0.00000000   0.00000000    1.0000000
    0.0355475   0.00000000   0.00000000   0.00000000   0.00000000

    2.798122    1.542532    0.891436    0.305579

    1.0000000   0.00000000   0.00000000   0.00000000
   0.00000000    1.0000000   0.00000000   0.00000000
   0.00000000   0.00000000    1.0000000   0.00000000
   0.00000000   0.00000000   0.00000000    1.0000000

    2.443045    1.592967    0.587676

    1.0000000   0.00000000   0.00000000
   0.00000000    1.0000000   0.00000000
   0.00000000   0.00000000    1.0000000

    2.842018    1.038637

    1.0000000   0.00000000
   0.00000000    1.0000000

    2.272542

    1.0000000

N:cc-pV6Z-ccECP
ccECP cc-pV6Z for N | source recipes/N/ccECP/N.cc-pV6Z.gamess | ccECP from Chandler Bennett et al. Journal of Chemical Physics 147, 224106 (2017) https://doi.org/10.1063/1.4995643

  7
    0    1    2    3    4    5    6
    6    6    5    4    3    2    1
   14   14    5    4    3    2    1

   42.693822   19.963207    9.334597    4.927819    2.523670
    2.040920    1.054775    0.967080    0.532875    0.476131
    0.213117    0.211443    0.098869    0.094558

   -0.00093570    0.00000000    0.00000000    0.00000000    0.00000000
    0.00000000
    0.00632950    0.00000000    0.00000000    0.00000000    0.00000000
    0.00000000
    0.01050380    0.00000000    0.00000000    0.00000000    0.00000000
    0.00000000
   -0.16537350    0.00000000    0.00000000    0.00000000    0.00000000
    0.00000000
    0.00000000    1.00000000    0.00000000    0.00000000    0.00000000
    0.00000000
   -0.00053520    0.00000000    0.00000000    0.00000000    0.00000000
    0.00000000
    0.00000000    0.00000000    1.00000000    0.00000000    0.00000000
    0.00000000
    0.24520630    0.00000000    0.00000000    0.00000000    0.00000000
    0.00000000
    0.00000000    0.00000000    0.00000000    1.00000000    0.00000000
    0.00000000
    0.45821280    0.00000000    0.00000000    0.00000000    0.00000000
    0.00000000
    0.00000000    0.00000000    0.00000000    0.00000000    1.00000000
    0.00000000
    0.36412240    0.00000000    0.00000000    0.00000000    0.00000000
    0.00000000
    0.06204060    0.00000000    0.00000000    0.00000000    0.00000000
    0.00000000
    0.00000000    0.00000000    0.00000000    0.00000000    0.00000000
    1.00000000

   18.925871    9.225603    4.581431    2.300164    2.089489
    1.616630    1.154825    0.610030    0.582039    0.290535
    0.268834    0.145867    0.107258    0.073234

    0.00735050    0.00000000    0.00000000    0.00000000    0.00000000
    0.00000000
    0.02928440    0.00000000    0.00000000    0.00000000    0.00000000
    0.00000000
    0.06521680    0.00000000    0.00000000    0.00000000    0.00000000
    0.00000000
    0.14051530    0.00000000    0.00000000    0.00000000    0.00000000
    0.00000000
    0.00000000    1.00000000    0.00000000    0.00000000    0.00000000
    0.00000000
    0.00000000    0.00000000    1.00000000    0.00000000    0.00000000
    0.00000000
    0.23281880    0.00000000    0.00000000    0.00000000    0.00000000
    0.00000000
    0.00000000    0.00000000    0.00000000    1.00000000    0.00000000
    0.00000000
    0.29895560    0.00000000    0.00000000    0.00000000    0.00000000
    0.00000000
    0.28025070    0.00000000    0.00000000    0.00000000    0.00000000
    0.00000000
    0.00000000    0.00000000    0.00000000    0.00000000    1.00000000
    0.00000000
    0.15279950    0.00000000    0.00000000    0.00000000    0.00000000
    0.00000000
    0.00000000    0.00000000    0.00000000    0.00000000    0.00000000
    1.00000000
    0.03554750    0.00000000    0.00000000    0.00000000    0.00000000
    0.00000000

    6.733626    2.717512    1.413899    0.631889    0.245674

    1.00000000    0.00000000    0.00000000    0.00000000    0.00000000
    0.00000000    1.00000000    0.00000000    0.00000000    0.00000000
    0.00000000    0.00000000    1.00000000    0.00000000    0.00000000
    0.00000000    0.00000000    0.00000000    1.00000000    0.00000000
    0.00000000    0.00000000    0.00000000    0.00000000    1.00000000

    3.735653    1.865542    0.931762    0.391491

    1.00000000    0.00000000    0.00000000    0.00000000
    0.00000000    1.00000000    0.00000000    0.00000000
    0.00000000    0.00000000    1.00000000    0.00000000
    0.00000000    0.00000000    0.00000000    1.00000000

    3.564880    1.777022    0.755000

    1.00000000    0.00000000    0.00000000
    0.00000000    1.00000000    0.00000000
    0.00000000    0.00000000    1.00000000

    2.725575    1.171252

    1.00000000    0.00000000
    0.00000000    1.00000000

    2.074152

    1.00000000

N:cc-pVDZ-ccECP
ccECP cc-pVDZ for N | source recipes/N/ccECP/N.cc-pVDZ.gamess | ccECP from Chandler Bennett et al. Journal of Chemical Physics 147, 224106 (2017) https://doi.org/10.1063/1.4995643

  3
    0    1    2
    2    2    1
   10   10    1

   42.693822   19.963207   9.3345971   4.9278187    2.040920
    0.967080    0.476131    0.211443    0.175123    0.098869

   -0.0009357   0.00000000
    0.0063295   0.00000000
    0.0105038   0.00000000
   -0.1653735   0.00000000
   -0.0005352   0.00000000
    0.2452063   0.00000000
    0.4582128   0.00000000
    0.3641224   0.00000000
   0.00000000    1.0000000
    0.0620406   0.00000000

   18.925871    9.225603    4.581431    2.300164    1.154825
    0.582039    0.290535    0.223042    0.145867    0.073234

    0.0073505   0.00000000
    0.0292844   0.00000000
    0.0652168   0.00000000
    0.1405153   0.00000000
    0.2328188   0.00000000
    0.2989556   0.00000000
    0.2802507   0.00000000
   0.00000000    1.0000000
    0.1527995   0.00000000
    0.0355475   0.00000000

    0.832058

    1.0000000

N:cc-pVQZ-ccECP
ccECP cc-pVQZ for N | source recipes/N/ccECP/N.cc-pVQZ.gamess | ccECP from Chandler Bennett et al. Journal of Chemical Physics 147, 224106 (2017) https://doi.org/10.1063/1.4995643

  5
    0    1    2    3    4
    4    4    3    2    1
   12   12    3    2    1

   42.693822   19.963207   9.3345971   4.9278187    2.040920
    1.625001    0.967080    0.476131    0.310826    0.211443
    0.135764    0.098869

   -0.0009357   0.00000000   0.00000000   0.00000000
    0.0063295   0.00000000   0.00000000   0.00000000
    0.0105038   0.00000000   0.00000000   0.00000000
   -0.1653735   0.00000000   0.00000000   0.00000000
   -0.0005352   0.00000000   0.00000000   0.00000000
   0.00000000    1.0000000   0.00000000   0.00000000
    0.2452063   0.00000000   0.00000000   0.00000000
    0.4582128   0.00000000   0.00000000   0.00000000
   0.00000000   0.00000000    1.0000000   0.00000000
    0.3641224   0.00000000   0.00000000   0.00000000
   0.00000000   0.00000000   0.00000000    1.0000000
    0.0620406   0.00000000   0.00000000   0.00000000

   18.925871    9.225603    4.581431    2.300164    1.154825
    1.020750    0.582039    0.413103    0.290535    0.145867
    0.140736    0.073234

    0.0073505   0.00000000   0.00000000   0.00000000
    0.0292844   0.00000000   0.00000000   0.00000000
    0.0652168   0.00000000   0.00000000   0.00000000
    0.1405153   0.00000000   0.00000000   0.00000000
    0.2328188   0.00000000   0.00000000   0.00000000
   0.00000000    1.0000000   0.00000000   0.00000000
    0.2989556   0.00000000   0.00000000   0.00000000
   0.00000000   0.00000000    1.0000000   0.00000000
    0.2802507   0.00000000   0.00000000   0.00000000
    0.1527995   0.00000000   0.00000000   0.00000000
   0.00000000   0.00000000   0.00000000    1.0000000
    0.0355475   0.00000000   0.00000000   0.00000000

    3.028459    1.009895    0.346233

    1.0000000   0.00000000   0.00000000
   0.00000000    1.0000000   0.00000000
   0.00000000   0.00000000    1.0000000

    2.024747    0.691129

    1.0000000   0.00000000
   0.00000000    1.0000000

    1.357512

    1.0000000

N:cc-pVTZ-ccECP
ccECP cc-pVTZ for N | source recipes/N/ccECP/N.cc-pVTZ.gamess | ccECP from Chandler Bennett et al. Journal of Chemical Physics 147, 224106 (2017) https://doi.org/10.1063/1.4995643

  4
    0    1    2    3
    3    3    2    1
   11   11    2    1

   42.693822   19.963207   9.3345971   4.9278187    2.040920
    1.202183    0.967080    0.476131    0.211443    0.163243
    0.098869

   -0.0009357   0.00000000   0.00000000
    0.0063295   0.00000000   0.00000000
    0.0105038   0.00000000   0.00000000
   -0.1653735   0.00000000   0.00000000
   -0.0005352   0.00000000   0.00000000
   0.00000000    1.0000000   0.00000000
    0.2452063   0.00000000   0.00000000
    0.4582128   0.00000000   0.00000000
    0.3641224   0.00000000   0.00000000
   0.00000000   0.00000000    1.0000000
    0.0620406   0.00000000   0.00000000

   18.925871    9.225603    4.581431    2.300164    1.154825
    0.582039    0.517547    0.290535    0.170104    0.145867
    0.073234

    0.0073505   0.00000000   0.00000000
    0.0292844   0.00000000   0.00000000
    0.0652168   0.00000000   0.00000000
    0.1405153   0.00000000   0.00000000
    0.2328188   0.00000000   0.00000000
    0.2989556   0.00000000   0.00000000
   0.00000000    1.0000000   0.00000000
    0.2802507   0.00000000   0.00000000
   0.00000000   0.00000000    1.0000000
    0.1527995   0.00000000   0.00000000
    0.0355475   0.00000000   0.00000000

    1.712416    0.483567

    1.0000000   0.00000000
   0.00000000    1.0000000

    1.093097

    1.0000000

