
Zr:aug-cc-pCV5Z-ccECP
ccECP aug-cc-pCV5Z for Zr | source recipes/Zr/ccECP/Zr.aug-cc-pCV5Z.gamess | ccECP from Haihan Zhou et al. Journal of Chemical Physics (2024) https://doi.org/10.1063/5.0180057

  7
    0    1    2    3    4    5    6
   10   10    9    6    5    4    3
   16   16   16    6    5    4    3

   59.444450   31.284120   16.464046    8.664613    4.559968
    2.399797    1.262953    0.799700    0.664660    0.499900
    0.349794    0.184088    0.096881    0.050986    0.026833
    0.010733

     0.000260    -0.000073    -0.000157     0.000018    -0.002880    -0.007469
   0.00000000   0.00000000   0.00000000   0.00000000
    -0.001118     0.000339     0.000770    -0.000118     0.015213     0.039397
   0.00000000   0.00000000   0.00000000   0.00000000
    -0.012626     0.003976     0.006490     0.013983    -0.031775    -0.097694
   0.00000000   0.00000000   0.00000000   0.00000000
     0.166550    -0.055231    -0.098555    -0.168727    -0.074804    -0.023779
   0.00000000   0.00000000   0.00000000   0.00000000
    -0.324380     0.116664     0.213266     0.386428     0.138871     0.158800
   0.00000000   0.00000000   0.00000000   0.00000000
    -0.416367     0.135796     0.263011     0.427103     1.480649     2.992294
   0.00000000   0.00000000   0.00000000   0.00000000
     0.352232    -0.137841    -0.280069    -0.678406    -3.142922   -10.617977
   0.00000000   0.00000000   0.00000000   0.00000000
   0.00000000   0.00000000   0.00000000   0.00000000   0.00000000   0.00000000
   0.00000000   0.00000000     1.000000   0.00000000
     0.695139    -0.316655    -0.870274    -2.443907    -1.390192    13.958250
   0.00000000   0.00000000   0.00000000   0.00000000
   0.00000000   0.00000000   0.00000000   0.00000000   0.00000000   0.00000000
   0.00000000   0.00000000   0.00000000     1.000000
     0.332718    -0.277897    -0.484410     2.826576     8.634693    -7.189698
   0.00000000   0.00000000   0.00000000   0.00000000
     0.025828    -0.032056     1.486585     1.800477    -8.692594    -4.763299
   0.00000000   0.00000000   0.00000000   0.00000000
     0.004981     0.423317     0.922023    -2.881485     1.176846    12.371239
   0.00000000   0.00000000   0.00000000   0.00000000
    -0.001683     0.531797    -0.595849    -0.830255     4.291022   -10.671754
   0.00000000   0.00000000   0.00000000   0.00000000
     0.000435     0.277369    -0.854420     1.674551    -2.715043     3.859248
     1.000000   0.00000000   0.00000000   0.00000000
   0.00000000   0.00000000   0.00000000   0.00000000   0.00000000   0.00000000
   0.00000000     1.000000   0.00000000   0.00000000

   61.264772   32.251314   16.977901    8.937593    4.704974
    2.476816    2.199900    1.303858    1.002800    0.686384
    0.361330    0.190213    0.100133    0.052712    0.027749
    0.011100

     0.000010    -0.000005     0.000084     0.000259    -0.003161     0.001530
   0.00000000   0.00000000   0.00000000   0.00000000
     0.000101    -0.000026    -0.000481    -0.001420     0.014973    -0.007987
   0.00000000   0.00000000   0.00000000   0.00000000
    -0.000828     0.000228     0.001605     0.004754    -0.043238     0.028198
   0.00000000   0.00000000   0.00000000   0.00000000
     0.027960    -0.010071    -0.020550    -0.047122     0.058609    -0.138790
   0.00000000   0.00000000   0.00000000   0.00000000
    -0.150727     0.057645     0.112995     0.254530     0.077285     0.537810
   0.00000000   0.00000000   0.00000000   0.00000000
    -0.058684     0.016356    -0.005545    -0.013365     0.576139     0.074576
   0.00000000   0.00000000   0.00000000   0.00000000
   0.00000000   0.00000000   0.00000000   0.00000000   0.00000000   0.00000000
   0.00000000   0.00000000     1.000000   0.00000000
     0.332497    -0.131647    -0.180445    -0.797588    -3.128096    -4.570540
   0.00000000   0.00000000   0.00000000   0.00000000
   0.00000000   0.00000000   0.00000000   0.00000000   0.00000000   0.00000000
   0.00000000   0.00000000   0.00000000     1.000000
     0.475203    -0.209140    -0.607065    -1.089853     3.130152    10.384362
   0.00000000   0.00000000   0.00000000   0.00000000
     0.294986    -0.217697    -0.164012     2.961431     1.226405   -12.943228
   0.00000000   0.00000000   0.00000000   0.00000000
     0.063364     0.144394     1.569653    -0.826662    -5.502301    10.626905
   0.00000000   0.00000000   0.00000000   0.00000000
     0.009953     0.580008     0.016433    -1.720437     5.421318    -5.222789
   0.00000000   0.00000000   0.00000000   0.00000000
     0.000002     0.398611    -0.873831     1.012289    -2.001991     0.486680
   0.00000000   0.00000000   0.00000000   0.00000000
     0.000485     0.060573    -0.205566     0.322678    -0.196999     0.768141
     1.000000   0.00000000   0.00000000   0.00000000
   0.00000000   0.00000000   0.00000000   0.00000000   0.00000000   0.00000000
   0.00000000     1.000000   0.00000000   0.00000000

   66.228172   34.857112   18.345943    9.655809    5.082031
    2.674767    2.441600    1.407779    0.890300    0.740940
    0.389971    0.205249    0.108026    0.056856    0.029924
    0.011970

    -0.000004     0.000009     0.000092    -0.000119    -0.001833   0.00000000
   0.00000000   0.00000000   0.00000000
     0.000117    -0.000162    -0.000570     0.000300     0.007889   0.00000000
   0.00000000   0.00000000   0.00000000
    -0.001137     0.001465     0.002961     0.001157    -0.019680   0.00000000
   0.00000000   0.00000000   0.00000000
     0.001011    -0.001273    -0.003918     0.000592     0.047137   0.00000000
   0.00000000   0.00000000   0.00000000
    -0.014957     0.019347     0.031413     0.036534    -0.045492   0.00000000
   0.00000000   0.00000000   0.00000000
     0.016521    -0.027948    -0.054827    -0.050683     0.185114   0.00000000
   0.00000000   0.00000000   0.00000000
   0.00000000   0.00000000   0.00000000   0.00000000   0.00000000   0.00000000
   0.00000000     1.000000   0.00000000
     0.139093    -0.193829    -0.266152    -0.677418    -1.903848   0.00000000
   0.00000000   0.00000000   0.00000000
   0.00000000   0.00000000   0.00000000   0.00000000   0.00000000   0.00000000
   0.00000000   0.00000000     1.000000
     0.263213    -0.342412    -0.658766    -0.460442     2.517589   0.00000000
   0.00000000   0.00000000   0.00000000
     0.313768    -0.302322     0.398573     2.276709    -0.295300   0.00000000
   0.00000000   0.00000000   0.00000000
     0.274822     0.214070     1.064329    -1.521680    -2.556280   0.00000000
   0.00000000   0.00000000   0.00000000
     0.172475     0.531946    -0.462814    -0.573500     3.170926   0.00000000
   0.00000000   0.00000000   0.00000000
     0.064631     0.269023    -0.504008     0.766924    -1.304580   0.00000000
   0.00000000   0.00000000   0.00000000
     0.008949     0.040054    -0.130245     0.229315    -0.273068     1.000000
   0.00000000   0.00000000   0.00000000
   0.00000000   0.00000000   0.00000000   0.00000000   0.00000000   0.00000000
     1.000000   0.00000000   0.00000000

    3.415300    1.520100    0.676600    0.301100    0.107100
    0.038100

     1.000000   0.00000000   0.00000000   0.00000000   0.00000000   0.00000000
   0.00000000     1.000000   0.00000000   0.00000000   0.00000000   0.00000000
   0.00000000   0.00000000     1.000000   0.00000000   0.00000000   0.00000000
   0.00000000   0.00000000   0.00000000     1.000000   0.00000000   0.00000000
   0.00000000   0.00000000   0.00000000   0.00000000     1.000000   0.00000000
   0.00000000   0.00000000   0.00000000   0.00000000   0.00000000     1.000000

    2.039500    1.005100    0.495300    0.171600    0.059500

     1.000000   0.00000000   0.00000000   0.00000000   0.00000000
   0.00000000     1.000000   0.00000000   0.00000000   0.00000000
   0.00000000   0.00000000     1.000000   0.00000000   0.00000000
   0.00000000   0.00000000   0.00000000     1.000000   0.00000000
   0.00000000   0.00000000   0.00000000   0.00000000     1.000000

    1.930400    0.889900    0.311800    0.109300

     1.000000   0.00000000   0.00000000   0.00000000
   0.00000000     1.000000   0.00000000   0.00000000
   0.00000000   0.00000000     1.000000   0.00000000
   0.00000000   0.00000000   0.00000000     1.000000

    1.715800    0.587700    0.201300

     1.000000   0.00000000   0.00000000
   0.00000000     1.000000   0.00000000
   0.00000000   0.00000000     1.000000

Zr:aug-cc-pCVDZ-ccECP
ccECP aug-cc-pCVDZ for Zr | source recipes/Zr/ccECP/Zr.aug-cc-pCVDZ.gamess | ccECP from Haihan Zhou et al. Journal of Chemical Physics (2024) https://doi.org/10.1063/5.0180057

  4
    0    1    2    3
    6    6    5    3
   15   15   15    3

   59.444450   31.284120   16.464046    8.664613    4.559968
    2.399797    1.262953    0.664660    0.349794    0.299800
    0.184088    0.096881    0.050986    0.026833    0.010733

     0.000260    -0.000073    -0.000157   0.00000000   0.00000000   0.00000000
    -0.001118     0.000339     0.000770   0.00000000   0.00000000   0.00000000
    -0.012626     0.003976     0.006490   0.00000000   0.00000000   0.00000000
     0.166550    -0.055231    -0.098555   0.00000000   0.00000000   0.00000000
    -0.324380     0.116664     0.213266   0.00000000   0.00000000   0.00000000
    -0.416367     0.135796     0.263011   0.00000000   0.00000000   0.00000000
     0.352232    -0.137841    -0.280069   0.00000000   0.00000000   0.00000000
     0.695139    -0.316655    -0.870274   0.00000000   0.00000000   0.00000000
     0.332718    -0.277897    -0.484410   0.00000000   0.00000000   0.00000000
   0.00000000   0.00000000   0.00000000   0.00000000   0.00000000     1.000000
     0.025828    -0.032056     1.486585   0.00000000   0.00000000   0.00000000
     0.004981     0.423317     0.922023   0.00000000   0.00000000   0.00000000
    -0.001683     0.531797    -0.595849   0.00000000   0.00000000   0.00000000
     0.000435     0.277369    -0.854420     1.000000   0.00000000   0.00000000
   0.00000000   0.00000000   0.00000000   0.00000000     1.000000   0.00000000

   61.264772   32.251314   16.977901    8.937593    4.704974
    2.476816    1.303858    0.686384    0.361330    0.247600
    0.190213    0.100133    0.052712    0.027749    0.011100

     0.000010    -0.000005     0.000084   0.00000000   0.00000000   0.00000000
     0.000101    -0.000026    -0.000481   0.00000000   0.00000000   0.00000000
    -0.000828     0.000228     0.001605   0.00000000   0.00000000   0.00000000
     0.027960    -0.010071    -0.020550   0.00000000   0.00000000   0.00000000
    -0.150727     0.057645     0.112995   0.00000000   0.00000000   0.00000000
    -0.058684     0.016356    -0.005545   0.00000000   0.00000000   0.00000000
     0.332497    -0.131647    -0.180445   0.00000000   0.00000000   0.00000000
     0.475203    -0.209140    -0.607065   0.00000000   0.00000000   0.00000000
     0.294986    -0.217697    -0.164012   0.00000000   0.00000000   0.00000000
   0.00000000   0.00000000   0.00000000   0.00000000   0.00000000     1.000000
     0.063364     0.144394     1.569653   0.00000000   0.00000000   0.00000000
     0.009953     0.580008     0.016433   0.00000000   0.00000000   0.00000000
     0.000002     0.398611    -0.873831   0.00000000   0.00000000   0.00000000
     0.000485     0.060573    -0.205566     1.000000   0.00000000   0.00000000
   0.00000000   0.00000000   0.00000000   0.00000000     1.000000   0.00000000

   66.228172   34.857112   18.345943    9.655809    5.082031
    2.674767    1.407779    1.160600    0.740940    0.389971
    0.205249    0.108026    0.056856    0.029924    0.011970

    -0.000004     0.000009   0.00000000   0.00000000   0.00000000
     0.000117    -0.000162   0.00000000   0.00000000   0.00000000
    -0.001137     0.001465   0.00000000   0.00000000   0.00000000
     0.001011    -0.001273   0.00000000   0.00000000   0.00000000
    -0.014957     0.019347   0.00000000   0.00000000   0.00000000
     0.016521    -0.027948   0.00000000   0.00000000   0.00000000
     0.139093    -0.193829   0.00000000   0.00000000   0.00000000
   0.00000000   0.00000000   0.00000000   0.00000000     1.000000
     0.263213    -0.342412   0.00000000   0.00000000   0.00000000
     0.313768    -0.302322   0.00000000   0.00000000   0.00000000
     0.274822     0.214070   0.00000000   0.00000000   0.00000000
     0.172475     0.531946   0.00000000   0.00000000   0.00000000
     0.064631     0.269023   0.00000000   0.00000000   0.00000000
     0.008949     0.040054     1.000000   0.00000000   0.00000000
   0.00000000   0.00000000   0.00000000     1.000000   0.00000000

    1.202200    0.327200    0.089100

     1.000000   0.00000000   0.00000000
   0.00000000     1.000000   0.00000000
   0.00000000   0.00000000     1.000000

Zr:aug-cc-pCVQZ-ccECP
ccECP aug-cc-pCVQZ for Zr | source recipes/Zr/ccECP/Zr.aug-cc-pCVQZ.gamess | ccECP from Haihan Zhou et al. Journal of Chemical Physics (2024) https://doi.org/10.1063/5.0180057

  6
    0    1    2    3    4    5
    9    9    8    5    4    3
   16   16   16    5    4    3

   59.444450   31.284120   16.464046    8.664613    4.559968
    2.399797    1.325900    1.262953    0.829100    0.664660
    0.349794    0.184088    0.096881    0.050986    0.026833
    0.010733

     0.000260    -0.000073    -0.000157     0.000018    -0.002880   0.00000000
   0.00000000   0.00000000   0.00000000
    -0.001118     0.000339     0.000770    -0.000118     0.015213   0.00000000
   0.00000000   0.00000000   0.00000000
    -0.012626     0.003976     0.006490     0.013983    -0.031775   0.00000000
   0.00000000   0.00000000   0.00000000
     0.166550    -0.055231    -0.098555    -0.168727    -0.074804   0.00000000
   0.00000000   0.00000000   0.00000000
    -0.324380     0.116664     0.213266     0.386428     0.138871   0.00000000
   0.00000000   0.00000000   0.00000000
    -0.416367     0.135796     0.263011     0.427103     1.480649   0.00000000
   0.00000000   0.00000000   0.00000000
   0.00000000   0.00000000   0.00000000   0.00000000   0.00000000   0.00000000
   0.00000000     1.000000   0.00000000
     0.352232    -0.137841    -0.280069    -0.678406    -3.142922   0.00000000
   0.00000000   0.00000000   0.00000000
   0.00000000   0.00000000   0.00000000   0.00000000   0.00000000   0.00000000
   0.00000000   0.00000000     1.000000
     0.695139    -0.316655    -0.870274    -2.443907    -1.390192   0.00000000
   0.00000000   0.00000000   0.00000000
     0.332718    -0.277897    -0.484410     2.826576     8.634693   0.00000000
   0.00000000   0.00000000   0.00000000
     0.025828    -0.032056     1.486585     1.800477    -8.692594   0.00000000
   0.00000000   0.00000000   0.00000000
     0.004981     0.423317     0.922023    -2.881485     1.176846   0.00000000
   0.00000000   0.00000000   0.00000000
    -0.001683     0.531797    -0.595849    -0.830255     4.291022   0.00000000
   0.00000000   0.00000000   0.00000000
     0.000435     0.277369    -0.854420     1.674551    -2.715043     1.000000
   0.00000000   0.00000000   0.00000000
   0.00000000   0.00000000   0.00000000   0.00000000   0.00000000   0.00000000
     1.000000   0.00000000   0.00000000

   61.264772   32.251314   16.977901    8.937593    4.704974
    2.476816    2.047700    1.303858    0.780300    0.686384
    0.361330    0.190213    0.100133    0.052712    0.027749
    0.011100

     0.000010    -0.000005     0.000084     0.000259    -0.003161   0.00000000
   0.00000000   0.00000000   0.00000000
     0.000101    -0.000026    -0.000481    -0.001420     0.014973   0.00000000
   0.00000000   0.00000000   0.00000000
    -0.000828     0.000228     0.001605     0.004754    -0.043238   0.00000000
   0.00000000   0.00000000   0.00000000
     0.027960    -0.010071    -0.020550    -0.047122     0.058609   0.00000000
   0.00000000   0.00000000   0.00000000
    -0.150727     0.057645     0.112995     0.254530     0.077285   0.00000000
   0.00000000   0.00000000   0.00000000
    -0.058684     0.016356    -0.005545    -0.013365     0.576139   0.00000000
   0.00000000   0.00000000   0.00000000
   0.00000000   0.00000000   0.00000000   0.00000000   0.00000000   0.00000000
   0.00000000     1.000000   0.00000000
     0.332497    -0.131647    -0.180445    -0.797588    -3.128096   0.00000000
   0.00000000   0.00000000   0.00000000
   0.00000000   0.00000000   0.00000000   0.00000000   0.00000000   0.00000000
   0.00000000   0.00000000     1.000000
     0.475203    -0.209140    -0.607065    -1.089853     3.130152   0.00000000
   0.00000000   0.00000000   0.00000000
     0.294986    -0.217697    -0.164012     2.961431     1.226405   0.00000000
   0.00000000   0.00000000   0.00000000
     0.063364     0.144394     1.569653    -0.826662    -5.502301   0.00000000
   0.00000000   0.00000000   0.00000000
     0.009953     0.580008     0.016433    -1.720437     5.421318   0.00000000
   0.00000000   0.00000000   0.00000000
     0.000002     0.398611    -0.873831     1.012289    -2.001991   0.00000000
   0.00000000   0.00000000   0.00000000
     0.000485     0.060573    -0.205566     0.322678    -0.196999     1.000000
   0.00000000   0.00000000   0.00000000
   0.00000000   0.00000000   0.00000000   0.00000000   0.00000000   0.00000000
     1.000000   0.00000000   0.00000000

   66.228172   34.857112   18.345943    9.655809    5.082031
    2.674767    2.000200    1.407779    0.740940    0.660300
    0.389971    0.205249    0.108026    0.056856    0.029924
    0.011970

    -0.000004     0.000009     0.000092    -0.000119   0.00000000   0.00000000
   0.00000000   0.00000000
     0.000117    -0.000162    -0.000570     0.000300   0.00000000   0.00000000
   0.00000000   0.00000000
    -0.001137     0.001465     0.002961     0.001157   0.00000000   0.00000000
   0.00000000   0.00000000
     0.001011    -0.001273    -0.003918     0.000592   0.00000000   0.00000000
   0.00000000   0.00000000
    -0.014957     0.019347     0.031413     0.036534   0.00000000   0.00000000
   0.00000000   0.00000000
     0.016521    -0.027948    -0.054827    -0.050683   0.00000000   0.00000000
   0.00000000   0.00000000
   0.00000000   0.00000000   0.00000000   0.00000000   0.00000000   0.00000000
     1.000000   0.00000000
     0.139093    -0.193829    -0.266152    -0.677418   0.00000000   0.00000000
   0.00000000   0.00000000
     0.263213    -0.342412    -0.658766    -0.460442   0.00000000   0.00000000
   0.00000000   0.00000000
   0.00000000   0.00000000   0.00000000   0.00000000   0.00000000   0.00000000
   0.00000000     1.000000
     0.313768    -0.302322     0.398573     2.276709   0.00000000   0.00000000
   0.00000000   0.00000000
     0.274822     0.214070     1.064329    -1.521680   0.00000000   0.00000000
   0.00000000   0.00000000
     0.172475     0.531946    -0.462814    -0.573500   0.00000000   0.00000000
   0.00000000   0.00000000
     0.064631     0.269023    -0.504008     0.766924   0.00000000   0.00000000
   0.00000000   0.00000000
     0.008949     0.040054    -0.130245     0.229315     1.000000   0.00000000
   0.00000000   0.00000000
   0.00000000   0.00000000   0.00000000   0.00000000   0.00000000     1.000000
   0.00000000   0.00000000

    2.305800    0.964800    0.403700    0.135400    0.045400

     1.000000   0.00000000   0.00000000   0.00000000   0.00000000
   0.00000000     1.000000   0.00000000   0.00000000   0.00000000
   0.00000000   0.00000000     1.000000   0.00000000   0.00000000
   0.00000000   0.00000000   0.00000000     1.000000   0.00000000
   0.00000000   0.00000000   0.00000000   0.00000000     1.000000

    1.703000    0.728400    0.249000    0.085100

     1.000000   0.00000000   0.00000000   0.00000000
   0.00000000     1.000000   0.00000000   0.00000000
   0.00000000   0.00000000     1.000000   0.00000000
   0.00000000   0.00000000   0.00000000     1.000000

    1.493400    0.501000    0.168100

     1.000000   0.00000000   0.00000000
   0.00000000     1.000000   0.00000000
   0.00000000   0.00000000     1.000000

Zr:aug-cc-pCVTZ-ccECP
ccECP aug-cc-pCVTZ for Zr | source recipes/Zr/ccECP/Zr.aug-cc-pCVTZ.gamess | ccECP from Haihan Zhou et al. Journal of Chemical Physics (2024) https://doi.org/10.1063/5.0180057

  5
    0    1    2    3    4
    8    8    7    4    3
   16   16   16    4    3

   59.444450   31.284120   16.464046    8.664613    4.559968
    2.399797    1.262953    1.258400    0.786800    0.664660
    0.349794    0.184088    0.096881    0.050986    0.026833
    0.010733

     0.000260    -0.000073    -0.000157     0.000018   0.00000000   0.00000000
   0.00000000   0.00000000
    -0.001118     0.000339     0.000770    -0.000118   0.00000000   0.00000000
   0.00000000   0.00000000
    -0.012626     0.003976     0.006490     0.013983   0.00000000   0.00000000
   0.00000000   0.00000000
     0.166550    -0.055231    -0.098555    -0.168727   0.00000000   0.00000000
   0.00000000   0.00000000
    -0.324380     0.116664     0.213266     0.386428   0.00000000   0.00000000
   0.00000000   0.00000000
    -0.416367     0.135796     0.263011     0.427103   0.00000000   0.00000000
   0.00000000   0.00000000
     0.352232    -0.137841    -0.280069    -0.678406   0.00000000   0.00000000
   0.00000000   0.00000000
   0.00000000   0.00000000   0.00000000   0.00000000   0.00000000   0.00000000
     1.000000   0.00000000
   0.00000000   0.00000000   0.00000000   0.00000000   0.00000000   0.00000000
   0.00000000     1.000000
     0.695139    -0.316655    -0.870274    -2.443907   0.00000000   0.00000000
   0.00000000   0.00000000
     0.332718    -0.277897    -0.484410     2.826576   0.00000000   0.00000000
   0.00000000   0.00000000
     0.025828    -0.032056     1.486585     1.800477   0.00000000   0.00000000
   0.00000000   0.00000000
     0.004981     0.423317     0.922023    -2.881485   0.00000000   0.00000000
   0.00000000   0.00000000
    -0.001683     0.531797    -0.595849    -0.830255   0.00000000   0.00000000
   0.00000000   0.00000000
     0.000435     0.277369    -0.854420     1.674551     1.000000   0.00000000
   0.00000000   0.00000000
   0.00000000   0.00000000   0.00000000   0.00000000   0.00000000     1.000000
   0.00000000   0.00000000

   61.264772   32.251314   16.977901    8.937593    4.704974
    2.476816    1.863200    1.303858    0.686384    0.569200
    0.361330    0.190213    0.100133    0.052712    0.027749
    0.011100

     0.000010    -0.000005     0.000084     0.000259   0.00000000   0.00000000
   0.00000000   0.00000000
     0.000101    -0.000026    -0.000481    -0.001420   0.00000000   0.00000000
   0.00000000   0.00000000
    -0.000828     0.000228     0.001605     0.004754   0.00000000   0.00000000
   0.00000000   0.00000000
     0.027960    -0.010071    -0.020550    -0.047122   0.00000000   0.00000000
   0.00000000   0.00000000
    -0.150727     0.057645     0.112995     0.254530   0.00000000   0.00000000
   0.00000000   0.00000000
    -0.058684     0.016356    -0.005545    -0.013365   0.00000000   0.00000000
   0.00000000   0.00000000
   0.00000000   0.00000000   0.00000000   0.00000000   0.00000000   0.00000000
     1.000000   0.00000000
     0.332497    -0.131647    -0.180445    -0.797588   0.00000000   0.00000000
   0.00000000   0.00000000
     0.475203    -0.209140    -0.607065    -1.089853   0.00000000   0.00000000
   0.00000000   0.00000000
   0.00000000   0.00000000   0.00000000   0.00000000   0.00000000   0.00000000
   0.00000000     1.000000
     0.294986    -0.217697    -0.164012     2.961431   0.00000000   0.00000000
   0.00000000   0.00000000
     0.063364     0.144394     1.569653    -0.826662   0.00000000   0.00000000
   0.00000000   0.00000000
     0.009953     0.580008     0.016433    -1.720437   0.00000000   0.00000000
   0.00000000   0.00000000
     0.000002     0.398611    -0.873831     1.012289   0.00000000   0.00000000
   0.00000000   0.00000000
     0.000485     0.060573    -0.205566     0.322678     1.000000   0.00000000
   0.00000000   0.00000000
   0.00000000   0.00000000   0.00000000   0.00000000   0.00000000     1.000000
   0.00000000   0.00000000

   66.228172   34.857112   18.345943    9.655809    5.082031
    2.674767    1.407779    0.943700    0.740940    0.459100
    0.389971    0.205249    0.108026    0.056856    0.029924
    0.011970

    -0.000004     0.000009     0.000092   0.00000000   0.00000000   0.00000000
   0.00000000
     0.000117    -0.000162    -0.000570   0.00000000   0.00000000   0.00000000
   0.00000000
    -0.001137     0.001465     0.002961   0.00000000   0.00000000   0.00000000
   0.00000000
     0.001011    -0.001273    -0.003918   0.00000000   0.00000000   0.00000000
   0.00000000
    -0.014957     0.019347     0.031413   0.00000000   0.00000000   0.00000000
   0.00000000
     0.016521    -0.027948    -0.054827   0.00000000   0.00000000   0.00000000
   0.00000000
     0.139093    -0.193829    -0.266152   0.00000000   0.00000000   0.00000000
   0.00000000
   0.00000000   0.00000000   0.00000000   0.00000000   0.00000000     1.000000
   0.00000000
     0.263213    -0.342412    -0.658766   0.00000000   0.00000000   0.00000000
   0.00000000
   0.00000000   0.00000000   0.00000000   0.00000000   0.00000000   0.00000000
     1.000000
     0.313768    -0.302322     0.398573   0.00000000   0.00000000   0.00000000
   0.00000000
     0.274822     0.214070     1.064329   0.00000000   0.00000000   0.00000000
   0.00000000
     0.172475     0.531946    -0.462814   0.00000000   0.00000000   0.00000000
   0.00000000
     0.064631     0.269023    -0.504008   0.00000000   0.00000000   0.00000000
   0.00000000
     0.008949     0.040054    -0.130245     1.000000   0.00000000   0.00000000
   0.00000000
   0.00000000   0.00000000   0.00000000   0.00000000     1.000000   0.00000000
   0.00000000

    1.700700    0.603200    0.193100    0.061800

     1.000000   0.00000000   0.00000000   0.00000000
   0.00000000     1.000000   0.00000000   0.00000000
   0.00000000   0.00000000     1.000000   0.00000000
   0.00000000   0.00000000   0.00000000     1.000000

    1.320300    0.419500    0.133300

     1.000000   0.00000000   0.00000000
   0.00000000     1.000000   0.00000000
   0.00000000   0.00000000     1.000000

Zr:aug-cc-pV5Z-ccECP
ccECP aug-cc-pV5Z for Zr | source recipes/Zr/ccECP/Zr.aug-cc-pV5Z.gamess | ccECP from Haihan Zhou et al. Journal of Chemical Physics (2024) https://doi.org/10.1063/5.0180057

  7
    0    1    2    3    4    5    6
    8    8    7    5    4    3    2
   14   14   14    5    4    3    2

   59.444450   31.284120   16.464046    8.664613    4.559968
    2.399797    1.262953    0.664660    0.349794    0.184088
    0.096881    0.050986    0.026833    0.010733

     0.000260    -0.000073    -0.000157     0.000018    -0.002880    -0.007469
   0.00000000   0.00000000
    -0.001118     0.000339     0.000770    -0.000118     0.015213     0.039397
   0.00000000   0.00000000
    -0.012626     0.003976     0.006490     0.013983    -0.031775    -0.097694
   0.00000000   0.00000000
     0.166550    -0.055231    -0.098555    -0.168727    -0.074804    -0.023779
   0.00000000   0.00000000
    -0.324380     0.116664     0.213266     0.386428     0.138871     0.158800
   0.00000000   0.00000000
    -0.416367     0.135796     0.263011     0.427103     1.480649     2.992294
   0.00000000   0.00000000
     0.352232    -0.137841    -0.280069    -0.678406    -3.142922   -10.617977
   0.00000000   0.00000000
     0.695139    -0.316655    -0.870274    -2.443907    -1.390192    13.958250
   0.00000000   0.00000000
     0.332718    -0.277897    -0.484410     2.826576     8.634693    -7.189698
   0.00000000   0.00000000
     0.025828    -0.032056     1.486585     1.800477    -8.692594    -4.763299
   0.00000000   0.00000000
     0.004981     0.423317     0.922023    -2.881485     1.176846    12.371239
   0.00000000   0.00000000
    -0.001683     0.531797    -0.595849    -0.830255     4.291022   -10.671754
   0.00000000   0.00000000
     0.000435     0.277369    -0.854420     1.674551    -2.715043     3.859248
     1.000000   0.00000000
   0.00000000   0.00000000   0.00000000   0.00000000   0.00000000   0.00000000
   0.00000000     1.000000

   61.264772   32.251314   16.977901    8.937593    4.704974
    2.476816    1.303858    0.686384    0.361330    0.190213
    0.100133    0.052712    0.027749    0.011100

     0.000010    -0.000005     0.000084     0.000259    -0.003161     0.001530
   0.00000000   0.00000000
     0.000101    -0.000026    -0.000481    -0.001420     0.014973    -0.007987
   0.00000000   0.00000000
    -0.000828     0.000228     0.001605     0.004754    -0.043238     0.028198
   0.00000000   0.00000000
     0.027960    -0.010071    -0.020550    -0.047122     0.058609    -0.138790
   0.00000000   0.00000000
    -0.150727     0.057645     0.112995     0.254530     0.077285     0.537810
   0.00000000   0.00000000
    -0.058684     0.016356    -0.005545    -0.013365     0.576139     0.074576
   0.00000000   0.00000000
     0.332497    -0.131647    -0.180445    -0.797588    -3.128096    -4.570540
   0.00000000   0.00000000
     0.475203    -0.209140    -0.607065    -1.089853     3.130152    10.384362
   0.00000000   0.00000000
     0.294986    -0.217697    -0.164012     2.961431     1.226405   -12.943228
   0.00000000   0.00000000
     0.063364     0.144394     1.569653    -0.826662    -5.502301    10.626905
   0.00000000   0.00000000
     0.009953     0.580008     0.016433    -1.720437     5.421318    -5.222789
   0.00000000   0.00000000
     0.000002     0.398611    -0.873831     1.012289    -2.001991     0.486680
   0.00000000   0.00000000
     0.000485     0.060573    -0.205566     0.322678    -0.196999     0.768141
     1.000000   0.00000000
   0.00000000   0.00000000   0.00000000   0.00000000   0.00000000   0.00000000
   0.00000000     1.000000

   66.228172   34.857112   18.345943    9.655809    5.082031
    2.674767    1.407779    0.740940    0.389971    0.205249
    0.108026    0.056856    0.029924    0.011970

    -0.000004     0.000009     0.000092    -0.000119    -0.001833   0.00000000
   0.00000000
     0.000117    -0.000162    -0.000570     0.000300     0.007889   0.00000000
   0.00000000
    -0.001137     0.001465     0.002961     0.001157    -0.019680   0.00000000
   0.00000000
     0.001011    -0.001273    -0.003918     0.000592     0.047137   0.00000000
   0.00000000
    -0.014957     0.019347     0.031413     0.036534    -0.045492   0.00000000
   0.00000000
     0.016521    -0.027948    -0.054827    -0.050683     0.185114   0.00000000
   0.00000000
     0.139093    -0.193829    -0.266152    -0.677418    -1.903848   0.00000000
   0.00000000
     0.263213    -0.342412    -0.658766    -0.460442     2.517589   0.00000000
   0.00000000
     0.313768    -0.302322     0.398573     2.276709    -0.295300   0.00000000
   0.00000000
     0.274822     0.214070     1.064329    -1.521680    -2.556280   0.00000000
   0.00000000
     0.172475     0.531946    -0.462814    -0.573500     3.170926   0.00000000
   0.00000000
     0.064631     0.269023    -0.504008     0.766924    -1.304580   0.00000000
   0.00000000
     0.008949     0.040054    -0.130245     0.229315    -0.273068     1.000000
   0.00000000
   0.00000000   0.00000000   0.00000000   0.00000000   0.00000000   0.00000000
     1.000000

    2.384200    0.847500    0.301300    0.107100    0.038100

     1.000000   0.00000000   0.00000000   0.00000000   0.00000000
   0.00000000     1.000000   0.00000000   0.00000000   0.00000000
   0.00000000   0.00000000     1.000000   0.00000000   0.00000000
   0.00000000   0.00000000   0.00000000     1.000000   0.00000000
   0.00000000   0.00000000   0.00000000   0.00000000     1.000000

    1.241000    0.461500    0.171600    0.059500

     1.000000   0.00000000   0.00000000   0.00000000
   0.00000000     1.000000   0.00000000   0.00000000
   0.00000000   0.00000000     1.000000   0.00000000
   0.00000000   0.00000000   0.00000000     1.000000

    0.925700    0.311800    0.109300

     1.000000   0.00000000   0.00000000
   0.00000000     1.000000   0.00000000
   0.00000000   0.00000000     1.000000

    0.587700    0.201300

     1.000000   0.00000000
   0.00000000     1.000000

Zr:aug-cc-pVDZ-ccECP
ccECP aug-cc-pVDZ for Zr | source recipes/Zr/ccECP/Zr.aug-cc-pVDZ.gamess | ccECP from Haihan Zhou et al. Journal of Chemical Physics (2024) https://doi.org/10.1063/5.0180057

  4
    0    1    2    3
    5    5    4    2
   14   14   14    2

   59.444450   31.284120   16.464046    8.664613    4.559968
    2.399797    1.262953    0.664660    0.349794    0.184088
    0.096881    0.050986    0.026833    0.010733

     0.000260    -0.000073    -0.000157   0.00000000   0.00000000
    -0.001118     0.000339     0.000770   0.00000000   0.00000000
    -0.012626     0.003976     0.006490   0.00000000   0.00000000
     0.166550    -0.055231    -0.098555   0.00000000   0.00000000
    -0.324380     0.116664     0.213266   0.00000000   0.00000000
    -0.416367     0.135796     0.263011   0.00000000   0.00000000
     0.352232    -0.137841    -0.280069   0.00000000   0.00000000
     0.695139    -0.316655    -0.870274   0.00000000   0.00000000
     0.332718    -0.277897    -0.484410   0.00000000   0.00000000
     0.025828    -0.032056     1.486585   0.00000000   0.00000000
     0.004981     0.423317     0.922023   0.00000000   0.00000000
    -0.001683     0.531797    -0.595849   0.00000000   0.00000000
     0.000435     0.277369    -0.854420     1.000000   0.00000000
   0.00000000   0.00000000   0.00000000   0.00000000     1.000000

   61.264772   32.251314   16.977901    8.937593    4.704974
    2.476816    1.303858    0.686384    0.361330    0.190213
    0.100133    0.052712    0.027749    0.011100

     0.000010    -0.000005     0.000084   0.00000000   0.00000000
     0.000101    -0.000026    -0.000481   0.00000000   0.00000000
    -0.000828     0.000228     0.001605   0.00000000   0.00000000
     0.027960    -0.010071    -0.020550   0.00000000   0.00000000
    -0.150727     0.057645     0.112995   0.00000000   0.00000000
    -0.058684     0.016356    -0.005545   0.00000000   0.00000000
     0.332497    -0.131647    -0.180445   0.00000000   0.00000000
     0.475203    -0.209140    -0.607065   0.00000000   0.00000000
     0.294986    -0.217697    -0.164012   0.00000000   0.00000000
     0.063364     0.144394     1.569653   0.00000000   0.00000000
     0.009953     0.580008     0.016433   0.00000000   0.00000000
     0.000002     0.398611    -0.873831   0.00000000   0.00000000
     0.000485     0.060573    -0.205566     1.000000   0.00000000
   0.00000000   0.00000000   0.00000000   0.00000000     1.000000

   66.228172   34.857112   18.345943    9.655809    5.082031
    2.674767    1.407779    0.740940    0.389971    0.205249
    0.108026    0.056856    0.029924    0.011970

    -0.000004     0.000009   0.00000000   0.00000000
     0.000117    -0.000162   0.00000000   0.00000000
    -0.001137     0.001465   0.00000000   0.00000000
     0.001011    -0.001273   0.00000000   0.00000000
    -0.014957     0.019347   0.00000000   0.00000000
     0.016521    -0.027948   0.00000000   0.00000000
     0.139093    -0.193829   0.00000000   0.00000000
     0.263213    -0.342412   0.00000000   0.00000000
     0.313768    -0.302322   0.00000000   0.00000000
     0.274822     0.214070   0.00000000   0.00000000
     0.172475     0.531946   0.00000000   0.00000000
     0.064631     0.269023   0.00000000   0.00000000
     0.008949     0.040054     1.000000   0.00000000
   0.00000000   0.00000000   0.00000000     1.000000

    0.327200    0.089100

     1.000000   0.00000000
   0.00000000     1.000000

Zr:aug-cc-pVQZ-ccECP
ccECP aug-cc-pVQZ for Zr | source recipes/Zr/ccECP/Zr.aug-cc-pVQZ.gamess | ccECP from Haihan Zhou et al. Journal of Chemical Physics (2024) https://doi.org/10.1063/5.0180057

  6
    0    1    2    3    4    5
    7    7    6    4    3    2
   14   14   14    4    3    2

   59.444450   31.284120   16.464046    8.664613    4.559968
    2.399797    1.262953    0.664660    0.349794    0.184088
    0.096881    0.050986    0.026833    0.010733

     0.000260    -0.000073    -0.000157     0.000018    -0.002880   0.00000000
   0.00000000
    -0.001118     0.000339     0.000770    -0.000118     0.015213   0.00000000
   0.00000000
    -0.012626     0.003976     0.006490     0.013983    -0.031775   0.00000000
   0.00000000
     0.166550    -0.055231    -0.098555    -0.168727    -0.074804   0.00000000
   0.00000000
    -0.324380     0.116664     0.213266     0.386428     0.138871   0.00000000
   0.00000000
    -0.416367     0.135796     0.263011     0.427103     1.480649   0.00000000
   0.00000000
     0.352232    -0.137841    -0.280069    -0.678406    -3.142922   0.00000000
   0.00000000
     0.695139    -0.316655    -0.870274    -2.443907    -1.390192   0.00000000
   0.00000000
     0.332718    -0.277897    -0.484410     2.826576     8.634693   0.00000000
   0.00000000
     0.025828    -0.032056     1.486585     1.800477    -8.692594   0.00000000
   0.00000000
     0.004981     0.423317     0.922023    -2.881485     1.176846   0.00000000
   0.00000000
    -0.001683     0.531797    -0.595849    -0.830255     4.291022   0.00000000
   0.00000000
     0.000435     0.277369    -0.854420     1.674551    -2.715043     1.000000
   0.00000000
   0.00000000   0.00000000   0.00000000   0.00000000   0.00000000   0.00000000
     1.000000

   61.264772   32.251314   16.977901    8.937593    4.704974
    2.476816    1.303858    0.686384    0.361330    0.190213
    0.100133    0.052712    0.027749    0.011100

     0.000010    -0.000005     0.000084     0.000259    -0.003161   0.00000000
   0.00000000
     0.000101    -0.000026    -0.000481    -0.001420     0.014973   0.00000000
   0.00000000
    -0.000828     0.000228     0.001605     0.004754    -0.043238   0.00000000
   0.00000000
     0.027960    -0.010071    -0.020550    -0.047122     0.058609   0.00000000
   0.00000000
    -0.150727     0.057645     0.112995     0.254530     0.077285   0.00000000
   0.00000000
    -0.058684     0.016356    -0.005545    -0.013365     0.576139   0.00000000
   0.00000000
     0.332497    -0.131647    -0.180445    -0.797588    -3.128096   0.00000000
   0.00000000
     0.475203    -0.209140    -0.607065    -1.089853     3.130152   0.00000000
   0.00000000
     0.294986    -0.217697    -0.164012     2.961431     1.226405   0.00000000
   0.00000000
     0.063364     0.144394     1.569653    -0.826662    -5.502301   0.00000000
   0.00000000
     0.009953     0.580008     0.016433    -1.720437     5.421318   0.00000000
   0.00000000
     0.000002     0.398611    -0.873831     1.012289    -2.001991   0.00000000
   0.00000000
     0.000485     0.060573    -0.205566     0.322678    -0.196999     1.000000
   0.00000000
   0.00000000   0.00000000   0.00000000   0.00000000   0.00000000   0.00000000
     1.000000

   66.228172   34.857112   18.345943    9.655809    5.082031
    2.674767    1.407779    0.740940    0.389971    0.205249
    0.108026    0.056856    0.029924    0.011970

    -0.000004     0.000009     0.000092    -0.000119   0.00000000   0.00000000
     0.000117    -0.000162    -0.000570     0.000300   0.00000000   0.00000000
    -0.001137     0.001465     0.002961     0.001157   0.00000000   0.00000000
     0.001011    -0.001273    -0.003918     0.000592   0.00000000   0.00000000
    -0.014957     0.019347     0.031413     0.036534   0.00000000   0.00000000
     0.016521    -0.027948    -0.054827    -0.050683   0.00000000   0.00000000
     0.139093    -0.193829    -0.266152    -0.677418   0.00000000   0.00000000
     0.263213    -0.342412    -0.658766    -0.460442   0.00000000   0.00000000
     0.313768    -0.302322     0.398573     2.276709   0.00000000   0.00000000
     0.274822     0.214070     1.064329    -1.521680   0.00000000   0.00000000
     0.172475     0.531946    -0.462814    -0.573500   0.00000000   0.00000000
     0.064631     0.269023    -0.504008     0.766924   0.00000000   0.00000000
     0.008949     0.040054    -0.130245     0.229315     1.000000   0.00000000
   0.00000000   0.00000000   0.00000000   0.00000000   0.00000000     1.000000

    1.360100    0.429100    0.135400    0.045400

     1.000000   0.00000000   0.00000000   0.00000000
   0.00000000     1.000000   0.00000000   0.00000000
   0.00000000   0.00000000     1.000000   0.00000000
   0.00000000   0.00000000   0.00000000     1.000000

    0.816900    0.249000    0.085100

     1.000000   0.00000000   0.00000000
   0.00000000     1.000000   0.00000000
   0.00000000   0.00000000     1.000000

    0.501000    0.168100

     1.000000   0.00000000
   0.00000000     1.000000

Zr:aug-cc-pVTZ-ccECP
ccECP aug-cc-pVTZ for Zr | source recipes/Zr/ccECP/Zr.aug-cc-pVTZ.gamess | ccECP from Haihan Zhou et al. Journal of Chemical Physics (2024) https://doi.org/10.1063/5.0180057

  5
    0    1    2    3    4
    6    6    5    3    2
   14   14   14    3    2

   59.444450   31.284120   16.464046    8.664613    4.559968
    2.399797    1.262953    0.664660    0.349794    0.184088
    0.096881    0.050986    0.026833    0.010733

     0.000260    -0.000073    -0.000157     0.000018   0.00000000   0.00000000
    -0.001118     0.000339     0.000770    -0.000118   0.00000000   0.00000000
    -0.012626     0.003976     0.006490     0.013983   0.00000000   0.00000000
     0.166550    -0.055231    -0.098555    -0.168727   0.00000000   0.00000000
    -0.324380     0.116664     0.213266     0.386428   0.00000000   0.00000000
    -0.416367     0.135796     0.263011     0.427103   0.00000000   0.00000000
     0.352232    -0.137841    -0.280069    -0.678406   0.00000000   0.00000000
     0.695139    -0.316655    -0.870274    -2.443907   0.00000000   0.00000000
     0.332718    -0.277897    -0.484410     2.826576   0.00000000   0.00000000
     0.025828    -0.032056     1.486585     1.800477   0.00000000   0.00000000
     0.004981     0.423317     0.922023    -2.881485   0.00000000   0.00000000
    -0.001683     0.531797    -0.595849    -0.830255   0.00000000   0.00000000
     0.000435     0.277369    -0.854420     1.674551     1.000000   0.00000000
   0.00000000   0.00000000   0.00000000   0.00000000   0.00000000     1.000000

   61.264772   32.251314   16.977901    8.937593    4.704974
    2.476816    1.303858    0.686384    0.361330    0.190213
    0.100133    0.052712    0.027749    0.011100

     0.000010    -0.000005     0.000084     0.000259   0.00000000   0.00000000
     0.000101    -0.000026    -0.000481    -0.001420   0.00000000   0.00000000
    -0.000828     0.000228     0.001605     0.004754   0.00000000   0.00000000
     0.027960    -0.010071    -0.020550    -0.047122   0.00000000   0.00000000
    -0.150727     0.057645     0.112995     0.254530   0.00000000   0.00000000
    -0.058684     0.016356    -0.005545    -0.013365   0.00000000   0.00000000
     0.332497    -0.131647    -0.180445    -0.797588   0.00000000   0.00000000
     0.475203    -0.209140    -0.607065    -1.089853   0.00000000   0.00000000
     0.294986    -0.217697    -0.164012     2.961431   0.00000000   0.00000000
     0.063364     0.144394     1.569653    -0.826662   0.00000000   0.00000000
     0.009953     0.580008     0.016433    -1.720437   0.00000000   0.00000000
     0.000002     0.398611    -0.873831     1.012289   0.00000000   0.00000000
     0.000485     0.060573    -0.205566     0.322678     1.000000   0.00000000
   0.00000000   0.00000000   0.00000000   0.00000000   0.00000000     1.000000

   66.228172   34.857112   18.345943    9.655809    5.082031
    2.674767    1.407779    0.740940    0.389971    0.205249
    0.108026    0.056856    0.029924    0.011970

    -0.000004     0.000009     0.000092   0.00000000   0.00000000
     0.000117    -0.000162    -0.000570   0.00000000   0.00000000
    -0.001137     0.001465     0.002961   0.00000000   0.00000000
     0.001011    -0.001273    -0.003918   0.00000000   0.00000000
    -0.014957     0.019347     0.031413   0.00000000   0.00000000
     0.016521    -0.027948    -0.054827   0.00000000   0.00000000
     0.139093    -0.193829    -0.266152   0.00000000   0.00000000
     0.263213    -0.342412    -0.658766   0.00000000   0.00000000
     0.313768    -0.302322     0.398573   0.00000000   0.00000000
     0.274822     0.214070     1.064329   0.00000000   0.00000000
     0.172475     0.531946    -0.462814   0.00000000   0.00000000
     0.064631     0.269023    -0.504008   0.00000000   0.00000000
     0.008949     0.040054    -0.130245     1.000000   0.00000000
   0.00000000   0.00000000   0.00000000   0.00000000     1.000000

    0.739500    0.193100    0.061800

     1.000000   0.00000000   0.00000000
   0.00000000     1.000000   0.00000000
   0.00000000   0.00000000     1.000000

    0.419500    0.133300

     1.000000   0.00000000
   0.00000000     1.000000

Zr:cc-pCV5Z-ccECP
ccECP cc-pCV5Z for Zr | source recipes/Zr/ccECP/Zr.cc-pCV5Z.gamess | ccECP from Haihan Zhou et al. Journal of Chemical Physics (2024) https://doi.org/10.1063/5.0180057

  7
    0    1    2    3    4    5    6
    9    9    8    5    4    3    2
   15   15   15    5    4    3    2

   59.444450   31.284120   16.464046    8.664613    4.559968
    2.399797    1.262953    0.799700    0.664660    0.499900
    0.349794    0.184088    0.096881    0.050986    0.026833

     0.000260    -0.000073    -0.000157     0.000018    -0.002880    -0.007469
   0.00000000   0.00000000   0.00000000
    -0.001118     0.000339     0.000770    -0.000118     0.015213     0.039397
   0.00000000   0.00000000   0.00000000
    -0.012626     0.003976     0.006490     0.013983    -0.031775    -0.097694
   0.00000000   0.00000000   0.00000000
     0.166550    -0.055231    -0.098555    -0.168727    -0.074804    -0.023779
   0.00000000   0.00000000   0.00000000
    -0.324380     0.116664     0.213266     0.386428     0.138871     0.158800
   0.00000000   0.00000000   0.00000000
    -0.416367     0.135796     0.263011     0.427103     1.480649     2.992294
   0.00000000   0.00000000   0.00000000
     0.352232    -0.137841    -0.280069    -0.678406    -3.142922   -10.617977
   0.00000000   0.00000000   0.00000000
   0.00000000   0.00000000   0.00000000   0.00000000   0.00000000   0.00000000
   0.00000000     1.000000   0.00000000
     0.695139    -0.316655    -0.870274    -2.443907    -1.390192    13.958250
   0.00000000   0.00000000   0.00000000
   0.00000000   0.00000000   0.00000000   0.00000000   0.00000000   0.00000000
   0.00000000   0.00000000     1.000000
     0.332718    -0.277897    -0.484410     2.826576     8.634693    -7.189698
   0.00000000   0.00000000   0.00000000
     0.025828    -0.032056     1.486585     1.800477    -8.692594    -4.763299
   0.00000000   0.00000000   0.00000000
     0.004981     0.423317     0.922023    -2.881485     1.176846    12.371239
   0.00000000   0.00000000   0.00000000
    -0.001683     0.531797    -0.595849    -0.830255     4.291022   -10.671754
   0.00000000   0.00000000   0.00000000
     0.000435     0.277369    -0.854420     1.674551    -2.715043     3.859248
     1.000000   0.00000000   0.00000000

   61.264772   32.251314   16.977901    8.937593    4.704974
    2.476816    2.199900    1.303858    1.002800    0.686384
    0.361330    0.190213    0.100133    0.052712    0.027749

     0.000010    -0.000005     0.000084     0.000259    -0.003161     0.001530
   0.00000000   0.00000000   0.00000000
     0.000101    -0.000026    -0.000481    -0.001420     0.014973    -0.007987
   0.00000000   0.00000000   0.00000000
    -0.000828     0.000228     0.001605     0.004754    -0.043238     0.028198
   0.00000000   0.00000000   0.00000000
     0.027960    -0.010071    -0.020550    -0.047122     0.058609    -0.138790
   0.00000000   0.00000000   0.00000000
    -0.150727     0.057645     0.112995     0.254530     0.077285     0.537810
   0.00000000   0.00000000   0.00000000
    -0.058684     0.016356    -0.005545    -0.013365     0.576139     0.074576
   0.00000000   0.00000000   0.00000000
   0.00000000   0.00000000   0.00000000   0.00000000   0.00000000   0.00000000
   0.00000000     1.000000   0.00000000
     0.332497    -0.131647    -0.180445    -0.797588    -3.128096    -4.570540
   0.00000000   0.00000000   0.00000000
   0.00000000   0.00000000   0.00000000   0.00000000   0.00000000   0.00000000
   0.00000000   0.00000000     1.000000
     0.475203    -0.209140    -0.607065    -1.089853     3.130152    10.384362
   0.00000000   0.00000000   0.00000000
     0.294986    -0.217697    -0.164012     2.961431     1.226405   -12.943228
   0.00000000   0.00000000   0.00000000
     0.063364     0.144394     1.569653    -0.826662    -5.502301    10.626905
   0.00000000   0.00000000   0.00000000
     0.009953     0.580008     0.016433    -1.720437     5.421318    -5.222789
   0.00000000   0.00000000   0.00000000
     0.000002     0.398611    -0.873831     1.012289    -2.001991     0.486680
   0.00000000   0.00000000   0.00000000
     0.000485     0.060573    -0.205566     0.322678    -0.196999     0.768141
     1.000000   0.00000000   0.00000000

   66.228172   34.857112   18.345943    9.655809    5.082031
    2.674767    2.441600    1.407779    0.890300    0.740940
    0.389971    0.205249    0.108026    0.056856    0.029924

    -0.000004     0.000009     0.000092    -0.000119    -0.001833   0.00000000
   0.00000000   0.00000000
     0.000117    -0.000162    -0.000570     0.000300     0.007889   0.00000000
   0.00000000   0.00000000
    -0.001137     0.001465     0.002961     0.001157    -0.019680   0.00000000
   0.00000000   0.00000000
     0.001011    -0.001273    -0.003918     0.000592     0.047137   0.00000000
   0.00000000   0.00000000
    -0.014957     0.019347     0.031413     0.036534    -0.045492   0.00000000
   0.00000000   0.00000000
     0.016521    -0.027948    -0.054827    -0.050683     0.185114   0.00000000
   0.00000000   0.00000000
   0.00000000   0.00000000   0.00000000   0.00000000   0.00000000   0.00000000
     1.000000   0.00000000
     0.139093    -0.193829    -0.266152    -0.677418    -1.903848   0.00000000
   0.00000000   0.00000000
   0.00000000   0.00000000   0.00000000   0.00000000   0.00000000   0.00000000
   0.00000000     1.000000
     0.263213    -0.342412    -0.658766    -0.460442     2.517589   0.00000000
   0.00000000   0.00000000
     0.313768    -0.302322     0.398573     2.276709    -0.295300   0.00000000
   0.00000000   0.00000000
     0.274822     0.214070     1.064329    -1.521680    -2.556280   0.00000000
   0.00000000   0.00000000
     0.172475     0.531946    -0.462814    -0.573500     3.170926   0.00000000
   0.00000000   0.00000000
     0.064631     0.269023    -0.504008     0.766924    -1.304580   0.00000000
   0.00000000   0.00000000
     0.008949     0.040054    -0.130245     0.229315    -0.273068     1.000000
   0.00000000   0.00000000

    3.415300    1.520100    0.676600    0.301100    0.107100

     1.000000   0.00000000   0.00000000   0.00000000   0.00000000
   0.00000000     1.000000   0.00000000   0.00000000   0.00000000
   0.00000000   0.00000000     1.000000   0.00000000   0.00000000
   0.00000000   0.00000000   0.00000000     1.000000   0.00000000
   0.00000000   0.00000000   0.00000000   0.00000000     1.000000

    2.039500    1.005100    0.495300    0.171600

     1.000000   0.00000000   0.00000000   0.00000000
   0.00000000     1.000000   0.00000000   0.00000000
   0.00000000   0.00000000     1.000000   0.00000000
   0.00000000   0.00000000   0.00000000     1.000000

    1.930400    0.889900    0.311800

     1.000000   0.00000000   0.00000000
   0.00000000     1.000000   0.00000000
   0.00000000   0.00000000     1.000000

    1.715800    0.587700

     1.000000   0.00000000
   0.00000000     1.000000

Zr:cc-pCVDZ-ccECP
ccECP cc-pCVDZ for Zr | source recipes/Zr/ccECP/Zr.cc-pCVDZ.gamess | ccECP from Haihan Zhou et al. Journal of Chemical Physics (2024) https://doi.org/10.1063/5.0180057

  4
    0    1    2    3
    5    5    4    2
   14   14   14    2

   59.444450   31.284120   16.464046    8.664613    4.559968
    2.399797    1.262953    0.664660    0.349794    0.299800
    0.184088    0.096881    0.050986    0.026833

     0.000260    -0.000073    -0.000157   0.00000000   0.00000000
    -0.001118     0.000339     0.000770   0.00000000   0.00000000
    -0.012626     0.003976     0.006490   0.00000000   0.00000000
     0.166550    -0.055231    -0.098555   0.00000000   0.00000000
    -0.324380     0.116664     0.213266   0.00000000   0.00000000
    -0.416367     0.135796     0.263011   0.00000000   0.00000000
     0.352232    -0.137841    -0.280069   0.00000000   0.00000000
     0.695139    -0.316655    -0.870274   0.00000000   0.00000000
     0.332718    -0.277897    -0.484410   0.00000000   0.00000000
   0.00000000   0.00000000   0.00000000   0.00000000     1.000000
     0.025828    -0.032056     1.486585   0.00000000   0.00000000
     0.004981     0.423317     0.922023   0.00000000   0.00000000
    -0.001683     0.531797    -0.595849   0.00000000   0.00000000
     0.000435     0.277369    -0.854420     1.000000   0.00000000

   61.264772   32.251314   16.977901    8.937593    4.704974
    2.476816    1.303858    0.686384    0.361330    0.247600
    0.190213    0.100133    0.052712    0.027749

     0.000010    -0.000005     0.000084   0.00000000   0.00000000
     0.000101    -0.000026    -0.000481   0.00000000   0.00000000
    -0.000828     0.000228     0.001605   0.00000000   0.00000000
     0.027960    -0.010071    -0.020550   0.00000000   0.00000000
    -0.150727     0.057645     0.112995   0.00000000   0.00000000
    -0.058684     0.016356    -0.005545   0.00000000   0.00000000
     0.332497    -0.131647    -0.180445   0.00000000   0.00000000
     0.475203    -0.209140    -0.607065   0.00000000   0.00000000
     0.294986    -0.217697    -0.164012   0.00000000   0.00000000
   0.00000000   0.00000000   0.00000000   0.00000000     1.000000
     0.063364     0.144394     1.569653   0.00000000   0.00000000
     0.009953     0.580008     0.016433   0.00000000   0.00000000
     0.000002     0.398611    -0.873831   0.00000000   0.00000000
     0.000485     0.060573    -0.205566     1.000000   0.00000000

   66.228172   34.857112   18.345943    9.655809    5.082031
    2.674767    1.407779    1.160600    0.740940    0.389971
    0.205249    0.108026    0.056856    0.029924

    -0.000004     0.000009   0.00000000   0.00000000
     0.000117    -0.000162   0.00000000   0.00000000
    -0.001137     0.001465   0.00000000   0.00000000
     0.001011    -0.001273   0.00000000   0.00000000
    -0.014957     0.019347   0.00000000   0.00000000
     0.016521    -0.027948   0.00000000   0.00000000
     0.139093    -0.193829   0.00000000   0.00000000
   0.00000000   0.00000000   0.00000000     1.000000
     0.263213    -0.342412   0.00000000   0.00000000
     0.313768    -0.302322   0.00000000   0.00000000
     0.274822     0.214070   0.00000000   0.00000000
     0.172475     0.531946   0.00000000   0.00000000
     0.064631     0.269023   0.00000000   0.00000000
     0.008949     0.040054     1.000000   0.00000000

    1.202200    0.327200

     1.000000   0.00000000
   0.00000000     1.000000

Zr:cc-pCVQZ-ccECP
ccECP cc-pCVQZ for Zr | source recipes/Zr/ccECP/Zr.cc-pCVQZ.gamess | ccECP from Haihan Zhou et al. Journal of Chemical Physics (2024) https://doi.org/10.1063/5.0180057

  6
    0    1    2    3    4    5
    8    8    7    4    3    2
   15   15   15    4    3    2

   59.444450   31.284120   16.464046    8.664613    4.559968
    2.399797    1.325900    1.262953    0.829100    0.664660
    0.349794    0.184088    0.096881    0.050986    0.026833

     0.000260    -0.000073    -0.000157     0.000018    -0.002880   0.00000000
   0.00000000   0.00000000
    -0.001118     0.000339     0.000770    -0.000118     0.015213   0.00000000
   0.00000000   0.00000000
    -0.012626     0.003976     0.006490     0.013983    -0.031775   0.00000000
   0.00000000   0.00000000
     0.166550    -0.055231    -0.098555    -0.168727    -0.074804   0.00000000
   0.00000000   0.00000000
    -0.324380     0.116664     0.213266     0.386428     0.138871   0.00000000
   0.00000000   0.00000000
    -0.416367     0.135796     0.263011     0.427103     1.480649   0.00000000
   0.00000000   0.00000000
   0.00000000   0.00000000   0.00000000   0.00000000   0.00000000   0.00000000
     1.000000   0.00000000
     0.352232    -0.137841    -0.280069    -0.678406    -3.142922   0.00000000
   0.00000000   0.00000000
   0.00000000   0.00000000   0.00000000   0.00000000   0.00000000   0.00000000
   0.00000000     1.000000
     0.695139    -0.316655    -0.870274    -2.443907    -1.390192   0.00000000
   0.00000000   0.00000000
     0.332718    -0.277897    -0.484410     2.826576     8.634693   0.00000000
   0.00000000   0.00000000
     0.025828    -0.032056     1.486585     1.800477    -8.692594   0.00000000
   0.00000000   0.00000000
     0.004981     0.423317     0.922023    -2.881485     1.176846   0.00000000
   0.00000000   0.00000000
    -0.001683     0.531797    -0.595849    -0.830255     4.291022   0.00000000
   0.00000000   0.00000000
     0.000435     0.277369    -0.854420     1.674551    -2.715043     1.000000
   0.00000000   0.00000000

   61.264772   32.251314   16.977901    8.937593    4.704974
    2.476816    2.047700    1.303858    0.780300    0.686384
    0.361330    0.190213    0.100133    0.052712    0.027749

     0.000010    -0.000005     0.000084     0.000259    -0.003161   0.00000000
   0.00000000   0.00000000
     0.000101    -0.000026    -0.000481    -0.001420     0.014973   0.00000000
   0.00000000   0.00000000
    -0.000828     0.000228     0.001605     0.004754    -0.043238   0.00000000
   0.00000000   0.00000000
     0.027960    -0.010071    -0.020550    -0.047122     0.058609   0.00000000
   0.00000000   0.00000000
    -0.150727     0.057645     0.112995     0.254530     0.077285   0.00000000
   0.00000000   0.00000000
    -0.058684     0.016356    -0.005545    -0.013365     0.576139   0.00000000
   0.00000000   0.00000000
   0.00000000   0.00000000   0.00000000   0.00000000   0.00000000   0.00000000
     1.000000   0.00000000
     0.332497    -0.131647    -0.180445    -0.797588    -3.128096   0.00000000
   0.00000000   0.00000000
   0.00000000   0.00000000   0.00000000   0.00000000   0.00000000   0.00000000
   0.00000000     1.000000
     0.475203    -0.209140    -0.607065    -1.089853     3.130152   0.00000000
   0.00000000   0.00000000
     0.294986    -0.217697    -0.164012     2.961431     1.226405   0.00000000
   0.00000000   0.00000000
     0.063364     0.144394     1.569653    -0.826662    -5.502301   0.00000000
   0.00000000   0.00000000
     0.009953     0.580008     0.016433    -1.720437     5.421318   0.00000000
   0.00000000   0.00000000
     0.000002     0.398611    -0.873831     1.012289    -2.001991   0.00000000
   0.00000000   0.00000000
     0.000485     0.060573    -0.205566     0.322678    -0.196999     1.000000
   0.00000000   0.00000000

   66.228172   34.857112   18.345943    9.655809    5.082031
    2.674767    2.000200    1.407779    0.740940    0.660300
    0.389971    0.205249    0.108026    0.056856    0.029924

    -0.000004     0.000009     0.000092    -0.000119   0.00000000   0.00000000
   0.00000000
     0.000117    -0.000162    -0.000570     0.000300   0.00000000   0.00000000
   0.00000000
    -0.001137     0.001465     0.002961     0.001157   0.00000000   0.00000000
   0.00000000
     0.001011    -0.001273    -0.003918     0.000592   0.00000000   0.00000000
   0.00000000
    -0.014957     0.019347     0.031413     0.036534   0.00000000   0.00000000
   0.00000000
     0.016521    -0.027948    -0.054827    -0.050683   0.00000000   0.00000000
   0.00000000
   0.00000000   0.00000000   0.00000000   0.00000000   0.00000000     1.000000
   0.00000000
     0.139093    -0.193829    -0.266152    -0.677418   0.00000000   0.00000000
   0.00000000
     0.263213    -0.342412    -0.658766    -0.460442   0.00000000   0.00000000
   0.00000000
   0.00000000   0.00000000   0.00000000   0.00000000   0.00000000   0.00000000
     1.000000
     0.313768    -0.302322     0.398573     2.276709   0.00000000   0.00000000
   0.00000000
     0.274822     0.214070     1.064329    -1.521680   0.00000000   0.00000000
   0.00000000
     0.172475     0.531946    -0.462814    -0.573500   0.00000000   0.00000000
   0.00000000
     0.064631     0.269023    -0.504008     0.766924   0.00000000   0.00000000
   0.00000000
     0.008949     0.040054    -0.130245     0.229315     1.000000   0.00000000
   0.00000000

    2.305800    0.964800    0.403700    0.135400

     1.000000   0.00000000   0.00000000   0.00000000
   0.00000000     1.000000   0.00000000   0.00000000
   0.00000000   0.00000000     1.000000   0.00000000
   0.00000000   0.00000000   0.00000000     1.000000

    1.703000    0.728400    0.249000

     1.000000   0.00000000   0.00000000
   0.00000000     1.000000   0.00000000
   0.00000000   0.00000000     1.000000

    1.493400    0.501000

     1.000000   0.00000000
   0.00000000     1.000000

Zr:cc-pCVTZ-ccECP
ccECP cc-pCVTZ for Zr | source recipes/Zr/ccECP/Zr.cc-pCVTZ.gamess | ccECP from Haihan Zhou et al. Journal of Chemical Physics (2024) https://doi.org/10.1063/5.0180057

  5
    0    1    2    3    4
    7    7    6    3    2
   15   15   15    3    2

   59.444450   31.284120   16.464046    8.664613    4.559968
    2.399797    1.262953    1.258400    0.786800    0.664660
    0.349794    0.184088    0.096881    0.050986    0.026833

     0.000260    -0.000073    -0.000157     0.000018   0.00000000   0.00000000
   0.00000000
    -0.001118     0.000339     0.000770    -0.000118   0.00000000   0.00000000
   0.00000000
    -0.012626     0.003976     0.006490     0.013983   0.00000000   0.00000000
   0.00000000
     0.166550    -0.055231    -0.098555    -0.168727   0.00000000   0.00000000
   0.00000000
    -0.324380     0.116664     0.213266     0.386428   0.00000000   0.00000000
   0.00000000
    -0.416367     0.135796     0.263011     0.427103   0.00000000   0.00000000
   0.00000000
     0.352232    -0.137841    -0.280069    -0.678406   0.00000000   0.00000000
   0.00000000
   0.00000000   0.00000000   0.00000000   0.00000000   0.00000000     1.000000
   0.00000000
   0.00000000   0.00000000   0.00000000   0.00000000   0.00000000   0.00000000
     1.000000
     0.695139    -0.316655    -0.870274    -2.443907   0.00000000   0.00000000
   0.00000000
     0.332718    -0.277897    -0.484410     2.826576   0.00000000   0.00000000
   0.00000000
     0.025828    -0.032056     1.486585     1.800477   0.00000000   0.00000000
   0.00000000
     0.004981     0.423317     0.922023    -2.881485   0.00000000   0.00000000
   0.00000000
    -0.001683     0.531797    -0.595849    -0.830255   0.00000000   0.00000000
   0.00000000
     0.000435     0.277369    -0.854420     1.674551     1.000000   0.00000000
   0.00000000

   61.264772   32.251314   16.977901    8.937593    4.704974
    2.476816    1.863200    1.303858    0.686384    0.569200
    0.361330    0.190213    0.100133    0.052712    0.027749

     0.000010    -0.000005     0.000084     0.000259   0.00000000   0.00000000
   0.00000000
     0.000101    -0.000026    -0.000481    -0.001420   0.00000000   0.00000000
   0.00000000
    -0.000828     0.000228     0.001605     0.004754   0.00000000   0.00000000
   0.00000000
     0.027960    -0.010071    -0.020550    -0.047122   0.00000000   0.00000000
   0.00000000
    -0.150727     0.057645     0.112995     0.254530   0.00000000   0.00000000
   0.00000000
    -0.058684     0.016356    -0.005545    -0.013365   0.00000000   0.00000000
   0.00000000
   0.00000000   0.00000000   0.00000000   0.00000000   0.00000000     1.000000
   0.00000000
     0.332497    -0.131647    -0.180445    -0.797588   0.00000000   0.00000000
   0.00000000
     0.475203    -0.209140    -0.607065    -1.089853   0.00000000   0.00000000
   0.00000000
   0.00000000   0.00000000   0.00000000   0.00000000   0.00000000   0.00000000
     1.000000
     0.294986    -0.217697    -0.164012     2.961431   0.00000000   0.00000000
   0.00000000
     0.063364     0.144394     1.569653    -0.826662   0.00000000   0.00000000
   0.00000000
     0.009953     0.580008     0.016433    -1.720437   0.00000000   0.00000000
   0.00000000
     0.000002     0.398611    -0.873831     1.012289   0.00000000   0.00000000
   0.00000000
     0.000485     0.060573    -0.205566     0.322678     1.000000   0.00000000
   0.00000000

   66.228172   34.857112   18.345943    9.655809    5.082031
    2.674767    1.407779    0.943700    0.740940    0.459100
    0.389971    0.205249    0.108026    0.056856    0.029924

    -0.000004     0.000009     0.000092   0.00000000   0.00000000   0.00000000
     0.000117    -0.000162    -0.000570   0.00000000   0.00000000   0.00000000
    -0.001137     0.001465     0.002961   0.00000000   0.00000000   0.00000000
     0.001011    -0.001273    -0.003918   0.00000000   0.00000000   0.00000000
    -0.014957     0.019347     0.031413   0.00000000   0.00000000   0.00000000
     0.016521    -0.027948    -0.054827   0.00000000   0.00000000   0.00000000
     0.139093    -0.193829    -0.266152   0.00000000   0.00000000   0.00000000
   0.00000000   0.00000000   0.00000000   0.00000000     1.000000   0.00000000
     0.263213    -0.342412    -0.658766   0.00000000   0.00000000   0.00000000
   0.00000000   0.00000000   0.00000000   0.00000000   0.00000000     1.000000
     0.313768    -0.302322     0.398573   0.00000000   0.00000000   0.00000000
     0.274822     0.214070     1.064329   0.00000000   0.00000000   0.00000000
     0.172475     0.531946    -0.462814   0.00000000   0.00000000   0.00000000
     0.064631     0.269023    -0.504008   0.00000000   0.00000000   0.00000000
     0.008949     0.040054    -0.130245     1.000000   0.00000000   0.00000000

    1.700700    0.603200    0.193100

     1.000000   0.00000000   0.00000000
   0.00000000     1.000000   0.00000000
   0.00000000   0.00000000     1.000000

    1.320300    0.419500

     1.000000   0.00000000
   0.00000000     1.000000

Zr:cc-pV5Z-ccECP
ccECP cc-pV5Z for Zr | source recipes/Zr/ccECP/Zr.cc-pV5Z.gamess | ccECP from Haihan Zhou et al. Journal of Chemical Physics (2024) https://doi.org/10.1063/5.0180057

  7
    0    1    2    3    4    5    6
    7    7    6    4    3    2    1
   13   13   13    4    3    2    1

   59.444450   31.284120   16.464046    8.664613    4.559968
    2.399797    1.262953    0.664660    0.349794    0.184088
    0.096881    0.050986    0.026833

     0.000260    -0.000073    -0.000157     0.000018    -0.002880    -0.007469
   0.00000000
    -0.001118     0.000339     0.000770    -0.000118     0.015213     0.039397
   0.00000000
    -0.012626     0.003976     0.006490     0.013983    -0.031775    -0.097694
   0.00000000
     0.166550    -0.055231    -0.098555    -0.168727    -0.074804    -0.023779
   0.00000000
    -0.324380     0.116664     0.213266     0.386428     0.138871     0.158800
   0.00000000
    -0.416367     0.135796     0.263011     0.427103     1.480649     2.992294
   0.00000000
     0.352232    -0.137841    -0.280069    -0.678406    -3.142922   -10.617977
   0.00000000
     0.695139    -0.316655    -0.870274    -2.443907    -1.390192    13.958250
   0.00000000
     0.332718    -0.277897    -0.484410     2.826576     8.634693    -7.189698
   0.00000000
     0.025828    -0.032056     1.486585     1.800477    -8.692594    -4.763299
   0.00000000
     0.004981     0.423317     0.922023    -2.881485     1.176846    12.371239
   0.00000000
    -0.001683     0.531797    -0.595849    -0.830255     4.291022   -10.671754
   0.00000000
     0.000435     0.277369    -0.854420     1.674551    -2.715043     3.859248
     1.000000

   61.264772   32.251314   16.977901    8.937593    4.704974
    2.476816    1.303858    0.686384    0.361330    0.190213
    0.100133    0.052712    0.027749

     0.000010    -0.000005     0.000084     0.000259    -0.003161     0.001530
   0.00000000
     0.000101    -0.000026    -0.000481    -0.001420     0.014973    -0.007987
   0.00000000
    -0.000828     0.000228     0.001605     0.004754    -0.043238     0.028198
   0.00000000
     0.027960    -0.010071    -0.020550    -0.047122     0.058609    -0.138790
   0.00000000
    -0.150727     0.057645     0.112995     0.254530     0.077285     0.537810
   0.00000000
    -0.058684     0.016356    -0.005545    -0.013365     0.576139     0.074576
   0.00000000
     0.332497    -0.131647    -0.180445    -0.797588    -3.128096    -4.570540
   0.00000000
     0.475203    -0.209140    -0.607065    -1.089853     3.130152    10.384362
   0.00000000
     0.294986    -0.217697    -0.164012     2.961431     1.226405   -12.943228
   0.00000000
     0.063364     0.144394     1.569653    -0.826662    -5.502301    10.626905
   0.00000000
     0.009953     0.580008     0.016433    -1.720437     5.421318    -5.222789
   0.00000000
     0.000002     0.398611    -0.873831     1.012289    -2.001991     0.486680
   0.00000000
     0.000485     0.060573    -0.205566     0.322678    -0.196999     0.768141
     1.000000

   66.228172   34.857112   18.345943    9.655809    5.082031
    2.674767    1.407779    0.740940    0.389971    0.205249
    0.108026    0.056856    0.029924

    -0.000004     0.000009     0.000092    -0.000119    -0.001833   0.00000000
     0.000117    -0.000162    -0.000570     0.000300     0.007889   0.00000000
    -0.001137     0.001465     0.002961     0.001157    -0.019680   0.00000000
     0.001011    -0.001273    -0.003918     0.000592     0.047137   0.00000000
    -0.014957     0.019347     0.031413     0.036534    -0.045492   0.00000000
     0.016521    -0.027948    -0.054827    -0.050683     0.185114   0.00000000
     0.139093    -0.193829    -0.266152    -0.677418    -1.903848   0.00000000
     0.263213    -0.342412    -0.658766    -0.460442     2.517589   0.00000000
     0.313768    -0.302322     0.398573     2.276709    -0.295300   0.00000000
     0.274822     0.214070     1.064329    -1.521680    -2.556280   0.00000000
     0.172475     0.531946    -0.462814    -0.573500     3.170926   0.00000000
     0.064631     0.269023    -0.504008     0.766924    -1.304580   0.00000000
     0.008949     0.040054    -0.130245     0.229315    -0.273068     1.000000

    2.384200    0.847500    0.301300    0.107100

     1.000000   0.00000000   0.00000000   0.00000000
   0.00000000     1.000000   0.00000000   0.00000000
   0.00000000   0.00000000     1.000000   0.00000000
   0.00000000   0.00000000   0.00000000     1.000000

    1.241000    0.461500    0.171600

     1.000000   0.00000000   0.00000000
   0.00000000     1.000000   0.00000000
   0.00000000   0.00000000     1.000000

    0.925700    0.311800

     1.000000   0.00000000
   0.00000000     1.000000

    0.587700

     1.000000

Zr:cc-pVDZ-ccECP
ccECP cc-pVDZ for Zr | source recipes/Zr/ccECP/Zr.cc-pVDZ.gamess | ccECP from Haihan Zhou et al. Journal of Chemical Physics (2024) https://doi.org/10.1063/5.0180057

  4
    0    1    2    3
    4    4    3    1
   13   13   13    1

   59.444450   31.284120   16.464046    8.664613    4.559968
    2.399797    1.262953    0.664660    0.349794    0.184088
    0.096881    0.050986    0.026833

     0.000260    -0.000073    -0.000157   0.00000000
    -0.001118     0.000339     0.000770   0.00000000
    -0.012626     0.003976     0.006490   0.00000000
     0.166550    -0.055231    -0.098555   0.00000000
    -0.324380     0.116664     0.213266   0.00000000
    -0.416367     0.135796     0.263011   0.00000000
     0.352232    -0.137841    -0.280069   0.00000000
     0.695139    -0.316655    -0.870274   0.00000000
     0.332718    -0.277897    -0.484410   0.00000000
     0.025828    -0.032056     1.486585   0.00000000
     0.004981     0.423317     0.922023   0.00000000
    -0.001683     0.531797    -0.595849   0.00000000
     0.000435     0.277369    -0.854420     1.000000

   61.264772   32.251314   16.977901    8.937593    4.704974
    2.476816    1.303858    0.686384    0.361330    0.190213
    0.100133    0.052712    0.027749

     0.000010    -0.000005     0.000084   0.00000000
     0.000101    -0.000026    -0.000481   0.00000000
    -0.000828     0.000228     0.001605   0.00000000
     0.027960    -0.010071    -0.020550   0.00000000
    -0.150727     0.057645     0.112995   0.00000000
    -0.058684     0.016356    -0.005545   0.00000000
     0.332497    -0.131647    -0.180445   0.00000000
     0.475203    -0.209140    -0.607065   0.00000000
     0.294986    -0.217697    -0.164012   0.00000000
     0.063364     0.144394     1.569653   0.00000000
     0.009953     0.580008     0.016433   0.00000000
     0.000002     0.398611    -0.873831   0.00000000
     0.000485     0.060573    -0.205566     1.000000

   66.228172   34.857112   18.345943    9.655809    5.082031
    2.674767    1.407779    0.740940    0.389971    0.205249
    0.108026    0.056856    0.029924

    -0.000004     0.000009   0.00000000
     0.000117    -0.000162   0.00000000
    -0.001137     0.001465   0.00000000
     0.001011    -0.001273   0.00000000
    -0.014957     0.019347   0.00000000
     0.016521    -0.027948   0.00000000
     0.139093    -0.193829   0.00000000
     0.263213    -0.342412   0.00000000
     0.313768    -0.302322   0.00000000
     0.274822     0.214070   0.00000000
     0.172475     0.531946   0.00000000
     0.064631     0.269023   0.00000000
     0.008949     0.040054     1.000000

    0.327200

     1.000000

Zr:cc-pVQZ-ccECP
ccECP cc-pVQZ for Zr | source recipes/Zr/ccECP/Zr.cc-pVQZ.gamess | ccECP from Haihan Zhou et al. Journal of Chemical Physics (2024) https://doi.org/10.1063/5.0180057

  6
    0    1    2    3    4    5
    6    6    5    3    2    1
   13   13   13    3    2    1

   59.444450   31.284120   16.464046    8.664613    4.559968
    2.399797    1.262953    0.664660    0.349794    0.184088
    0.096881    0.050986    0.026833

     0.000260    -0.000073    -0.000157     0.000018    -0.002880   0.00000000
    -0.001118     0.000339     0.000770    -0.000118     0.015213   0.00000000
    -0.012626     0.003976     0.006490     0.013983    -0.031775   0.00000000
     0.166550    -0.055231    -0.098555    -0.168727    -0.074804   0.00000000
    -0.324380     0.116664     0.213266     0.386428     0.138871   0.00000000
    -0.416367     0.135796     0.263011     0.427103     1.480649   0.00000000
     0.352232    -0.137841    -0.280069    -0.678406    -3.142922   0.00000000
     0.695139    -0.316655    -0.870274    -2.443907    -1.390192   0.00000000
     0.332718    -0.277897    -0.484410     2.826576     8.634693   0.00000000
     0.025828    -0.032056     1.486585     1.800477    -8.692594   0.00000000
     0.004981     0.423317     0.922023    -2.881485     1.176846   0.00000000
    -0.001683     0.531797    -0.595849    -0.830255     4.291022   0.00000000
     0.000435     0.277369    -0.854420     1.674551    -2.715043     1.000000

   61.264772   32.251314   16.977901    8.937593    4.704974
    2.476816    1.303858    0.686384    0.361330    0.190213
    0.100133    0.052712    0.027749

     0.000010    -0.000005     0.000084     0.000259    -0.003161   0.00000000
     0.000101    -0.000026    -0.000481    -0.001420     0.014973   0.00000000
    -0.000828     0.000228     0.001605     0.004754    -0.043238   0.00000000
     0.027960    -0.010071    -0.020550    -0.047122     0.058609   0.00000000
    -0.150727     0.057645     0.112995     0.254530     0.077285   0.00000000
    -0.058684     0.016356    -0.005545    -0.013365     0.576139   0.00000000
     0.332497    -0.131647    -0.180445    -0.797588    -3.128096   0.00000000
     0.475203    -0.209140    -0.607065    -1.089853     3.130152   0.00000000
     0.294986    -0.217697    -0.164012     2.961431     1.226405   0.00000000
     0.063364     0.144394     1.569653    -0.826662    -5.502301   0.00000000
     0.009953     0.580008     0.016433    -1.720437     5.421318   0.00000000
     0.000002     0.398611    -0.873831     1.012289    -2.001991   0.00000000
     0.000485     0.060573    -0.205566     0.322678    -0.196999     1.000000

   66.228172   34.857112   18.345943    9.655809    5.082031
    2.674767    1.407779    0.740940    0.389971    0.205249
    0.108026    0.056856    0.029924

    -0.000004     0.000009     0.000092    -0.000119   0.00000000
     0.000117    -0.000162    -0.000570     0.000300   0.00000000
    -0.001137     0.001465     0.002961     0.001157   0.00000000
     0.001011    -0.001273    -0.003918     0.000592   0.00000000
    -0.014957     0.019347     0.031413     0.036534   0.00000000
     0.016521    -0.027948    -0.054827    -0.050683   0.00000000
     0.139093    -0.193829    -0.266152    -0.677418   0.00000000
     0.263213    -0.342412    -0.658766    -0.460442   0.00000000
     0.313768    -0.302322     0.398573     2.276709   0.00000000
     0.274822     0.214070     1.064329    -1.521680   0.00000000
     0.172475     0.531946    -0.462814    -0.573500   0.00000000
     0.064631     0.269023    -0.504008     0.766924   0.00000000
     0.008949     0.040054    -0.130245     0.229315     1.000000

    1.360100    0.429100    0.135400

     1.000000   0.00000000   0.00000000
   0.00000000     1.000000   0.00000000
   0.00000000   0.00000000     1.000000

    0.816900    0.249000

     1.000000   0.00000000
   0.00000000     1.000000

    0.501000

     1.000000

Zr:cc-pVTZ-ccECP
ccECP cc-pVTZ for Zr | source recipes/Zr/ccECP/Zr.cc-pVTZ.gamess | ccECP from Haihan Zhou et al. Journal of Chemical Physics (2024) https://doi.org/10.1063/5.0180057

  5
    0    1    2    3    4
    5    5    4    2    1
   13   13   13    2    1

   59.444450   31.284120   16.464046    8.664613    4.559968
    2.399797    1.262953    0.664660    0.349794    0.184088
    0.096881    0.050986    0.026833

     0.000260    -0.000073    -0.000157     0.000018   0.00000000
    -0.001118     0.000339     0.000770    -0.000118   0.00000000
    -0.012626     0.003976     0.006490     0.013983   0.00000000
     0.166550    -0.055231    -0.098555    -0.168727   0.00000000
    -0.324380     0.116664     0.213266     0.386428   0.00000000
    -0.416367     0.135796     0.263011     0.427103   0.00000000
     0.352232    -0.137841    -0.280069    -0.678406   0.00000000
     0.695139    -0.316655    -0.870274    -2.443907   0.00000000
     0.332718    -0.277897    -0.484410     2.826576   0.00000000
     0.025828    -0.032056     1.486585     1.800477   0.00000000
     0.004981     0.423317     0.922023    -2.881485   0.00000000
    -0.001683     0.531797    -0.595849    -0.830255   0.00000000
     0.000435     0.277369    -0.854420     1.674551     1.000000

   61.264772   32.251314   16.977901    8.937593    4.704974
    2.476816    1.303858    0.686384    0.361330    0.190213
    0.100133    0.052712    0.027749

     0.000010    -0.000005     0.000084     0.000259   0.00000000
     0.000101    -0.000026    -0.000481    -0.001420   0.00000000
    -0.000828     0.000228     0.001605     0.004754   0.00000000
     0.027960    -0.010071    -0.020550    -0.047122   0.00000000
    -0.150727     0.057645     0.112995     0.254530   0.00000000
    -0.058684     0.016356    -0.005545    -0.013365   0.00000000
     0.332497    -0.131647    -0.180445    -0.797588   0.00000000
     0.475203    -0.209140    -0.607065    -1.089853   0.00000000
     0.294986    -0.217697    -0.164012     2.961431   0.00000000
     0.063364     0.144394     1.569653    -0.826662   0.00000000
     0.009953     0.580008     0.016433    -1.720437   0.00000000
     0.000002     0.398611    -0.873831     1.012289   0.00000000
     0.000485     0.060573    -0.205566     0.322678     1.000000

   66.228172   34.857112   18.345943    9.655809    5.082031
    2.674767    1.407779    0.740940    0.389971    0.205249
    0.108026    0.056856    0.029924

    -0.000004     0.000009     0.000092   0.00000000
     0.000117    -0.000162    -0.000570   0.00000000
    -0.001137     0.001465     0.002961   0.00000000
     0.001011    -0.001273    -0.003918   0.00000000
    -0.014957     0.019347     0.031413   0.00000000
     0.016521    -0.027948    -0.054827   0.00000000
     0.139093    -0.193829    -0.266152   0.00000000
     0.263213    -0.342412    -0.658766   0.00000000
     0.313768    -0.302322     0.398573   0.00000000
     0.274822     0.214070     1.064329   0.00000000
     0.172475     0.531946    -0.462814   0.00000000
     0.064631     0.269023    -0.504008   0.00000000
     0.008949     0.040054    -0.130245     1.000000

    0.739500    0.193100

     1.000000   0.00000000
   0.00000000     1.000000

    0.419500

     1.000000

