
Bi:aug-cc-pV5Z-ccECP
ccECP aug-cc-pV5Z for Bi | source recipes/Bi/ccECP/Bi.aug-cc-pV5Z.gamess | ccECP from Guangming Wang et al. Journal of Chemical Physics (2022) https://doi.org/10.1063/5.0087300

  6
    0    1    2    3    4    5
    6    6    5    4    3    2
   15   15    5    4    3    2

   56.603962   26.956099   12.837109    6.113324    2.911305
    1.386430    1.141200    0.660249    0.499186    0.314426
    0.218355    0.149737    0.095513    0.071308    0.038205

     0.000632   0.00000000   0.00000000   0.00000000   0.00000000   0.00000000
    -0.003869   0.00000000   0.00000000   0.00000000   0.00000000   0.00000000
     0.018802   0.00000000   0.00000000   0.00000000   0.00000000   0.00000000
    -0.100419   0.00000000   0.00000000   0.00000000   0.00000000   0.00000000
     0.424086   0.00000000   0.00000000   0.00000000   0.00000000   0.00000000
    -0.768783   0.00000000   0.00000000   0.00000000   0.00000000   0.00000000
   0.00000000     1.000000   0.00000000   0.00000000   0.00000000   0.00000000
    -0.091887   0.00000000   0.00000000   0.00000000   0.00000000   0.00000000
   0.00000000   0.00000000     1.000000   0.00000000   0.00000000   0.00000000
     0.557048   0.00000000   0.00000000   0.00000000   0.00000000   0.00000000
   0.00000000   0.00000000   0.00000000     1.000000   0.00000000   0.00000000
     0.587790   0.00000000   0.00000000   0.00000000   0.00000000   0.00000000
   0.00000000   0.00000000   0.00000000   0.00000000     1.000000   0.00000000
     0.186273   0.00000000   0.00000000   0.00000000   0.00000000   0.00000000
   0.00000000   0.00000000   0.00000000   0.00000000   0.00000000     1.000000

   39.006216   18.568688    8.839519    4.208003    2.003196
    1.123218    0.953610    0.453961    0.437409    0.216105
    0.170338    0.102876    0.066334    0.048973    0.026534

     0.000278   0.00000000   0.00000000   0.00000000   0.00000000   0.00000000
    -0.001390   0.00000000   0.00000000   0.00000000   0.00000000   0.00000000
     0.005142   0.00000000   0.00000000   0.00000000   0.00000000   0.00000000
    -0.021748   0.00000000   0.00000000   0.00000000   0.00000000   0.00000000
     0.112668   0.00000000   0.00000000   0.00000000   0.00000000   0.00000000
   0.00000000     1.000000   0.00000000   0.00000000   0.00000000   0.00000000
    -0.369755   0.00000000   0.00000000   0.00000000   0.00000000   0.00000000
     0.196294   0.00000000   0.00000000   0.00000000   0.00000000   0.00000000
   0.00000000   0.00000000     1.000000   0.00000000   0.00000000   0.00000000
     0.424720   0.00000000   0.00000000   0.00000000   0.00000000   0.00000000
   0.00000000   0.00000000   0.00000000     1.000000   0.00000000   0.00000000
     0.454079   0.00000000   0.00000000   0.00000000   0.00000000   0.00000000
   0.00000000   0.00000000   0.00000000   0.00000000     1.000000   0.00000000
     0.178148   0.00000000   0.00000000   0.00000000   0.00000000   0.00000000
   0.00000000   0.00000000   0.00000000   0.00000000   0.00000000     1.000000

    0.690540    0.370556    0.198847    0.106705    0.042682

     1.000000   0.00000000   0.00000000   0.00000000   0.00000000
   0.00000000     1.000000   0.00000000   0.00000000   0.00000000
   0.00000000   0.00000000     1.000000   0.00000000   0.00000000
   0.00000000   0.00000000   0.00000000     1.000000   0.00000000
   0.00000000   0.00000000   0.00000000   0.00000000     1.000000

    0.580330    0.303595    0.158823    0.063529

     1.000000   0.00000000   0.00000000   0.00000000
   0.00000000     1.000000   0.00000000   0.00000000
   0.00000000   0.00000000     1.000000   0.00000000
   0.00000000   0.00000000   0.00000000     1.000000

    0.585868    0.286140    0.114456

     1.000000   0.00000000   0.00000000
   0.00000000     1.000000   0.00000000
   0.00000000   0.00000000     1.000000

    0.516363    0.206545

     1.000000   0.00000000
   0.00000000     1.000000

Bi:aug-cc-pV6Z-ccECP
ccECP aug-cc-pV6Z for Bi | source recipes/Bi/ccECP/Bi.aug-cc-pV6Z.gamess | ccECP from Guangming Wang et al. Journal of Chemical Physics (2022) https://doi.org/10.1063/5.0087300

  7
    0    1    2    3    4    5    6
    7    7    6    5    4    3    2
   16   16    6    5    4    3    2

   56.603962   26.956099   12.837109    6.113324    2.911305
    2.847648    1.386430    1.220246    0.660249    0.522887
    0.314426    0.224062    0.149737    0.096013    0.071308
    0.038405

     0.000632   0.00000000   0.00000000   0.00000000   0.00000000   0.00000000
   0.00000000
    -0.003869   0.00000000   0.00000000   0.00000000   0.00000000   0.00000000
   0.00000000
     0.018802   0.00000000   0.00000000   0.00000000   0.00000000   0.00000000
   0.00000000
    -0.100419   0.00000000   0.00000000   0.00000000   0.00000000   0.00000000
   0.00000000
     0.424086   0.00000000   0.00000000   0.00000000   0.00000000   0.00000000
   0.00000000
   0.00000000     1.000000   0.00000000   0.00000000   0.00000000   0.00000000
   0.00000000
    -0.768783   0.00000000   0.00000000   0.00000000   0.00000000   0.00000000
   0.00000000
   0.00000000   0.00000000     1.000000   0.00000000   0.00000000   0.00000000
   0.00000000
    -0.091887   0.00000000   0.00000000   0.00000000   0.00000000   0.00000000
   0.00000000
   0.00000000   0.00000000   0.00000000     1.000000   0.00000000   0.00000000
   0.00000000
     0.557048   0.00000000   0.00000000   0.00000000   0.00000000   0.00000000
   0.00000000
   0.00000000   0.00000000   0.00000000   0.00000000     1.000000   0.00000000
   0.00000000
     0.587790   0.00000000   0.00000000   0.00000000   0.00000000   0.00000000
   0.00000000
   0.00000000   0.00000000   0.00000000   0.00000000   0.00000000     1.000000
   0.00000000
     0.186273   0.00000000   0.00000000   0.00000000   0.00000000   0.00000000
   0.00000000
   0.00000000   0.00000000   0.00000000   0.00000000   0.00000000   0.00000000
     1.000000

   39.006216   18.568688    8.839519    4.208003    2.003196
    1.351499    0.953610    0.610651    0.453961    0.275912
    0.216105    0.124666    0.102876    0.056328    0.048973
    0.022531

     0.000278   0.00000000   0.00000000   0.00000000   0.00000000   0.00000000
   0.00000000
    -0.001390   0.00000000   0.00000000   0.00000000   0.00000000   0.00000000
   0.00000000
     0.005142   0.00000000   0.00000000   0.00000000   0.00000000   0.00000000
   0.00000000
    -0.021748   0.00000000   0.00000000   0.00000000   0.00000000   0.00000000
   0.00000000
     0.112668   0.00000000   0.00000000   0.00000000   0.00000000   0.00000000
   0.00000000
   0.00000000     1.000000   0.00000000   0.00000000   0.00000000   0.00000000
   0.00000000
    -0.369755   0.00000000   0.00000000   0.00000000   0.00000000   0.00000000
   0.00000000
   0.00000000   0.00000000     1.000000   0.00000000   0.00000000   0.00000000
   0.00000000
     0.196294   0.00000000   0.00000000   0.00000000   0.00000000   0.00000000
   0.00000000
   0.00000000   0.00000000   0.00000000     1.000000   0.00000000   0.00000000
   0.00000000
     0.424720   0.00000000   0.00000000   0.00000000   0.00000000   0.00000000
   0.00000000
   0.00000000   0.00000000   0.00000000   0.00000000     1.000000   0.00000000
   0.00000000
     0.454079   0.00000000   0.00000000   0.00000000   0.00000000   0.00000000
   0.00000000
   0.00000000   0.00000000   0.00000000   0.00000000   0.00000000     1.000000
   0.00000000
     0.178148   0.00000000   0.00000000   0.00000000   0.00000000   0.00000000
   0.00000000
   0.00000000   0.00000000   0.00000000   0.00000000   0.00000000   0.00000000
     1.000000

    1.450185    0.737427    0.374986    0.190682    0.096963
    0.038785

     1.000000   0.00000000   0.00000000   0.00000000   0.00000000   0.00000000
   0.00000000     1.000000   0.00000000   0.00000000   0.00000000   0.00000000
   0.00000000   0.00000000     1.000000   0.00000000   0.00000000   0.00000000
   0.00000000   0.00000000   0.00000000     1.000000   0.00000000   0.00000000
   0.00000000   0.00000000   0.00000000   0.00000000     1.000000   0.00000000
   0.00000000   0.00000000   0.00000000   0.00000000   0.00000000     1.000000

    0.667629    0.402455    0.242605    0.146245    0.058498

     1.000000   0.00000000   0.00000000   0.00000000   0.00000000
   0.00000000     1.000000   0.00000000   0.00000000   0.00000000
   0.00000000   0.00000000     1.000000   0.00000000   0.00000000
   0.00000000   0.00000000   0.00000000     1.000000   0.00000000
   0.00000000   0.00000000   0.00000000   0.00000000     1.000000

    0.702416    0.410446    0.239838    0.095935

     1.000000   0.00000000   0.00000000   0.00000000
   0.00000000     1.000000   0.00000000   0.00000000
   0.00000000   0.00000000     1.000000   0.00000000
   0.00000000   0.00000000   0.00000000     1.000000

    0.707569    0.380364    0.152146

     1.000000   0.00000000   0.00000000
   0.00000000     1.000000   0.00000000
   0.00000000   0.00000000     1.000000

    0.615211    0.246084

     1.000000   0.00000000
   0.00000000     1.000000

Bi:aug-cc-pVDZ-ccECP
ccECP aug-cc-pVDZ for Bi | source recipes/Bi/ccECP/Bi.aug-cc-pVDZ.gamess | ccECP from Guangming Wang et al. Journal of Chemical Physics (2022) https://doi.org/10.1063/5.0087300

  3
    0    1    2
    3    3    2
   12   12    2

   56.603962   26.956099   12.837109    6.113324    2.911305
    1.386430    0.660249    0.314426    0.149737    0.071308
    0.031923    0.012769

     0.000632   0.00000000   0.00000000
    -0.003869   0.00000000   0.00000000
     0.018802   0.00000000   0.00000000
    -0.100419   0.00000000   0.00000000
     0.424086   0.00000000   0.00000000
    -0.768783   0.00000000   0.00000000
    -0.091887   0.00000000   0.00000000
     0.557048   0.00000000   0.00000000
     0.587790   0.00000000   0.00000000
     0.186273   0.00000000   0.00000000
   0.00000000     1.000000   0.00000000
   0.00000000   0.00000000     1.000000

   39.006216   18.568688    8.839519    4.208003    2.003196
    0.953610    0.453961    0.216105    0.102876    0.064846
    0.048973    0.025938

     0.000278   0.00000000   0.00000000
    -0.001390   0.00000000   0.00000000
     0.005142   0.00000000   0.00000000
    -0.021748   0.00000000   0.00000000
     0.112668   0.00000000   0.00000000
    -0.369755   0.00000000   0.00000000
     0.196294   0.00000000   0.00000000
     0.424720   0.00000000   0.00000000
     0.454079   0.00000000   0.00000000
   0.00000000     1.000000   0.00000000
     0.178148   0.00000000   0.00000000
   0.00000000   0.00000000     1.000000

    0.175355    0.070142

     1.000000   0.00000000
   0.00000000     1.000000

Bi:aug-cc-pVQZ-ccECP
ccECP aug-cc-pVQZ for Bi | source recipes/Bi/ccECP/Bi.aug-cc-pVQZ.gamess | ccECP from Guangming Wang et al. Journal of Chemical Physics (2022) https://doi.org/10.1063/5.0087300

  5
    0    1    2    3    4
    5    5    4    3    2
   14   14    4    3    2

   56.603962   26.956099   12.837109    6.113324    2.911305
    1.386430    0.660249    0.318224    0.314426    0.173864
    0.149737    0.094992    0.071308    0.037997

     0.000632   0.00000000   0.00000000   0.00000000   0.00000000
    -0.003869   0.00000000   0.00000000   0.00000000   0.00000000
     0.018802   0.00000000   0.00000000   0.00000000   0.00000000
    -0.100419   0.00000000   0.00000000   0.00000000   0.00000000
     0.424086   0.00000000   0.00000000   0.00000000   0.00000000
    -0.768783   0.00000000   0.00000000   0.00000000   0.00000000
    -0.091887   0.00000000   0.00000000   0.00000000   0.00000000
   0.00000000     1.000000   0.00000000   0.00000000   0.00000000
     0.557048   0.00000000   0.00000000   0.00000000   0.00000000
   0.00000000   0.00000000     1.000000   0.00000000   0.00000000
     0.587790   0.00000000   0.00000000   0.00000000   0.00000000
   0.00000000   0.00000000   0.00000000     1.000000   0.00000000
     0.186273   0.00000000   0.00000000   0.00000000   0.00000000
   0.00000000   0.00000000   0.00000000   0.00000000     1.000000

   39.006216   18.568688    8.839519    4.208003    2.003196
    0.953610    0.453961    0.420995    0.216105    0.164673
    0.102876    0.064412    0.048973    0.025765

     0.000278   0.00000000   0.00000000   0.00000000   0.00000000
    -0.001390   0.00000000   0.00000000   0.00000000   0.00000000
     0.005142   0.00000000   0.00000000   0.00000000   0.00000000
    -0.021748   0.00000000   0.00000000   0.00000000   0.00000000
     0.112668   0.00000000   0.00000000   0.00000000   0.00000000
    -0.369755   0.00000000   0.00000000   0.00000000   0.00000000
     0.196294   0.00000000   0.00000000   0.00000000   0.00000000
   0.00000000     1.000000   0.00000000   0.00000000   0.00000000
     0.424720   0.00000000   0.00000000   0.00000000   0.00000000
   0.00000000   0.00000000     1.000000   0.00000000   0.00000000
     0.454079   0.00000000   0.00000000   0.00000000   0.00000000
   0.00000000   0.00000000   0.00000000     1.000000   0.00000000
     0.178148   0.00000000   0.00000000   0.00000000   0.00000000
   0.00000000   0.00000000   0.00000000   0.00000000     1.000000

    0.716035    0.309183    0.133505    0.053402

     1.000000   0.00000000   0.00000000   0.00000000
   0.00000000     1.000000   0.00000000   0.00000000
   0.00000000   0.00000000     1.000000   0.00000000
   0.00000000   0.00000000   0.00000000     1.000000

    0.466334    0.198196    0.079278

     1.000000   0.00000000   0.00000000
   0.00000000     1.000000   0.00000000
   0.00000000   0.00000000     1.000000

    0.410740    0.164296

     1.000000   0.00000000
   0.00000000     1.000000

Bi:aug-cc-pVTZ-ccECP
ccECP aug-cc-pVTZ for Bi | source recipes/Bi/ccECP/Bi.aug-cc-pVTZ.gamess | ccECP from Guangming Wang et al. Journal of Chemical Physics (2022) https://doi.org/10.1063/5.0087300

  4
    0    1    2    3
    4    4    3    2
   13   13    3    2

   56.603962   26.956099   12.837109    6.113324    2.911305
    1.386430    0.660249    0.320597    0.314426    0.149737
    0.109650    0.071308    0.043860

     0.000632   0.00000000   0.00000000   0.00000000
    -0.003869   0.00000000   0.00000000   0.00000000
     0.018802   0.00000000   0.00000000   0.00000000
    -0.100419   0.00000000   0.00000000   0.00000000
     0.424086   0.00000000   0.00000000   0.00000000
    -0.768783   0.00000000   0.00000000   0.00000000
    -0.091887   0.00000000   0.00000000   0.00000000
   0.00000000     1.000000   0.00000000   0.00000000
     0.557048   0.00000000   0.00000000   0.00000000
     0.587790   0.00000000   0.00000000   0.00000000
   0.00000000   0.00000000     1.000000   0.00000000
     0.186273   0.00000000   0.00000000   0.00000000
   0.00000000   0.00000000   0.00000000     1.000000

   39.006216   18.568688    8.839519    4.208003    2.003196
    0.953610    0.453961    0.414380    0.216105    0.102876
    0.080551    0.048973    0.032220

     0.000278   0.00000000   0.00000000   0.00000000
    -0.001390   0.00000000   0.00000000   0.00000000
     0.005142   0.00000000   0.00000000   0.00000000
    -0.021748   0.00000000   0.00000000   0.00000000
     0.112668   0.00000000   0.00000000   0.00000000
    -0.369755   0.00000000   0.00000000   0.00000000
     0.196294   0.00000000   0.00000000   0.00000000
   0.00000000     1.000000   0.00000000   0.00000000
     0.424720   0.00000000   0.00000000   0.00000000
     0.454079   0.00000000   0.00000000   0.00000000
   0.00000000   0.00000000     1.000000   0.00000000
     0.178148   0.00000000   0.00000000   0.00000000
   0.00000000   0.00000000   0.00000000     1.000000

    0.257355    0.185146    0.074058

     1.000000   0.00000000   0.00000000
   0.00000000     1.000000   0.00000000
   0.00000000   0.00000000     1.000000

    0.316113    0.126445

     1.000000   0.00000000
   0.00000000     1.000000

Bi:cc-pV5Z-ccECP
ccECP cc-pV5Z for Bi | source recipes/Bi/ccECP/Bi.cc-pV5Z.gamess | ccECP from Guangming Wang et al. Journal of Chemical Physics (2022) https://doi.org/10.1063/5.0087300

  6
    0    1    2    3    4    5
    5    5    4    3    2    1
   14   14    4    3    2    1

   56.603962   26.956099   12.837109    6.113324    2.911305
    1.386430    1.141200    0.660249    0.499186    0.314426
    0.218355    0.149737    0.095513    0.071308

     0.000632   0.00000000   0.00000000   0.00000000   0.00000000
    -0.003869   0.00000000   0.00000000   0.00000000   0.00000000
     0.018802   0.00000000   0.00000000   0.00000000   0.00000000
    -0.100419   0.00000000   0.00000000   0.00000000   0.00000000
     0.424086   0.00000000   0.00000000   0.00000000   0.00000000
    -0.768783   0.00000000   0.00000000   0.00000000   0.00000000
   0.00000000     1.000000   0.00000000   0.00000000   0.00000000
    -0.091887   0.00000000   0.00000000   0.00000000   0.00000000
   0.00000000   0.00000000     1.000000   0.00000000   0.00000000
     0.557048   0.00000000   0.00000000   0.00000000   0.00000000
   0.00000000   0.00000000   0.00000000     1.000000   0.00000000
     0.587790   0.00000000   0.00000000   0.00000000   0.00000000
   0.00000000   0.00000000   0.00000000   0.00000000     1.000000
     0.186273   0.00000000   0.00000000   0.00000000   0.00000000

   39.006216   18.568688    8.839519    4.208003    2.003196
    1.123218    0.953610    0.453961    0.437409    0.216105
    0.170338    0.102876    0.066334    0.048973

     0.000278   0.00000000   0.00000000   0.00000000   0.00000000
    -0.001390   0.00000000   0.00000000   0.00000000   0.00000000
     0.005142   0.00000000   0.00000000   0.00000000   0.00000000
    -0.021748   0.00000000   0.00000000   0.00000000   0.00000000
     0.112668   0.00000000   0.00000000   0.00000000   0.00000000
   0.00000000     1.000000   0.00000000   0.00000000   0.00000000
    -0.369755   0.00000000   0.00000000   0.00000000   0.00000000
     0.196294   0.00000000   0.00000000   0.00000000   0.00000000
   0.00000000   0.00000000     1.000000   0.00000000   0.00000000
     0.424720   0.00000000   0.00000000   0.00000000   0.00000000
   0.00000000   0.00000000   0.00000000     1.000000   0.00000000
     0.454079   0.00000000   0.00000000   0.00000000   0.00000000
   0.00000000   0.00000000   0.00000000   0.00000000     1.000000
     0.178148   0.00000000   0.00000000   0.00000000   0.00000000

    0.690540    0.370556    0.198847    0.106705

     1.000000   0.00000000   0.00000000   0.00000000
   0.00000000     1.000000   0.00000000   0.00000000
   0.00000000   0.00000000     1.000000   0.00000000
   0.00000000   0.00000000   0.00000000     1.000000

    0.580330    0.303595    0.158823

     1.000000   0.00000000   0.00000000
   0.00000000     1.000000   0.00000000
   0.00000000   0.00000000     1.000000

    0.585868    0.286140

     1.000000   0.00000000
   0.00000000     1.000000

    0.516363

     1.000000

Bi:cc-pV6Z-ccECP
ccECP cc-pV6Z for Bi | source recipes/Bi/ccECP/Bi.cc-pV6Z.gamess | ccECP from Guangming Wang et al. Journal of Chemical Physics (2022) https://doi.org/10.1063/5.0087300

  7
    0    1    2    3    4    5    6
    6    6    5    4    3    2    1
   15   15    5    4    3    2    1

   56.603962   26.956099   12.837109    6.113324    2.911305
    2.847648    1.386430    1.220246    0.660249    0.522887
    0.314426    0.224062    0.149737    0.096013    0.071308

     0.000632   0.00000000   0.00000000   0.00000000   0.00000000   0.00000000
    -0.003869   0.00000000   0.00000000   0.00000000   0.00000000   0.00000000
     0.018802   0.00000000   0.00000000   0.00000000   0.00000000   0.00000000
    -0.100419   0.00000000   0.00000000   0.00000000   0.00000000   0.00000000
     0.424086   0.00000000   0.00000000   0.00000000   0.00000000   0.00000000
   0.00000000     1.000000   0.00000000   0.00000000   0.00000000   0.00000000
    -0.768783   0.00000000   0.00000000   0.00000000   0.00000000   0.00000000
   0.00000000   0.00000000     1.000000   0.00000000   0.00000000   0.00000000
    -0.091887   0.00000000   0.00000000   0.00000000   0.00000000   0.00000000
   0.00000000   0.00000000   0.00000000     1.000000   0.00000000   0.00000000
     0.557048   0.00000000   0.00000000   0.00000000   0.00000000   0.00000000
   0.00000000   0.00000000   0.00000000   0.00000000     1.000000   0.00000000
     0.587790   0.00000000   0.00000000   0.00000000   0.00000000   0.00000000
   0.00000000   0.00000000   0.00000000   0.00000000   0.00000000     1.000000
     0.186273   0.00000000   0.00000000   0.00000000   0.00000000   0.00000000

   39.006216   18.568688    8.839519    4.208003    2.003196
    1.351499    0.953610    0.610651    0.453961    0.275912
    0.216105    0.124666    0.102876    0.056328    0.048973

     0.000278   0.00000000   0.00000000   0.00000000   0.00000000   0.00000000
    -0.001390   0.00000000   0.00000000   0.00000000   0.00000000   0.00000000
     0.005142   0.00000000   0.00000000   0.00000000   0.00000000   0.00000000
    -0.021748   0.00000000   0.00000000   0.00000000   0.00000000   0.00000000
     0.112668   0.00000000   0.00000000   0.00000000   0.00000000   0.00000000
   0.00000000     1.000000   0.00000000   0.00000000   0.00000000   0.00000000
    -0.369755   0.00000000   0.00000000   0.00000000   0.00000000   0.00000000
   0.00000000   0.00000000     1.000000   0.00000000   0.00000000   0.00000000
     0.196294   0.00000000   0.00000000   0.00000000   0.00000000   0.00000000
   0.00000000   0.00000000   0.00000000     1.000000   0.00000000   0.00000000
     0.424720   0.00000000   0.00000000   0.00000000   0.00000000   0.00000000
   0.00000000   0.00000000   0.00000000   0.00000000     1.000000   0.00000000
     0.454079   0.00000000   0.00000000   0.00000000   0.00000000   0.00000000
   0.00000000   0.00000000   0.00000000   0.00000000   0.00000000     1.000000
     0.178148   0.00000000   0.00000000   0.00000000   0.00000000   0.00000000

    1.450185    0.737427    0.374986    0.190682    0.096963

     1.000000   0.00000000   0.00000000   0.00000000   0.00000000
   0.00000000     1.000000   0.00000000   0.00000000   0.00000000
   0.00000000   0.00000000     1.000000   0.00000000   0.00000000
   0.00000000   0.00000000   0.00000000     1.000000   0.00000000
   0.00000000   0.00000000   0.00000000   0.00000000     1.000000

    0.667629    0.402455    0.242605    0.146245

     1.000000   0.00000000   0.00000000   0.00000000
   0.00000000     1.000000   0.00000000   0.00000000
   0.00000000   0.00000000     1.000000   0.00000000
   0.00000000   0.00000000   0.00000000     1.000000

    0.702416    0.410446    0.239838

     1.000000   0.00000000   0.00000000
   0.00000000     1.000000   0.00000000
   0.00000000   0.00000000     1.000000

    0.707569    0.380364

     1.000000   0.00000000
   0.00000000     1.000000

    0.615211

     1.000000

Bi:cc-pVDZ-ccECP
ccECP cc-pVDZ for Bi | source recipes/Bi/ccECP/Bi.cc-pVDZ.gamess | ccECP from Guangming Wang et al. Journal of Chemical Physics (2022) https://doi.org/10.1063/5.0087300

  3
    0    1    2
    2    2    1
   11   11    1

   56.603962   26.956099   12.837109    6.113324    2.911305
    1.386430    0.660249    0.314426    0.149737    0.071308
    0.031923

     0.000632   0.00000000
    -0.003869   0.00000000
     0.018802   0.00000000
    -0.100419   0.00000000
     0.424086   0.00000000
    -0.768783   0.00000000
    -0.091887   0.00000000
     0.557048   0.00000000
     0.587790   0.00000000
     0.186273   0.00000000
   0.00000000     1.000000

   39.006216   18.568688    8.839519    4.208003    2.003196
    0.953610    0.453961    0.216105    0.102876    0.064846
    0.048973

     0.000278   0.00000000
    -0.001390   0.00000000
     0.005142   0.00000000
    -0.021748   0.00000000
     0.112668   0.00000000
    -0.369755   0.00000000
     0.196294   0.00000000
     0.424720   0.00000000
     0.454079   0.00000000
   0.00000000     1.000000
     0.178148   0.00000000

    0.175355

     1.000000

Bi:cc-pVQZ-ccECP
ccECP cc-pVQZ for Bi | source recipes/Bi/ccECP/Bi.cc-pVQZ.gamess | ccECP from Guangming Wang et al. Journal of Chemical Physics (2022) https://doi.org/10.1063/5.0087300

  5
    0    1    2    3    4
    4    4    3    2    1
   13   13    3    2    1

   56.603962   26.956099   12.837109    6.113324    2.911305
    1.386430    0.660249    0.318224    0.314426    0.173864
    0.149737    0.094992    0.071308

     0.000632   0.00000000   0.00000000   0.00000000
    -0.003869   0.00000000   0.00000000   0.00000000
     0.018802   0.00000000   0.00000000   0.00000000
    -0.100419   0.00000000   0.00000000   0.00000000
     0.424086   0.00000000   0.00000000   0.00000000
    -0.768783   0.00000000   0.00000000   0.00000000
    -0.091887   0.00000000   0.00000000   0.00000000
   0.00000000     1.000000   0.00000000   0.00000000
     0.557048   0.00000000   0.00000000   0.00000000
   0.00000000   0.00000000     1.000000   0.00000000
     0.587790   0.00000000   0.00000000   0.00000000
   0.00000000   0.00000000   0.00000000     1.000000
     0.186273   0.00000000   0.00000000   0.00000000

   39.006216   18.568688    8.839519    4.208003    2.003196
    0.953610    0.453961    0.420995    0.216105    0.164673
    0.102876    0.064412    0.048973

     0.000278   0.00000000   0.00000000   0.00000000
    -0.001390   0.00000000   0.00000000   0.00000000
     0.005142   0.00000000   0.00000000   0.00000000
    -0.021748   0.00000000   0.00000000   0.00000000
     0.112668   0.00000000   0.00000000   0.00000000
    -0.369755   0.00000000   0.00000000   0.00000000
     0.196294   0.00000000   0.00000000   0.00000000
   0.00000000     1.000000   0.00000000   0.00000000
     0.424720   0.00000000   0.00000000   0.00000000
   0.00000000   0.00000000     1.000000   0.00000000
     0.454079   0.00000000   0.00000000   0.00000000
   0.00000000   0.00000000   0.00000000     1.000000
     0.178148   0.00000000   0.00000000   0.00000000

    0.716035    0.309183    0.133505

     1.000000   0.00000000   0.00000000
   0.00000000     1.000000   0.00000000
   0.00000000   0.00000000     1.000000

    0.466334    0.198196

     1.000000   0.00000000
   0.00000000     1.000000

    0.410740

     1.000000

Bi:cc-pVTZ-ccECP
ccECP cc-pVTZ for Bi | source recipes/Bi/ccECP/Bi.cc-pVTZ.gamess | ccECP from Guangming Wang et al. Journal of Chemical Physics (2022) https://doi.org/10.1063/5.0087300

  4
    0    1    2    3
    3    3    2    1
   12   12    2    1

   56.603962   26.956099   12.837109    6.113324    2.911305
    1.386430    0.660249    0.320597    0.314426    0.149737
    0.109650    0.071308

     0.000632   0.00000000   0.00000000
    -0.003869   0.00000000   0.00000000
     0.018802   0.00000000   0.00000000
    -0.100419   0.00000000   0.00000000
     0.424086   0.00000000   0.00000000
    -0.768783   0.00000000   0.00000000
    -0.091887   0.00000000   0.00000000
   0.00000000     1.000000   0.00000000
     0.557048   0.00000000   0.00000000
     0.587790   0.00000000   0.00000000
   0.00000000   0.00000000     1.000000
     0.186273   0.00000000   0.00000000

   39.006216   18.568688    8.839519    4.208003    2.003196
    0.953610    0.453961    0.414380    0.216105    0.102876
    0.080551    0.048973

     0.000278   0.00000000   0.00000000
    -0.001390   0.00000000   0.00000000
     0.005142   0.00000000   0.00000000
    -0.021748   0.00000000   0.00000000
     0.112668   0.00000000   0.00000000
    -0.369755   0.00000000   0.00000000
     0.196294   0.00000000   0.00000000
   0.00000000     1.000000   0.00000000
     0.424720   0.00000000   0.00000000
     0.454079   0.00000000   0.00000000
   0.00000000   0.00000000     1.000000
     0.178148   0.00000000   0.00000000

    0.257355    0.185146

     1.000000   0.00000000
   0.00000000     1.000000

    0.316113

     1.000000

