
Co:aug-cc-pCV5Z-ccECP
ccECP aug-cc-pCV5Z for Co | source recipes/Co/ccECP/Co.aug-cc-pCV5Z.gamess | ccECP from A. Annaberdiyev et al. Journal of Chemical Physics 149, 134108 (2018) https://doi.org/10.1063/1.5040472

  7
    0    1    2    3    4    5    6
   10   10    9    6    5    4    3
   16   16   14    6    5    4    3

    90.663831    46.961414    24.110274    14.430881     8.757423
     4.484459     3.880000     3.680000     2.519739     1.236850
     0.601882     0.223338     0.123422     0.059941     0.027978
     0.013000

    0.00077400   -0.00015400   -0.00004700   -0.00023100    0.00280900
   -0.00143600    0.00000000    0.00000000    0.00000000    0.00000000
   -0.01131600    0.00252500    0.00365400    0.00753600   -0.02445900
   -0.00099500    0.00000000    0.00000000    0.00000000    0.00000000
    0.10120900   -0.02444300   -0.04613200   -0.09729800    0.21171700
    0.17402400    0.00000000    0.00000000    0.00000000    0.00000000
   -0.08164200    0.02220000    0.03648300    0.11161100   -0.38745200
   -0.27705900    0.00000000    0.00000000    0.00000000    0.00000000
   -0.35481200    0.08841600    0.21726500    0.40362100   -0.36690900
   -1.32202800    0.00000000    0.00000000    0.00000000    0.00000000
   -0.09036200    0.01682000   -0.01188300   -0.04832400    0.13914300
    3.04818800    0.00000000    0.00000000    0.00000000    0.00000000
    0.00000000    0.00000000    0.00000000    0.00000000    0.00000000
    0.00000000    0.00000000    0.00000000    0.00000000    1.00000000
    0.00000000    0.00000000    0.00000000    0.00000000    0.00000000
    0.00000000    0.00000000    0.00000000    1.00000000    0.00000000
    0.49817400   -0.13458200   -0.32468800   -1.15760000    2.83452700
    0.88698400    0.00000000    0.00000000    0.00000000    0.00000000
    0.60412300   -0.23129500   -0.68058100   -0.75683900   -2.90639800
   -6.51886800    0.00000000    0.00000000    0.00000000    0.00000000
    0.19077500   -0.16398600    0.25693600    2.31368300   -0.80689600
    6.58588500    0.00000000    0.00000000    0.00000000    0.00000000
    0.00657800    0.12133700    1.22400500    0.25307400    4.33605500
   -2.92841300    0.00000000    0.00000000    0.00000000    0.00000000
   -0.00090500    0.40241400    0.23683700   -1.99146600   -2.91360700
   -1.62261500    0.00000000    0.00000000    0.00000000    0.00000000
    0.00017100    0.50611300   -0.60406400    0.16694200   -1.25330700
    4.04814300    0.00000000    0.00000000    0.00000000    0.00000000
   -0.00002500    0.14543600   -0.57494700    0.91722100    1.50957200
   -2.04577100    1.00000000    0.00000000    0.00000000    0.00000000
    0.00000000    0.00000000    0.00000000    0.00000000    0.00000000
    0.00000000    0.00000000    1.00000000    0.00000000    0.00000000

   139.038145    71.928971    37.806311    21.054252    12.973193
     9.697976     6.791461     3.794018     3.681986     1.960649
     1.006283     0.509539     0.233091     0.083890     0.039802
     0.019000

    0.00007500    0.00002500   -0.00023800   -0.00005500    0.00005200
   -0.00258700    0.00000000    0.00000000    0.00000000    0.00000000
   -0.00062700   -0.00008400    0.00148900   -0.00001700    0.00014400
    0.01345800    0.00000000    0.00000000    0.00000000    0.00000000
    0.00571900   -0.00048500   -0.00872300    0.00432000   -0.00506500
   -0.04646400    0.00000000    0.00000000    0.00000000    0.00000000
   -0.00931000    0.00009500    0.02453800   -0.02133900    0.05166200
    0.03715700    0.00000000    0.00000000    0.00000000    0.00000000
   -0.08385700    0.02240200    0.06085600   -0.12713400    0.20930600
   -0.58198600    0.00000000    0.00000000    0.00000000    0.00000000
    0.00000000    0.00000000    0.00000000    0.00000000    0.00000000
    0.00000000    0.00000000    0.00000000    0.00000000    1.00000000
    0.01239400   -0.01153400   -0.02038000    0.15720800   -0.63605200
    2.70958900    0.00000000    0.00000000    0.00000000    0.00000000
    0.28198700   -0.05686600   -0.43019500    0.79492700   -1.33476100
   -1.68255200    0.00000000    0.00000000    0.00000000    0.00000000
    0.00000000    0.00000000    0.00000000    0.00000000    0.00000000
    0.00000000    0.00000000    0.00000000    1.00000000    0.00000000
    0.43417900   -0.12607000   -0.40769200    0.23357400    2.33740900
   -2.80074300    0.00000000    0.00000000    0.00000000    0.00000000
    0.31340900   -0.06088900    0.08532600   -1.66603300    0.19062400
    5.80223100    0.00000000    0.00000000    0.00000000    0.00000000
    0.08977800   -0.03508600    1.07332600    0.28271600   -2.65784100
   -4.89926500    0.00000000    0.00000000    0.00000000    0.00000000
    0.00740500    0.35184700    0.01506700    1.33562500    2.26444400
    2.05329300    0.00000000    0.00000000    0.00000000    0.00000000
    0.00098000    0.51044900   -0.71963100   -0.88546900   -0.61258400
    0.03335700    0.00000000    0.00000000    0.00000000    0.00000000
    0.00027400    0.28970700   -0.02460300   -0.13034000   -0.27662000
   -0.55647600    1.00000000    0.00000000    0.00000000    0.00000000
    0.00000000    0.00000000    0.00000000    0.00000000    0.00000000
    0.00000000    0.00000000    1.00000000    0.00000000    0.00000000

   160.444504    52.598830    27.491581    12.745988     6.184310
     6.010000     5.810000     3.029146     1.474099     0.714391
     0.348520     0.174166     0.087891     0.043000

    0.00003400   -0.00003100    0.00004800   -0.00007000    0.00020500
    0.00000000    0.00000000    0.00000000    0.00000000
    0.00655300   -0.00786900    0.01053100   -0.01526900   -0.02193300
    0.00000000    0.00000000    0.00000000    0.00000000
    0.03618500   -0.04199200    0.05555900   -0.07877000   -0.08750800
    0.00000000    0.00000000    0.00000000    0.00000000
    0.08302600   -0.10138800    0.14075800   -0.21855600   -0.34161200
    0.00000000    0.00000000    0.00000000    0.00000000
    0.17696000   -0.21699600    0.30578500   -0.47927100   -0.49762900
    0.00000000    0.00000000    0.00000000    0.00000000
    0.00000000    0.00000000    0.00000000    0.00000000    0.00000000
    0.00000000    0.00000000    0.00000000    1.00000000
    0.00000000    0.00000000    0.00000000    0.00000000    0.00000000
    0.00000000    0.00000000    1.00000000    0.00000000
    0.26399000   -0.28396200    0.24281200    0.17362300    1.28072500
    0.00000000    0.00000000    0.00000000    0.00000000
    0.29244700   -0.12717900   -0.28504400    0.95417300   -0.12625700
    0.00000000    0.00000000    0.00000000    0.00000000
    0.24959700    0.17712500   -0.59481900   -0.34849000   -1.36065500
    0.00000000    0.00000000    0.00000000    0.00000000
    0.17163700    0.37559600   -0.01793700   -0.73737100    0.96428800
    0.00000000    0.00000000    0.00000000    0.00000000
    0.08064900    0.28463100    0.34815000    0.07194100    0.66161100
    0.00000000    0.00000000    0.00000000    0.00000000
    0.04121200    0.20027700    0.45517000    0.64488200   -0.94435000
    1.00000000    0.00000000    0.00000000    0.00000000
    0.00000000    0.00000000    0.00000000    0.00000000    0.00000000
    0.00000000    1.00000000    0.00000000    0.00000000

     9.314030     4.713714     3.246009     1.131258     0.394252
     0.137400

    0.00000000    0.00000000    0.00000000    0.00000000    1.00000000
    0.00000000
    0.00000000    0.00000000    0.00000000    0.00000000    0.00000000
    1.00000000
    0.00000000    0.00000000    0.00000000    1.00000000    0.00000000
    0.00000000
    0.00000000    0.00000000    1.00000000    0.00000000    0.00000000
    0.00000000
    0.00000000    1.00000000    0.00000000    0.00000000    0.00000000
    0.00000000
    1.00000000    0.00000000    0.00000000    0.00000000    0.00000000
    0.00000000

     6.863750     5.402288     2.355598     0.808427     0.277447

    0.00000000    0.00000000    0.00000000    1.00000000    0.00000000
    0.00000000    0.00000000    0.00000000    0.00000000    1.00000000
    0.00000000    0.00000000    1.00000000    0.00000000    0.00000000
    0.00000000    1.00000000    0.00000000    0.00000000    0.00000000
    1.00000000    0.00000000    0.00000000    0.00000000    0.00000000

     7.646335     5.068373     1.591062     0.499466

    0.00000000    0.00000000    0.00000000    1.00000000
    0.00000000    0.00000000    1.00000000    0.00000000
    0.00000000    1.00000000    0.00000000    0.00000000
    1.00000000    0.00000000    0.00000000    0.00000000

     8.139987     3.729940     1.496090

    0.00000000    0.00000000    1.00000000
    0.00000000    1.00000000    0.00000000
    1.00000000    0.00000000    0.00000000

Co:aug-cc-pCVDZ-ccECP
ccECP aug-cc-pCVDZ for Co | source recipes/Co/ccECP/Co.aug-cc-pCVDZ.gamess | ccECP from A. Annaberdiyev et al. Journal of Chemical Physics 149, 134108 (2018) https://doi.org/10.1063/1.5040472

  4
    0    1    2    3
    7    7    6    3
   16   16   14    3

    90.663831    46.961414    24.110274    14.430881     8.757423
     4.484459     3.893671     2.519739     1.236850     1.010269
     0.601882     0.223338     0.123422     0.059941     0.027978
     0.013000

    0.00077400   -0.00015400   -0.00004700    0.00000000    0.00000000
    0.00000000    0.00000000
   -0.01131600    0.00252500    0.00365400    0.00000000    0.00000000
    0.00000000    0.00000000
    0.10120900   -0.02444300   -0.04613200    0.00000000    0.00000000
    0.00000000    0.00000000
   -0.08164200    0.02220000    0.03648300    0.00000000    0.00000000
    0.00000000    0.00000000
   -0.35481200    0.08841600    0.21726500    0.00000000    0.00000000
    0.00000000    0.00000000
   -0.09036200    0.01682000   -0.01188300    0.00000000    0.00000000
    0.00000000    0.00000000
    0.00000000    0.00000000    0.00000000    0.00000000    0.00000000
    0.00000000    1.00000000
    0.49817400   -0.13458200   -0.32468800    0.00000000    0.00000000
    0.00000000    0.00000000
    0.60412300   -0.23129500   -0.68058100    0.00000000    0.00000000
    0.00000000    0.00000000
    0.00000000    0.00000000    0.00000000    0.00000000    0.00000000
    1.00000000    0.00000000
    0.19077500   -0.16398600    0.25693600    0.00000000    0.00000000
    0.00000000    0.00000000
    0.00657800    0.12133700    1.22400500    0.00000000    0.00000000
    0.00000000    0.00000000
   -0.00090500    0.40241400    0.23683700    0.00000000    0.00000000
    0.00000000    0.00000000
    0.00017100    0.50611300   -0.60406400    0.00000000    0.00000000
    0.00000000    0.00000000
   -0.00002500    0.14543600   -0.57494700    1.00000000    0.00000000
    0.00000000    0.00000000
    0.00000000    0.00000000    0.00000000    0.00000000    1.00000000
    0.00000000    0.00000000

   139.038145    71.928971    37.806311    21.054252    12.973193
     6.791461     5.677091     3.794018     1.960649     1.270490
     1.006283     0.509539     0.233091     0.083890     0.039802
     0.019000

    0.00007500    0.00002500   -0.00023800    0.00000000    0.00000000
    0.00000000    0.00000000
   -0.00062700   -0.00008400    0.00148900    0.00000000    0.00000000
    0.00000000    0.00000000
    0.00571900   -0.00048500   -0.00872300    0.00000000    0.00000000
    0.00000000    0.00000000
   -0.00931000    0.00009500    0.02453800    0.00000000    0.00000000
    0.00000000    0.00000000
   -0.08385700    0.02240200    0.06085600    0.00000000    0.00000000
    0.00000000    0.00000000
    0.01239400   -0.01153400   -0.02038000    0.00000000    0.00000000
    0.00000000    0.00000000
    0.00000000    0.00000000    0.00000000    0.00000000    0.00000000
    0.00000000    1.00000000
    0.28198700   -0.05686600   -0.43019500    0.00000000    0.00000000
    0.00000000    0.00000000
    0.43417900   -0.12607000   -0.40769200    0.00000000    0.00000000
    0.00000000    0.00000000
    0.00000000    0.00000000    0.00000000    0.00000000    0.00000000
    1.00000000    0.00000000
    0.31340900   -0.06088900    0.08532600    0.00000000    0.00000000
    0.00000000    0.00000000
    0.08977800   -0.03508600    1.07332600    0.00000000    0.00000000
    0.00000000    0.00000000
    0.00740500    0.35184700    0.01506700    0.00000000    0.00000000
    0.00000000    0.00000000
    0.00098000    0.51044900   -0.71963100    0.00000000    0.00000000
    0.00000000    0.00000000
    0.00027400    0.28970700   -0.02460300    1.00000000    0.00000000
    0.00000000    0.00000000
    0.00000000    0.00000000    0.00000000    0.00000000    1.00000000
    0.00000000    0.00000000

   160.444504    52.598830    27.491581    12.745988     6.184310
     3.118104     3.029146     1.474099     1.291245     0.714391
     0.348520     0.174166     0.087891     0.043000

    0.00003400   -0.00003100    0.00000000    0.00000000    0.00000000
    0.00000000
    0.00655300   -0.00786900    0.00000000    0.00000000    0.00000000
    0.00000000
    0.03618500   -0.04199200    0.00000000    0.00000000    0.00000000
    0.00000000
    0.08302600   -0.10138800    0.00000000    0.00000000    0.00000000
    0.00000000
    0.17696000   -0.21699600    0.00000000    0.00000000    0.00000000
    0.00000000
    0.00000000    0.00000000    0.00000000    0.00000000    0.00000000
    1.00000000
    0.26399000   -0.28396200    0.00000000    0.00000000    0.00000000
    0.00000000
    0.29244700   -0.12717900    0.00000000    0.00000000    0.00000000
    0.00000000
    0.00000000    0.00000000    0.00000000    0.00000000    1.00000000
    0.00000000
    0.24959700    0.17712500    0.00000000    0.00000000    0.00000000
    0.00000000
    0.17163700    0.37559600    0.00000000    0.00000000    0.00000000
    0.00000000
    0.08064900    0.28463100    0.00000000    0.00000000    0.00000000
    0.00000000
    0.04121200    0.20027700    1.00000000    0.00000000    0.00000000
    0.00000000
    0.00000000    0.00000000    0.00000000    1.00000000    0.00000000
    0.00000000

     5.891548     2.012568     0.557444

    0.00000000    0.00000000    1.00000000
    0.00000000    1.00000000    0.00000000
    1.00000000    0.00000000    0.00000000

Co:aug-cc-pCVQZ-ccECP
ccECP aug-cc-pCVQZ for Co | source recipes/Co/ccECP/Co.aug-cc-pCVQZ.gamess | ccECP from A. Annaberdiyev et al. Journal of Chemical Physics 149, 134108 (2018) https://doi.org/10.1063/1.5040472

  6
    0    1    2    3    4    5
    9    9    8    5    4    3
   16   16   14    5    4    3

    90.663831    46.961414    24.110274    14.430881     8.757423
     4.484459     3.168493     2.586299     2.519739     1.236850
     0.601882     0.223338     0.123422     0.059941     0.027978
     0.013000

    0.00077400   -0.00015400   -0.00004700   -0.00023100    0.00280900
    0.00000000    0.00000000    0.00000000    0.00000000
   -0.01131600    0.00252500    0.00365400    0.00753600   -0.02445900
    0.00000000    0.00000000    0.00000000    0.00000000
    0.10120900   -0.02444300   -0.04613200   -0.09729800    0.21171700
    0.00000000    0.00000000    0.00000000    0.00000000
   -0.08164200    0.02220000    0.03648300    0.11161100   -0.38745200
    0.00000000    0.00000000    0.00000000    0.00000000
   -0.35481200    0.08841600    0.21726500    0.40362100   -0.36690900
    0.00000000    0.00000000    0.00000000    0.00000000
   -0.09036200    0.01682000   -0.01188300   -0.04832400    0.13914300
    0.00000000    0.00000000    0.00000000    0.00000000
    0.00000000    0.00000000    0.00000000    0.00000000    0.00000000
    0.00000000    0.00000000    0.00000000    1.00000000
    0.00000000    0.00000000    0.00000000    0.00000000    0.00000000
    0.00000000    0.00000000    1.00000000    0.00000000
    0.49817400   -0.13458200   -0.32468800   -1.15760000    2.83452700
    0.00000000    0.00000000    0.00000000    0.00000000
    0.60412300   -0.23129500   -0.68058100   -0.75683900   -2.90639800
    0.00000000    0.00000000    0.00000000    0.00000000
    0.19077500   -0.16398600    0.25693600    2.31368300   -0.80689600
    0.00000000    0.00000000    0.00000000    0.00000000
    0.00657800    0.12133700    1.22400500    0.25307400    4.33605500
    0.00000000    0.00000000    0.00000000    0.00000000
   -0.00090500    0.40241400    0.23683700   -1.99146600   -2.91360700
    0.00000000    0.00000000    0.00000000    0.00000000
    0.00017100    0.50611300   -0.60406400    0.16694200   -1.25330700
    0.00000000    0.00000000    0.00000000    0.00000000
   -0.00002500    0.14543600   -0.57494700    0.91722100    1.50957200
    1.00000000    0.00000000    0.00000000    0.00000000
    0.00000000    0.00000000    0.00000000    0.00000000    0.00000000
    0.00000000    1.00000000    0.00000000    0.00000000

   139.038145    71.928971    37.806311    21.054252    12.973193
     8.491665     6.791461     3.794018     2.724786     1.960649
     1.006283     0.509539     0.233091     0.083890     0.039802
     0.019000

    0.00007500    0.00002500   -0.00023800   -0.00005500    0.00005200
    0.00000000    0.00000000    0.00000000    0.00000000
   -0.00062700   -0.00008400    0.00148900   -0.00001700    0.00014400
    0.00000000    0.00000000    0.00000000    0.00000000
    0.00571900   -0.00048500   -0.00872300    0.00432000   -0.00506500
    0.00000000    0.00000000    0.00000000    0.00000000
   -0.00931000    0.00009500    0.02453800   -0.02133900    0.05166200
    0.00000000    0.00000000    0.00000000    0.00000000
   -0.08385700    0.02240200    0.06085600   -0.12713400    0.20930600
    0.00000000    0.00000000    0.00000000    0.00000000
    0.00000000    0.00000000    0.00000000    0.00000000    0.00000000
    0.00000000    0.00000000    0.00000000    1.00000000
    0.01239400   -0.01153400   -0.02038000    0.15720800   -0.63605200
    0.00000000    0.00000000    0.00000000    0.00000000
    0.28198700   -0.05686600   -0.43019500    0.79492700   -1.33476100
    0.00000000    0.00000000    0.00000000    0.00000000
    0.00000000    0.00000000    0.00000000    0.00000000    0.00000000
    0.00000000    0.00000000    1.00000000    0.00000000
    0.43417900   -0.12607000   -0.40769200    0.23357400    2.33740900
    0.00000000    0.00000000    0.00000000    0.00000000
    0.31340900   -0.06088900    0.08532600   -1.66603300    0.19062400
    0.00000000    0.00000000    0.00000000    0.00000000
    0.08977800   -0.03508600    1.07332600    0.28271600   -2.65784100
    0.00000000    0.00000000    0.00000000    0.00000000
    0.00740500    0.35184700    0.01506700    1.33562500    2.26444400
    0.00000000    0.00000000    0.00000000    0.00000000
    0.00098000    0.51044900   -0.71963100   -0.88546900   -0.61258400
    0.00000000    0.00000000    0.00000000    0.00000000
    0.00027400    0.28970700   -0.02460300   -0.13034000   -0.27662000
    1.00000000    0.00000000    0.00000000    0.00000000
    0.00000000    0.00000000    0.00000000    0.00000000    0.00000000
    0.00000000    1.00000000    0.00000000    0.00000000

   160.444504    52.598830    27.491581    12.745988     6.184310
     4.726625     4.048276     3.029146     1.474099     0.714391
     0.348520     0.174166     0.087891     0.043000

    0.00003400   -0.00003100    0.00004800   -0.00007000    0.00000000
    0.00000000    0.00000000    0.00000000
    0.00655300   -0.00786900    0.01053100   -0.01526900    0.00000000
    0.00000000    0.00000000    0.00000000
    0.03618500   -0.04199200    0.05555900   -0.07877000    0.00000000
    0.00000000    0.00000000    0.00000000
    0.08302600   -0.10138800    0.14075800   -0.21855600    0.00000000
    0.00000000    0.00000000    0.00000000
    0.17696000   -0.21699600    0.30578500   -0.47927100    0.00000000
    0.00000000    0.00000000    0.00000000
    0.00000000    0.00000000    0.00000000    0.00000000    0.00000000
    0.00000000    0.00000000    1.00000000
    0.00000000    0.00000000    0.00000000    0.00000000    0.00000000
    0.00000000    1.00000000    0.00000000
    0.26399000   -0.28396200    0.24281200    0.17362300    0.00000000
    0.00000000    0.00000000    0.00000000
    0.29244700   -0.12717900   -0.28504400    0.95417300    0.00000000
    0.00000000    0.00000000    0.00000000
    0.24959700    0.17712500   -0.59481900   -0.34849000    0.00000000
    0.00000000    0.00000000    0.00000000
    0.17163700    0.37559600   -0.01793700   -0.73737100    0.00000000
    0.00000000    0.00000000    0.00000000
    0.08064900    0.28463100    0.34815000    0.07194100    0.00000000
    0.00000000    0.00000000    0.00000000
    0.04121200    0.20027700    0.45517000    0.64488200    1.00000000
    0.00000000    0.00000000    0.00000000
    0.00000000    0.00000000    0.00000000    0.00000000    0.00000000
    1.00000000    0.00000000    0.00000000

     6.323772     3.823826     1.905783     0.574342     0.173088

    0.00000000    0.00000000    0.00000000    1.00000000    0.00000000
    0.00000000    0.00000000    0.00000000    0.00000000    1.00000000
    0.00000000    0.00000000    1.00000000    0.00000000    0.00000000
    0.00000000    1.00000000    0.00000000    0.00000000    0.00000000
    1.00000000    0.00000000    0.00000000    0.00000000    0.00000000

     6.901363     4.581075     1.312433     0.375999

    0.00000000    0.00000000    0.00000000    1.00000000
    0.00000000    0.00000000    1.00000000    0.00000000
    0.00000000    1.00000000    0.00000000    0.00000000
    1.00000000    0.00000000    0.00000000    0.00000000

     6.891833     2.901601     1.061794

    0.00000000    0.00000000    1.00000000
    0.00000000    1.00000000    0.00000000
    1.00000000    0.00000000    0.00000000

Co:aug-cc-pCVTZ-ccECP
ccECP aug-cc-pCVTZ for Co | source recipes/Co/ccECP/Co.aug-cc-pCVTZ.gamess | ccECP from A. Annaberdiyev et al. Journal of Chemical Physics 149, 134108 (2018) https://doi.org/10.1063/1.5040472

  5
    0    1    2    3    4
    8    8    7    4    3
   16   16   14    4    3

    90.663831    46.961414    24.110274    14.430881     8.757423
     4.484459     3.880139     2.519739     1.447389     1.236850
     0.601882     0.223338     0.123422     0.059941     0.027978
     0.013000

    0.00077400   -0.00015400   -0.00004700   -0.00023100    0.00000000
    0.00000000    0.00000000    0.00000000
   -0.01131600    0.00252500    0.00365400    0.00753600    0.00000000
    0.00000000    0.00000000    0.00000000
    0.10120900   -0.02444300   -0.04613200   -0.09729800    0.00000000
    0.00000000    0.00000000    0.00000000
   -0.08164200    0.02220000    0.03648300    0.11161100    0.00000000
    0.00000000    0.00000000    0.00000000
   -0.35481200    0.08841600    0.21726500    0.40362100    0.00000000
    0.00000000    0.00000000    0.00000000
   -0.09036200    0.01682000   -0.01188300   -0.04832400    0.00000000
    0.00000000    0.00000000    0.00000000
    0.00000000    0.00000000    0.00000000    0.00000000    0.00000000
    0.00000000    0.00000000    1.00000000
    0.49817400   -0.13458200   -0.32468800   -1.15760000    0.00000000
    0.00000000    0.00000000    0.00000000
    0.00000000    0.00000000    0.00000000    0.00000000    0.00000000
    0.00000000    1.00000000    0.00000000
    0.60412300   -0.23129500   -0.68058100   -0.75683900    0.00000000
    0.00000000    0.00000000    0.00000000
    0.19077500   -0.16398600    0.25693600    2.31368300    0.00000000
    0.00000000    0.00000000    0.00000000
    0.00657800    0.12133700    1.22400500    0.25307400    0.00000000
    0.00000000    0.00000000    0.00000000
   -0.00090500    0.40241400    0.23683700   -1.99146600    0.00000000
    0.00000000    0.00000000    0.00000000
    0.00017100    0.50611300   -0.60406400    0.16694200    0.00000000
    0.00000000    0.00000000    0.00000000
   -0.00002500    0.14543600   -0.57494700    0.91722100    1.00000000
    0.00000000    0.00000000    0.00000000
    0.00000000    0.00000000    0.00000000    0.00000000    0.00000000
    1.00000000    0.00000000    0.00000000

   139.038145    71.928971    37.806311    21.054252    12.973193
     6.847001     6.791461     3.794018     1.960649     1.784890
     1.006283     0.509539     0.233091     0.083890     0.039802
     0.019000

    0.00007500    0.00002500   -0.00023800   -0.00005500    0.00000000
    0.00000000    0.00000000    0.00000000
   -0.00062700   -0.00008400    0.00148900   -0.00001700    0.00000000
    0.00000000    0.00000000    0.00000000
    0.00571900   -0.00048500   -0.00872300    0.00432000    0.00000000
    0.00000000    0.00000000    0.00000000
   -0.00931000    0.00009500    0.02453800   -0.02133900    0.00000000
    0.00000000    0.00000000    0.00000000
   -0.08385700    0.02240200    0.06085600   -0.12713400    0.00000000
    0.00000000    0.00000000    0.00000000
    0.00000000    0.00000000    0.00000000    0.00000000    0.00000000
    0.00000000    0.00000000    1.00000000
    0.01239400   -0.01153400   -0.02038000    0.15720800    0.00000000
    0.00000000    0.00000000    0.00000000
    0.28198700   -0.05686600   -0.43019500    0.79492700    0.00000000
    0.00000000    0.00000000    0.00000000
    0.43417900   -0.12607000   -0.40769200    0.23357400    0.00000000
    0.00000000    0.00000000    0.00000000
    0.00000000    0.00000000    0.00000000    0.00000000    0.00000000
    0.00000000    1.00000000    0.00000000
    0.31340900   -0.06088900    0.08532600   -1.66603300    0.00000000
    0.00000000    0.00000000    0.00000000
    0.08977800   -0.03508600    1.07332600    0.28271600    0.00000000
    0.00000000    0.00000000    0.00000000
    0.00740500    0.35184700    0.01506700    1.33562500    0.00000000
    0.00000000    0.00000000    0.00000000
    0.00098000    0.51044900   -0.71963100   -0.88546900    0.00000000
    0.00000000    0.00000000    0.00000000
    0.00027400    0.28970700   -0.02460300   -0.13034000    1.00000000
    0.00000000    0.00000000    0.00000000
    0.00000000    0.00000000    0.00000000    0.00000000    0.00000000
    1.00000000    0.00000000    0.00000000

   160.444504    52.598830    27.491581    12.745988     6.184310
     4.221080     3.029146     2.363138     1.474099     0.714391
     0.348520     0.174166     0.087891     0.043000

    0.00003400   -0.00003100    0.00004800    0.00000000    0.00000000
    0.00000000    0.00000000
    0.00655300   -0.00786900    0.01053100    0.00000000    0.00000000
    0.00000000    0.00000000
    0.03618500   -0.04199200    0.05555900    0.00000000    0.00000000
    0.00000000    0.00000000
    0.08302600   -0.10138800    0.14075800    0.00000000    0.00000000
    0.00000000    0.00000000
    0.17696000   -0.21699600    0.30578500    0.00000000    0.00000000
    0.00000000    0.00000000
    0.00000000    0.00000000    0.00000000    0.00000000    0.00000000
    0.00000000    1.00000000
    0.26399000   -0.28396200    0.24281200    0.00000000    0.00000000
    0.00000000    0.00000000
    0.00000000    0.00000000    0.00000000    0.00000000    0.00000000
    1.00000000    0.00000000
    0.29244700   -0.12717900   -0.28504400    0.00000000    0.00000000
    0.00000000    0.00000000
    0.24959700    0.17712500   -0.59481900    0.00000000    0.00000000
    0.00000000    0.00000000
    0.17163700    0.37559600   -0.01793700    0.00000000    0.00000000
    0.00000000    0.00000000
    0.08064900    0.28463100    0.34815000    0.00000000    0.00000000
    0.00000000    0.00000000
    0.04121200    0.20027700    0.45517000    1.00000000    0.00000000
    0.00000000    0.00000000
    0.00000000    0.00000000    0.00000000    0.00000000    1.00000000
    0.00000000    0.00000000

     8.206890     3.957052     0.975120     0.240295

    0.00000000    0.00000000    0.00000000    1.00000000
    0.00000000    0.00000000    1.00000000    0.00000000
    0.00000000    1.00000000    0.00000000    0.00000000
    1.00000000    0.00000000    0.00000000    0.00000000

     6.296469     2.525364     0.828324

    0.00000000    0.00000000    1.00000000
    0.00000000    1.00000000    0.00000000
    1.00000000    0.00000000    0.00000000

Co:aug-cc-pV5Z-ccECP
ccECP aug-cc-pV5Z for Co | source recipes/Co/ccECP/Co.aug-cc-pV5Z.gamess | ccECP from A. Annaberdiyev et al. Journal of Chemical Physics 149, 134108 (2018) https://doi.org/10.1063/1.5040472

  7
    0    1    2    3    4    5    6
    8    8    7    5    4    3    2
   14   14   12    5    4    3    2

    90.663831    46.961414    24.110274    14.430881     8.757423
     4.484459     2.519739     1.236850     0.601882     0.223338
     0.123422     0.059941     0.027978     0.013000

    0.00077400   -0.00015400   -0.00004700   -0.00023100    0.00280900
   -0.00143600    0.00000000    0.00000000
   -0.01131600    0.00252500    0.00365400    0.00753600   -0.02445900
   -0.00099500    0.00000000    0.00000000
    0.10120900   -0.02444300   -0.04613200   -0.09729800    0.21171700
    0.17402400    0.00000000    0.00000000
   -0.08164200    0.02220000    0.03648300    0.11161100   -0.38745200
   -0.27705900    0.00000000    0.00000000
   -0.35481200    0.08841600    0.21726500    0.40362100   -0.36690900
   -1.32202800    0.00000000    0.00000000
   -0.09036200    0.01682000   -0.01188300   -0.04832400    0.13914300
    3.04818800    0.00000000    0.00000000
    0.49817400   -0.13458200   -0.32468800   -1.15760000    2.83452700
    0.88698400    0.00000000    0.00000000
    0.60412300   -0.23129500   -0.68058100   -0.75683900   -2.90639800
   -6.51886800    0.00000000    0.00000000
    0.19077500   -0.16398600    0.25693600    2.31368300   -0.80689600
    6.58588500    0.00000000    0.00000000
    0.00657800    0.12133700    1.22400500    0.25307400    4.33605500
   -2.92841300    0.00000000    0.00000000
   -0.00090500    0.40241400    0.23683700   -1.99146600   -2.91360700
   -1.62261500    0.00000000    0.00000000
    0.00017100    0.50611300   -0.60406400    0.16694200   -1.25330700
    4.04814300    0.00000000    0.00000000
   -0.00002500    0.14543600   -0.57494700    0.91722100    1.50957200
   -2.04577100    1.00000000    0.00000000
    0.00000000    0.00000000    0.00000000    0.00000000    0.00000000
    0.00000000    0.00000000    1.00000000

   139.038145    71.928971    37.806311    21.054252    12.973193
     6.791461     3.794018     1.960649     1.006283     0.509539
     0.233091     0.083890     0.039802     0.019000

    0.00007500    0.00002500   -0.00023800   -0.00005500    0.00005200
   -0.00258700    0.00000000    0.00000000
   -0.00062700   -0.00008400    0.00148900   -0.00001700    0.00014400
    0.01345800    0.00000000    0.00000000
    0.00571900   -0.00048500   -0.00872300    0.00432000   -0.00506500
   -0.04646400    0.00000000    0.00000000
   -0.00931000    0.00009500    0.02453800   -0.02133900    0.05166200
    0.03715700    0.00000000    0.00000000
   -0.08385700    0.02240200    0.06085600   -0.12713400    0.20930600
   -0.58198600    0.00000000    0.00000000
    0.01239400   -0.01153400   -0.02038000    0.15720800   -0.63605200
    2.70958900    0.00000000    0.00000000
    0.28198700   -0.05686600   -0.43019500    0.79492700   -1.33476100
   -1.68255200    0.00000000    0.00000000
    0.43417900   -0.12607000   -0.40769200    0.23357400    2.33740900
   -2.80074300    0.00000000    0.00000000
    0.31340900   -0.06088900    0.08532600   -1.66603300    0.19062400
    5.80223100    0.00000000    0.00000000
    0.08977800   -0.03508600    1.07332600    0.28271600   -2.65784100
   -4.89926500    0.00000000    0.00000000
    0.00740500    0.35184700    0.01506700    1.33562500    2.26444400
    2.05329300    0.00000000    0.00000000
    0.00098000    0.51044900   -0.71963100   -0.88546900   -0.61258400
    0.03335700    0.00000000    0.00000000
    0.00027400    0.28970700   -0.02460300   -0.13034000   -0.27662000
   -0.55647600    1.00000000    0.00000000
    0.00000000    0.00000000    0.00000000    0.00000000    0.00000000
    0.00000000    0.00000000    1.00000000

   160.444504    52.598830    27.491581    12.745988     6.184310
     3.029146     1.474099     0.714391     0.348520     0.174166
     0.087891     0.043000

    0.00003400   -0.00003100    0.00004800   -0.00007000    0.00020500
    0.00000000    0.00000000
    0.00655300   -0.00786900    0.01053100   -0.01526900   -0.02193300
    0.00000000    0.00000000
    0.03618500   -0.04199200    0.05555900   -0.07877000   -0.08750800
    0.00000000    0.00000000
    0.08302600   -0.10138800    0.14075800   -0.21855600   -0.34161200
    0.00000000    0.00000000
    0.17696000   -0.21699600    0.30578500   -0.47927100   -0.49762900
    0.00000000    0.00000000
    0.26399000   -0.28396200    0.24281200    0.17362300    1.28072500
    0.00000000    0.00000000
    0.29244700   -0.12717900   -0.28504400    0.95417300   -0.12625700
    0.00000000    0.00000000
    0.24959700    0.17712500   -0.59481900   -0.34849000   -1.36065500
    0.00000000    0.00000000
    0.17163700    0.37559600   -0.01793700   -0.73737100    0.96428800
    0.00000000    0.00000000
    0.08064900    0.28463100    0.34815000    0.07194100    0.66161100
    0.00000000    0.00000000
    0.04121200    0.20027700    0.45517000    0.64488200   -0.94435000
    1.00000000    0.00000000
    0.00000000    0.00000000    0.00000000    0.00000000    0.00000000
    0.00000000    1.00000000

     9.314030     3.246009     1.131258     0.394252     0.137400

    0.00000000    0.00000000    0.00000000    0.00000000    1.00000000
    0.00000000    0.00000000    0.00000000    1.00000000    0.00000000
    0.00000000    0.00000000    1.00000000    0.00000000    0.00000000
    0.00000000    1.00000000    0.00000000    0.00000000    0.00000000
    1.00000000    0.00000000    0.00000000    0.00000000    0.00000000

     6.863750     2.355598     0.808427     0.277447

    0.00000000    0.00000000    0.00000000    1.00000000
    0.00000000    0.00000000    1.00000000    0.00000000
    0.00000000    1.00000000    0.00000000    0.00000000
    1.00000000    0.00000000    0.00000000    0.00000000

     5.068373     1.591062     0.499466

    0.00000000    0.00000000    1.00000000
    0.00000000    1.00000000    0.00000000
    1.00000000    0.00000000    0.00000000

     3.729940     1.496090

    0.00000000    1.00000000
    1.00000000    0.00000000

Co:aug-cc-pVDZ-ccECP
ccECP aug-cc-pVDZ for Co | source recipes/Co/ccECP/Co.aug-cc-pVDZ.gamess | ccECP from A. Annaberdiyev et al. Journal of Chemical Physics 149, 134108 (2018) https://doi.org/10.1063/1.5040472

  4
    0    1    2    3
    5    5    4    2
   14   14   12    2

    90.663831    46.961414    24.110274    14.430881     8.757423
     4.484459     2.519739     1.236850     0.601882     0.223338
     0.123422     0.059941     0.027978     0.013000

    0.00077400   -0.00015400   -0.00004700    0.00000000    0.00000000
   -0.01131600    0.00252500    0.00365400    0.00000000    0.00000000
    0.10120900   -0.02444300   -0.04613200    0.00000000    0.00000000
   -0.08164200    0.02220000    0.03648300    0.00000000    0.00000000
   -0.35481200    0.08841600    0.21726500    0.00000000    0.00000000
   -0.09036200    0.01682000   -0.01188300    0.00000000    0.00000000
    0.49817400   -0.13458200   -0.32468800    0.00000000    0.00000000
    0.60412300   -0.23129500   -0.68058100    0.00000000    0.00000000
    0.19077500   -0.16398600    0.25693600    0.00000000    0.00000000
    0.00657800    0.12133700    1.22400500    0.00000000    0.00000000
   -0.00090500    0.40241400    0.23683700    0.00000000    0.00000000
    0.00017100    0.50611300   -0.60406400    0.00000000    0.00000000
   -0.00002500    0.14543600   -0.57494700    1.00000000    0.00000000
    0.00000000    0.00000000    0.00000000    0.00000000    1.00000000

   139.038145    71.928971    37.806311    21.054252    12.973193
     6.791461     3.794018     1.960649     1.006283     0.509539
     0.233091     0.083890     0.039802     0.019000

    0.00007500    0.00002500   -0.00023800    0.00000000    0.00000000
   -0.00062700   -0.00008400    0.00148900    0.00000000    0.00000000
    0.00571900   -0.00048500   -0.00872300    0.00000000    0.00000000
   -0.00931000    0.00009500    0.02453800    0.00000000    0.00000000
   -0.08385700    0.02240200    0.06085600    0.00000000    0.00000000
    0.01239400   -0.01153400   -0.02038000    0.00000000    0.00000000
    0.28198700   -0.05686600   -0.43019500    0.00000000    0.00000000
    0.43417900   -0.12607000   -0.40769200    0.00000000    0.00000000
    0.31340900   -0.06088900    0.08532600    0.00000000    0.00000000
    0.08977800   -0.03508600    1.07332600    0.00000000    0.00000000
    0.00740500    0.35184700    0.01506700    0.00000000    0.00000000
    0.00098000    0.51044900   -0.71963100    0.00000000    0.00000000
    0.00027400    0.28970700   -0.02460300    1.00000000    0.00000000
    0.00000000    0.00000000    0.00000000    0.00000000    1.00000000

   160.444504    52.598830    27.491581    12.745988     6.184310
     3.029146     1.474099     0.714391     0.348520     0.174166
     0.087891     0.043000

    0.00003400   -0.00003100    0.00000000    0.00000000
    0.00655300   -0.00786900    0.00000000    0.00000000
    0.03618500   -0.04199200    0.00000000    0.00000000
    0.08302600   -0.10138800    0.00000000    0.00000000
    0.17696000   -0.21699600    0.00000000    0.00000000
    0.26399000   -0.28396200    0.00000000    0.00000000
    0.29244700   -0.12717900    0.00000000    0.00000000
    0.24959700    0.17712500    0.00000000    0.00000000
    0.17163700    0.37559600    0.00000000    0.00000000
    0.08064900    0.28463100    0.00000000    0.00000000
    0.04121200    0.20027700    1.00000000    0.00000000
    0.00000000    0.00000000    0.00000000    1.00000000

     2.012568     0.557444

    0.00000000    1.00000000
    1.00000000    0.00000000

Co:aug-cc-pVQZ-ccECP
ccECP aug-cc-pVQZ for Co | source recipes/Co/ccECP/Co.aug-cc-pVQZ.gamess | ccECP from A. Annaberdiyev et al. Journal of Chemical Physics 149, 134108 (2018) https://doi.org/10.1063/1.5040472

  6
    0    1    2    3    4    5
    7    7    6    4    3    2
   14   14   12    4    3    2

    90.663831    46.961414    24.110274    14.430881     8.757423
     4.484459     2.519739     1.236850     0.601882     0.223338
     0.123422     0.059941     0.027978     0.013000

    0.00077400   -0.00015400   -0.00004700   -0.00023100    0.00280900
    0.00000000    0.00000000
   -0.01131600    0.00252500    0.00365400    0.00753600   -0.02445900
    0.00000000    0.00000000
    0.10120900   -0.02444300   -0.04613200   -0.09729800    0.21171700
    0.00000000    0.00000000
   -0.08164200    0.02220000    0.03648300    0.11161100   -0.38745200
    0.00000000    0.00000000
   -0.35481200    0.08841600    0.21726500    0.40362100   -0.36690900
    0.00000000    0.00000000
   -0.09036200    0.01682000   -0.01188300   -0.04832400    0.13914300
    0.00000000    0.00000000
    0.49817400   -0.13458200   -0.32468800   -1.15760000    2.83452700
    0.00000000    0.00000000
    0.60412300   -0.23129500   -0.68058100   -0.75683900   -2.90639800
    0.00000000    0.00000000
    0.19077500   -0.16398600    0.25693600    2.31368300   -0.80689600
    0.00000000    0.00000000
    0.00657800    0.12133700    1.22400500    0.25307400    4.33605500
    0.00000000    0.00000000
   -0.00090500    0.40241400    0.23683700   -1.99146600   -2.91360700
    0.00000000    0.00000000
    0.00017100    0.50611300   -0.60406400    0.16694200   -1.25330700
    0.00000000    0.00000000
   -0.00002500    0.14543600   -0.57494700    0.91722100    1.50957200
    1.00000000    0.00000000
    0.00000000    0.00000000    0.00000000    0.00000000    0.00000000
    0.00000000    1.00000000

   139.038145    71.928971    37.806311    21.054252    12.973193
     6.791461     3.794018     1.960649     1.006283     0.509539
     0.233091     0.083890     0.039802     0.019000

    0.00007500    0.00002500   -0.00023800   -0.00005500    0.00005200
    0.00000000    0.00000000
   -0.00062700   -0.00008400    0.00148900   -0.00001700    0.00014400
    0.00000000    0.00000000
    0.00571900   -0.00048500   -0.00872300    0.00432000   -0.00506500
    0.00000000    0.00000000
   -0.00931000    0.00009500    0.02453800   -0.02133900    0.05166200
    0.00000000    0.00000000
   -0.08385700    0.02240200    0.06085600   -0.12713400    0.20930600
    0.00000000    0.00000000
    0.01239400   -0.01153400   -0.02038000    0.15720800   -0.63605200
    0.00000000    0.00000000
    0.28198700   -0.05686600   -0.43019500    0.79492700   -1.33476100
    0.00000000    0.00000000
    0.43417900   -0.12607000   -0.40769200    0.23357400    2.33740900
    0.00000000    0.00000000
    0.31340900   -0.06088900    0.08532600   -1.66603300    0.19062400
    0.00000000    0.00000000
    0.08977800   -0.03508600    1.07332600    0.28271600   -2.65784100
    0.00000000    0.00000000
    0.00740500    0.35184700    0.01506700    1.33562500    2.26444400
    0.00000000    0.00000000
    0.00098000    0.51044900   -0.71963100   -0.88546900   -0.61258400
    0.00000000    0.00000000
    0.00027400    0.28970700   -0.02460300   -0.13034000   -0.27662000
    1.00000000    0.00000000
    0.00000000    0.00000000    0.00000000    0.00000000    0.00000000
    0.00000000    1.00000000

   160.444504    52.598830    27.491581    12.745988     6.184310
     3.029146     1.474099     0.714391     0.348520     0.174166
     0.087891     0.043000

    0.00003400   -0.00003100    0.00004800   -0.00007000    0.00000000
    0.00000000
    0.00655300   -0.00786900    0.01053100   -0.01526900    0.00000000
    0.00000000
    0.03618500   -0.04199200    0.05555900   -0.07877000    0.00000000
    0.00000000
    0.08302600   -0.10138800    0.14075800   -0.21855600    0.00000000
    0.00000000
    0.17696000   -0.21699600    0.30578500   -0.47927100    0.00000000
    0.00000000
    0.26399000   -0.28396200    0.24281200    0.17362300    0.00000000
    0.00000000
    0.29244700   -0.12717900   -0.28504400    0.95417300    0.00000000
    0.00000000
    0.24959700    0.17712500   -0.59481900   -0.34849000    0.00000000
    0.00000000
    0.17163700    0.37559600   -0.01793700   -0.73737100    0.00000000
    0.00000000
    0.08064900    0.28463100    0.34815000    0.07194100    0.00000000
    0.00000000
    0.04121200    0.20027700    0.45517000    0.64488200    1.00000000
    0.00000000
    0.00000000    0.00000000    0.00000000    0.00000000    0.00000000
    1.00000000

     6.323772     1.905783     0.574342     0.173088

    0.00000000    0.00000000    0.00000000    1.00000000
    0.00000000    0.00000000    1.00000000    0.00000000
    0.00000000    1.00000000    0.00000000    0.00000000
    1.00000000    0.00000000    0.00000000    0.00000000

     4.581075     1.312433     0.375999

    0.00000000    0.00000000    1.00000000
    0.00000000    1.00000000    0.00000000
    1.00000000    0.00000000    0.00000000

     2.901601     1.061794

    0.00000000    1.00000000
    1.00000000    0.00000000

Co:aug-cc-pVTZ-ccECP
ccECP aug-cc-pVTZ for Co | source recipes/Co/ccECP/Co.aug-cc-pVTZ.gamess | ccECP from A. Annaberdiyev et al. Journal of Chemical Physics 149, 134108 (2018) https://doi.org/10.1063/1.5040472

  5
    0    1    2    3    4
    6    6    5    3    2
   14   14   12    3    2

    90.663831    46.961414    24.110274    14.430881     8.757423
     4.484459     2.519739     1.236850     0.601882     0.223338
     0.123422     0.059941     0.027978     0.013000

    0.00077400   -0.00015400   -0.00004700   -0.00023100    0.00000000
    0.00000000
   -0.01131600    0.00252500    0.00365400    0.00753600    0.00000000
    0.00000000
    0.10120900   -0.02444300   -0.04613200   -0.09729800    0.00000000
    0.00000000
   -0.08164200    0.02220000    0.03648300    0.11161100    0.00000000
    0.00000000
   -0.35481200    0.08841600    0.21726500    0.40362100    0.00000000
    0.00000000
   -0.09036200    0.01682000   -0.01188300   -0.04832400    0.00000000
    0.00000000
    0.49817400   -0.13458200   -0.32468800   -1.15760000    0.00000000
    0.00000000
    0.60412300   -0.23129500   -0.68058100   -0.75683900    0.00000000
    0.00000000
    0.19077500   -0.16398600    0.25693600    2.31368300    0.00000000
    0.00000000
    0.00657800    0.12133700    1.22400500    0.25307400    0.00000000
    0.00000000
   -0.00090500    0.40241400    0.23683700   -1.99146600    0.00000000
    0.00000000
    0.00017100    0.50611300   -0.60406400    0.16694200    0.00000000
    0.00000000
   -0.00002500    0.14543600   -0.57494700    0.91722100    1.00000000
    0.00000000
    0.00000000    0.00000000    0.00000000    0.00000000    0.00000000
    1.00000000

   139.038145    71.928971    37.806311    21.054252    12.973193
     6.791461     3.794018     1.960649     1.006283     0.509539
     0.233091     0.083890     0.039802     0.019000

    0.00007500    0.00002500   -0.00023800   -0.00005500    0.00000000
    0.00000000
   -0.00062700   -0.00008400    0.00148900   -0.00001700    0.00000000
    0.00000000
    0.00571900   -0.00048500   -0.00872300    0.00432000    0.00000000
    0.00000000
   -0.00931000    0.00009500    0.02453800   -0.02133900    0.00000000
    0.00000000
   -0.08385700    0.02240200    0.06085600   -0.12713400    0.00000000
    0.00000000
    0.01239400   -0.01153400   -0.02038000    0.15720800    0.00000000
    0.00000000
    0.28198700   -0.05686600   -0.43019500    0.79492700    0.00000000
    0.00000000
    0.43417900   -0.12607000   -0.40769200    0.23357400    0.00000000
    0.00000000
    0.31340900   -0.06088900    0.08532600   -1.66603300    0.00000000
    0.00000000
    0.08977800   -0.03508600    1.07332600    0.28271600    0.00000000
    0.00000000
    0.00740500    0.35184700    0.01506700    1.33562500    0.00000000
    0.00000000
    0.00098000    0.51044900   -0.71963100   -0.88546900    0.00000000
    0.00000000
    0.00027400    0.28970700   -0.02460300   -0.13034000    1.00000000
    0.00000000
    0.00000000    0.00000000    0.00000000    0.00000000    0.00000000
    1.00000000

   160.444504    52.598830    27.491581    12.745988     6.184310
     3.029146     1.474099     0.714391     0.348520     0.174166
     0.087891     0.043000

    0.00003400   -0.00003100    0.00004800    0.00000000    0.00000000
    0.00655300   -0.00786900    0.01053100    0.00000000    0.00000000
    0.03618500   -0.04199200    0.05555900    0.00000000    0.00000000
    0.08302600   -0.10138800    0.14075800    0.00000000    0.00000000
    0.17696000   -0.21699600    0.30578500    0.00000000    0.00000000
    0.26399000   -0.28396200    0.24281200    0.00000000    0.00000000
    0.29244700   -0.12717900   -0.28504400    0.00000000    0.00000000
    0.24959700    0.17712500   -0.59481900    0.00000000    0.00000000
    0.17163700    0.37559600   -0.01793700    0.00000000    0.00000000
    0.08064900    0.28463100    0.34815000    0.00000000    0.00000000
    0.04121200    0.20027700    0.45517000    1.00000000    0.00000000
    0.00000000    0.00000000    0.00000000    0.00000000    1.00000000

     3.957052     0.975120     0.240295

    0.00000000    0.00000000    1.00000000
    0.00000000    1.00000000    0.00000000
    1.00000000    0.00000000    0.00000000

     2.525364     0.828324

    0.00000000    1.00000000
    1.00000000    0.00000000

Co:cc-pCV5Z-ccECP
ccECP cc-pCV5Z for Co | source recipes/Co/ccECP/Co.cc-pCV5Z.gamess | ccECP from A. Annaberdiyev et al. Journal of Chemical Physics 149, 134108 (2018) https://doi.org/10.1063/1.5040472

  7
    0    1    2    3    4    5    6
    9    9    8    5    4    3    2
   15   15   13    5    4    3    2

    90.663831    46.961414    24.110274    14.430881     8.757423
     4.484459     3.880000     3.680000     2.519739     1.236850
     0.601882     0.223338     0.123422     0.059941     0.027978

    0.00077400   -0.00015400   -0.00004700   -0.00023100    0.00280900
   -0.00143600    0.00000000    0.00000000    0.00000000
   -0.01131600    0.00252500    0.00365400    0.00753600   -0.02445900
   -0.00099500    0.00000000    0.00000000    0.00000000
    0.10120900   -0.02444300   -0.04613200   -0.09729800    0.21171700
    0.17402400    0.00000000    0.00000000    0.00000000
   -0.08164200    0.02220000    0.03648300    0.11161100   -0.38745200
   -0.27705900    0.00000000    0.00000000    0.00000000
   -0.35481200    0.08841600    0.21726500    0.40362100   -0.36690900
   -1.32202800    0.00000000    0.00000000    0.00000000
   -0.09036200    0.01682000   -0.01188300   -0.04832400    0.13914300
    3.04818800    0.00000000    0.00000000    0.00000000
    0.00000000    0.00000000    0.00000000    0.00000000    0.00000000
    0.00000000    0.00000000    0.00000000    1.00000000
    0.00000000    0.00000000    0.00000000    0.00000000    0.00000000
    0.00000000    0.00000000    1.00000000    0.00000000
    0.49817400   -0.13458200   -0.32468800   -1.15760000    2.83452700
    0.88698400    0.00000000    0.00000000    0.00000000
    0.60412300   -0.23129500   -0.68058100   -0.75683900   -2.90639800
   -6.51886800    0.00000000    0.00000000    0.00000000
    0.19077500   -0.16398600    0.25693600    2.31368300   -0.80689600
    6.58588500    0.00000000    0.00000000    0.00000000
    0.00657800    0.12133700    1.22400500    0.25307400    4.33605500
   -2.92841300    0.00000000    0.00000000    0.00000000
   -0.00090500    0.40241400    0.23683700   -1.99146600   -2.91360700
   -1.62261500    0.00000000    0.00000000    0.00000000
    0.00017100    0.50611300   -0.60406400    0.16694200   -1.25330700
    4.04814300    0.00000000    0.00000000    0.00000000
   -0.00002500    0.14543600   -0.57494700    0.91722100    1.50957200
   -2.04577100    1.00000000    0.00000000    0.00000000

   139.038145    71.928971    37.806311    21.054252    12.973193
     9.697976     6.791461     3.794018     3.681986     1.960649
     1.006283     0.509539     0.233091     0.083890     0.039802

    0.00007500    0.00002500   -0.00023800   -0.00005500    0.00005200
   -0.00258700    0.00000000    0.00000000    0.00000000
   -0.00062700   -0.00008400    0.00148900   -0.00001700    0.00014400
    0.01345800    0.00000000    0.00000000    0.00000000
    0.00571900   -0.00048500   -0.00872300    0.00432000   -0.00506500
   -0.04646400    0.00000000    0.00000000    0.00000000
   -0.00931000    0.00009500    0.02453800   -0.02133900    0.05166200
    0.03715700    0.00000000    0.00000000    0.00000000
   -0.08385700    0.02240200    0.06085600   -0.12713400    0.20930600
   -0.58198600    0.00000000    0.00000000    0.00000000
    0.00000000    0.00000000    0.00000000    0.00000000    0.00000000
    0.00000000    0.00000000    0.00000000    1.00000000
    0.01239400   -0.01153400   -0.02038000    0.15720800   -0.63605200
    2.70958900    0.00000000    0.00000000    0.00000000
    0.28198700   -0.05686600   -0.43019500    0.79492700   -1.33476100
   -1.68255200    0.00000000    0.00000000    0.00000000
    0.00000000    0.00000000    0.00000000    0.00000000    0.00000000
    0.00000000    0.00000000    1.00000000    0.00000000
    0.43417900   -0.12607000   -0.40769200    0.23357400    2.33740900
   -2.80074300    0.00000000    0.00000000    0.00000000
    0.31340900   -0.06088900    0.08532600   -1.66603300    0.19062400
    5.80223100    0.00000000    0.00000000    0.00000000
    0.08977800   -0.03508600    1.07332600    0.28271600   -2.65784100
   -4.89926500    0.00000000    0.00000000    0.00000000
    0.00740500    0.35184700    0.01506700    1.33562500    2.26444400
    2.05329300    0.00000000    0.00000000    0.00000000
    0.00098000    0.51044900   -0.71963100   -0.88546900   -0.61258400
    0.03335700    0.00000000    0.00000000    0.00000000
    0.00027400    0.28970700   -0.02460300   -0.13034000   -0.27662000
   -0.55647600    1.00000000    0.00000000    0.00000000

   160.444504    52.598830    27.491581    12.745988     6.184310
     6.010000     5.810000     3.029146     1.474099     0.714391
     0.348520     0.174166     0.087891

    0.00003400   -0.00003100    0.00004800   -0.00007000    0.00020500
    0.00000000    0.00000000    0.00000000
    0.00655300   -0.00786900    0.01053100   -0.01526900   -0.02193300
    0.00000000    0.00000000    0.00000000
    0.03618500   -0.04199200    0.05555900   -0.07877000   -0.08750800
    0.00000000    0.00000000    0.00000000
    0.08302600   -0.10138800    0.14075800   -0.21855600   -0.34161200
    0.00000000    0.00000000    0.00000000
    0.17696000   -0.21699600    0.30578500   -0.47927100   -0.49762900
    0.00000000    0.00000000    0.00000000
    0.00000000    0.00000000    0.00000000    0.00000000    0.00000000
    0.00000000    0.00000000    1.00000000
    0.00000000    0.00000000    0.00000000    0.00000000    0.00000000
    0.00000000    1.00000000    0.00000000
    0.26399000   -0.28396200    0.24281200    0.17362300    1.28072500
    0.00000000    0.00000000    0.00000000
    0.29244700   -0.12717900   -0.28504400    0.95417300   -0.12625700
    0.00000000    0.00000000    0.00000000
    0.24959700    0.17712500   -0.59481900   -0.34849000   -1.36065500
    0.00000000    0.00000000    0.00000000
    0.17163700    0.37559600   -0.01793700   -0.73737100    0.96428800
    0.00000000    0.00000000    0.00000000
    0.08064900    0.28463100    0.34815000    0.07194100    0.66161100
    0.00000000    0.00000000    0.00000000
    0.04121200    0.20027700    0.45517000    0.64488200   -0.94435000
    1.00000000    0.00000000    0.00000000

     9.314030     4.713714     3.246009     1.131258     0.394252

    0.00000000    0.00000000    0.00000000    1.00000000    0.00000000
    0.00000000    0.00000000    0.00000000    0.00000000    1.00000000
    0.00000000    0.00000000    1.00000000    0.00000000    0.00000000
    0.00000000    1.00000000    0.00000000    0.00000000    0.00000000
    1.00000000    0.00000000    0.00000000    0.00000000    0.00000000

     6.863750     5.402288     2.355598     0.808427

    0.00000000    0.00000000    1.00000000    0.00000000
    0.00000000    0.00000000    0.00000000    1.00000000
    0.00000000    1.00000000    0.00000000    0.00000000
    1.00000000    0.00000000    0.00000000    0.00000000

     7.646335     5.068373     1.591062

    0.00000000    0.00000000    1.00000000
    0.00000000    1.00000000    0.00000000
    1.00000000    0.00000000    0.00000000

     8.139987     3.729940

    0.00000000    1.00000000
    1.00000000    0.00000000

Co:cc-pCVDZ-ccECP
ccECP cc-pCVDZ for Co | source recipes/Co/ccECP/Co.cc-pCVDZ.gamess | ccECP from A. Annaberdiyev et al. Journal of Chemical Physics 149, 134108 (2018) https://doi.org/10.1063/1.5040472

  4
    0    1    2    3
    6    6    5    2
   15   15   13    2

    90.663831    46.961414    24.110274    14.430881     8.757423
     4.484459     3.893671     2.519739     1.236850     1.010269
     0.601882     0.223338     0.123422     0.059941     0.027978

    0.00077400   -0.00015400   -0.00004700    0.00000000    0.00000000
    0.00000000
   -0.01131600    0.00252500    0.00365400    0.00000000    0.00000000
    0.00000000
    0.10120900   -0.02444300   -0.04613200    0.00000000    0.00000000
    0.00000000
   -0.08164200    0.02220000    0.03648300    0.00000000    0.00000000
    0.00000000
   -0.35481200    0.08841600    0.21726500    0.00000000    0.00000000
    0.00000000
   -0.09036200    0.01682000   -0.01188300    0.00000000    0.00000000
    0.00000000
    0.00000000    0.00000000    0.00000000    0.00000000    0.00000000
    1.00000000
    0.49817400   -0.13458200   -0.32468800    0.00000000    0.00000000
    0.00000000
    0.60412300   -0.23129500   -0.68058100    0.00000000    0.00000000
    0.00000000
    0.00000000    0.00000000    0.00000000    0.00000000    1.00000000
    0.00000000
    0.19077500   -0.16398600    0.25693600    0.00000000    0.00000000
    0.00000000
    0.00657800    0.12133700    1.22400500    0.00000000    0.00000000
    0.00000000
   -0.00090500    0.40241400    0.23683700    0.00000000    0.00000000
    0.00000000
    0.00017100    0.50611300   -0.60406400    0.00000000    0.00000000
    0.00000000
   -0.00002500    0.14543600   -0.57494700    1.00000000    0.00000000
    0.00000000

   139.038145    71.928971    37.806311    21.054252    12.973193
     6.791461     5.677091     3.794018     1.960649     1.270490
     1.006283     0.509539     0.233091     0.083890     0.039802

    0.00007500    0.00002500   -0.00023800    0.00000000    0.00000000
    0.00000000
   -0.00062700   -0.00008400    0.00148900    0.00000000    0.00000000
    0.00000000
    0.00571900   -0.00048500   -0.00872300    0.00000000    0.00000000
    0.00000000
   -0.00931000    0.00009500    0.02453800    0.00000000    0.00000000
    0.00000000
   -0.08385700    0.02240200    0.06085600    0.00000000    0.00000000
    0.00000000
    0.01239400   -0.01153400   -0.02038000    0.00000000    0.00000000
    0.00000000
    0.00000000    0.00000000    0.00000000    0.00000000    0.00000000
    1.00000000
    0.28198700   -0.05686600   -0.43019500    0.00000000    0.00000000
    0.00000000
    0.43417900   -0.12607000   -0.40769200    0.00000000    0.00000000
    0.00000000
    0.00000000    0.00000000    0.00000000    0.00000000    1.00000000
    0.00000000
    0.31340900   -0.06088900    0.08532600    0.00000000    0.00000000
    0.00000000
    0.08977800   -0.03508600    1.07332600    0.00000000    0.00000000
    0.00000000
    0.00740500    0.35184700    0.01506700    0.00000000    0.00000000
    0.00000000
    0.00098000    0.51044900   -0.71963100    0.00000000    0.00000000
    0.00000000
    0.00027400    0.28970700   -0.02460300    1.00000000    0.00000000
    0.00000000

   160.444504    52.598830    27.491581    12.745988     6.184310
     3.118104     3.029146     1.474099     1.291245     0.714391
     0.348520     0.174166     0.087891

    0.00003400   -0.00003100    0.00000000    0.00000000    0.00000000
    0.00655300   -0.00786900    0.00000000    0.00000000    0.00000000
    0.03618500   -0.04199200    0.00000000    0.00000000    0.00000000
    0.08302600   -0.10138800    0.00000000    0.00000000    0.00000000
    0.17696000   -0.21699600    0.00000000    0.00000000    0.00000000
    0.00000000    0.00000000    0.00000000    0.00000000    1.00000000
    0.26399000   -0.28396200    0.00000000    0.00000000    0.00000000
    0.29244700   -0.12717900    0.00000000    0.00000000    0.00000000
    0.00000000    0.00000000    0.00000000    1.00000000    0.00000000
    0.24959700    0.17712500    0.00000000    0.00000000    0.00000000
    0.17163700    0.37559600    0.00000000    0.00000000    0.00000000
    0.08064900    0.28463100    0.00000000    0.00000000    0.00000000
    0.04121200    0.20027700    1.00000000    0.00000000    0.00000000

     5.891548     2.012568

    0.00000000    1.00000000
    1.00000000    0.00000000

Co:cc-pCVQZ-ccECP
ccECP cc-pCVQZ for Co | source recipes/Co/ccECP/Co.cc-pCVQZ.gamess | ccECP from A. Annaberdiyev et al. Journal of Chemical Physics 149, 134108 (2018) https://doi.org/10.1063/1.5040472

  6
    0    1    2    3    4    5
    8    8    7    4    3    2
   15   15   13    4    3    2

    90.663831    46.961414    24.110274    14.430881     8.757423
     4.484459     3.168493     2.586299     2.519739     1.236850
     0.601882     0.223338     0.123422     0.059941     0.027978

    0.00077400   -0.00015400   -0.00004700   -0.00023100    0.00280900
    0.00000000    0.00000000    0.00000000
   -0.01131600    0.00252500    0.00365400    0.00753600   -0.02445900
    0.00000000    0.00000000    0.00000000
    0.10120900   -0.02444300   -0.04613200   -0.09729800    0.21171700
    0.00000000    0.00000000    0.00000000
   -0.08164200    0.02220000    0.03648300    0.11161100   -0.38745200
    0.00000000    0.00000000    0.00000000
   -0.35481200    0.08841600    0.21726500    0.40362100   -0.36690900
    0.00000000    0.00000000    0.00000000
   -0.09036200    0.01682000   -0.01188300   -0.04832400    0.13914300
    0.00000000    0.00000000    0.00000000
    0.00000000    0.00000000    0.00000000    0.00000000    0.00000000
    0.00000000    0.00000000    1.00000000
    0.00000000    0.00000000    0.00000000    0.00000000    0.00000000
    0.00000000    1.00000000    0.00000000
    0.49817400   -0.13458200   -0.32468800   -1.15760000    2.83452700
    0.00000000    0.00000000    0.00000000
    0.60412300   -0.23129500   -0.68058100   -0.75683900   -2.90639800
    0.00000000    0.00000000    0.00000000
    0.19077500   -0.16398600    0.25693600    2.31368300   -0.80689600
    0.00000000    0.00000000    0.00000000
    0.00657800    0.12133700    1.22400500    0.25307400    4.33605500
    0.00000000    0.00000000    0.00000000
   -0.00090500    0.40241400    0.23683700   -1.99146600   -2.91360700
    0.00000000    0.00000000    0.00000000
    0.00017100    0.50611300   -0.60406400    0.16694200   -1.25330700
    0.00000000    0.00000000    0.00000000
   -0.00002500    0.14543600   -0.57494700    0.91722100    1.50957200
    1.00000000    0.00000000    0.00000000

   139.038145    71.928971    37.806311    21.054252    12.973193
     8.491665     6.791461     3.794018     2.724786     1.960649
     1.006283     0.509539     0.233091     0.083890     0.039802

    0.00007500    0.00002500   -0.00023800   -0.00005500    0.00005200
    0.00000000    0.00000000    0.00000000
   -0.00062700   -0.00008400    0.00148900   -0.00001700    0.00014400
    0.00000000    0.00000000    0.00000000
    0.00571900   -0.00048500   -0.00872300    0.00432000   -0.00506500
    0.00000000    0.00000000    0.00000000
   -0.00931000    0.00009500    0.02453800   -0.02133900    0.05166200
    0.00000000    0.00000000    0.00000000
   -0.08385700    0.02240200    0.06085600   -0.12713400    0.20930600
    0.00000000    0.00000000    0.00000000
    0.00000000    0.00000000    0.00000000    0.00000000    0.00000000
    0.00000000    0.00000000    1.00000000
    0.01239400   -0.01153400   -0.02038000    0.15720800   -0.63605200
    0.00000000    0.00000000    0.00000000
    0.28198700   -0.05686600   -0.43019500    0.79492700   -1.33476100
    0.00000000    0.00000000    0.00000000
    0.00000000    0.00000000    0.00000000    0.00000000    0.00000000
    0.00000000    1.00000000    0.00000000
    0.43417900   -0.12607000   -0.40769200    0.23357400    2.33740900
    0.00000000    0.00000000    0.00000000
    0.31340900   -0.06088900    0.08532600   -1.66603300    0.19062400
    0.00000000    0.00000000    0.00000000
    0.08977800   -0.03508600    1.07332600    0.28271600   -2.65784100
    0.00000000    0.00000000    0.00000000
    0.00740500    0.35184700    0.01506700    1.33562500    2.26444400
    0.00000000    0.00000000    0.00000000
    0.00098000    0.51044900   -0.71963100   -0.88546900   -0.61258400
    0.00000000    0.00000000    0.00000000
    0.00027400    0.28970700   -0.02460300   -0.13034000   -0.27662000
    1.00000000    0.00000000    0.00000000

   160.444504    52.598830    27.491581    12.745988     6.184310
     4.726625     4.048276     3.029146     1.474099     0.714391
     0.348520     0.174166     0.087891

    0.00003400   -0.00003100    0.00004800   -0.00007000    0.00000000
    0.00000000    0.00000000
    0.00655300   -0.00786900    0.01053100   -0.01526900    0.00000000
    0.00000000    0.00000000
    0.03618500   -0.04199200    0.05555900   -0.07877000    0.00000000
    0.00000000    0.00000000
    0.08302600   -0.10138800    0.14075800   -0.21855600    0.00000000
    0.00000000    0.00000000
    0.17696000   -0.21699600    0.30578500   -0.47927100    0.00000000
    0.00000000    0.00000000
    0.00000000    0.00000000    0.00000000    0.00000000    0.00000000
    0.00000000    1.00000000
    0.00000000    0.00000000    0.00000000    0.00000000    0.00000000
    1.00000000    0.00000000
    0.26399000   -0.28396200    0.24281200    0.17362300    0.00000000
    0.00000000    0.00000000
    0.29244700   -0.12717900   -0.28504400    0.95417300    0.00000000
    0.00000000    0.00000000
    0.24959700    0.17712500   -0.59481900   -0.34849000    0.00000000
    0.00000000    0.00000000
    0.17163700    0.37559600   -0.01793700   -0.73737100    0.00000000
    0.00000000    0.00000000
    0.08064900    0.28463100    0.34815000    0.07194100    0.00000000
    0.00000000    0.00000000
    0.04121200    0.20027700    0.45517000    0.64488200    1.00000000
    0.00000000    0.00000000

     6.323772     3.823826     1.905783     0.574342

    0.00000000    0.00000000    1.00000000    0.00000000
    0.00000000    0.00000000    0.00000000    1.00000000
    0.00000000    1.00000000    0.00000000    0.00000000
    1.00000000    0.00000000    0.00000000    0.00000000

     6.901363     4.581075     1.312433

    0.00000000    0.00000000    1.00000000
    0.00000000    1.00000000    0.00000000
    1.00000000    0.00000000    0.00000000

     6.891833     2.901601

    0.00000000    1.00000000
    1.00000000    0.00000000

Co:cc-pCVTZ-ccECP
ccECP cc-pCVTZ for Co | source recipes/Co/ccECP/Co.cc-pCVTZ.gamess | ccECP from A. Annaberdiyev et al. Journal of Chemical Physics 149, 134108 (2018) https://doi.org/10.1063/1.5040472

  5
    0    1    2    3    4
    7    7    6    3    2
   15   15   13    3    2

    90.663831    46.961414    24.110274    14.430881     8.757423
     4.484459     3.880139     2.519739     1.447389     1.236850
     0.601882     0.223338     0.123422     0.059941     0.027978

    0.00077400   -0.00015400   -0.00004700   -0.00023100    0.00000000
    0.00000000    0.00000000
   -0.01131600    0.00252500    0.00365400    0.00753600    0.00000000
    0.00000000    0.00000000
    0.10120900   -0.02444300   -0.04613200   -0.09729800    0.00000000
    0.00000000    0.00000000
   -0.08164200    0.02220000    0.03648300    0.11161100    0.00000000
    0.00000000    0.00000000
   -0.35481200    0.08841600    0.21726500    0.40362100    0.00000000
    0.00000000    0.00000000
   -0.09036200    0.01682000   -0.01188300   -0.04832400    0.00000000
    0.00000000    0.00000000
    0.00000000    0.00000000    0.00000000    0.00000000    0.00000000
    0.00000000    1.00000000
    0.49817400   -0.13458200   -0.32468800   -1.15760000    0.00000000
    0.00000000    0.00000000
    0.00000000    0.00000000    0.00000000    0.00000000    0.00000000
    1.00000000    0.00000000
    0.60412300   -0.23129500   -0.68058100   -0.75683900    0.00000000
    0.00000000    0.00000000
    0.19077500   -0.16398600    0.25693600    2.31368300    0.00000000
    0.00000000    0.00000000
    0.00657800    0.12133700    1.22400500    0.25307400    0.00000000
    0.00000000    0.00000000
   -0.00090500    0.40241400    0.23683700   -1.99146600    0.00000000
    0.00000000    0.00000000
    0.00017100    0.50611300   -0.60406400    0.16694200    0.00000000
    0.00000000    0.00000000
   -0.00002500    0.14543600   -0.57494700    0.91722100    1.00000000
    0.00000000    0.00000000

   139.038145    71.928971    37.806311    21.054252    12.973193
     6.847001     6.791461     3.794018     1.960649     1.784890
     1.006283     0.509539     0.233091     0.083890     0.039802

    0.00007500    0.00002500   -0.00023800   -0.00005500    0.00000000
    0.00000000    0.00000000
   -0.00062700   -0.00008400    0.00148900   -0.00001700    0.00000000
    0.00000000    0.00000000
    0.00571900   -0.00048500   -0.00872300    0.00432000    0.00000000
    0.00000000    0.00000000
   -0.00931000    0.00009500    0.02453800   -0.02133900    0.00000000
    0.00000000    0.00000000
   -0.08385700    0.02240200    0.06085600   -0.12713400    0.00000000
    0.00000000    0.00000000
    0.00000000    0.00000000    0.00000000    0.00000000    0.00000000
    0.00000000    1.00000000
    0.01239400   -0.01153400   -0.02038000    0.15720800    0.00000000
    0.00000000    0.00000000
    0.28198700   -0.05686600   -0.43019500    0.79492700    0.00000000
    0.00000000    0.00000000
    0.43417900   -0.12607000   -0.40769200    0.23357400    0.00000000
    0.00000000    0.00000000
    0.00000000    0.00000000    0.00000000    0.00000000    0.00000000
    1.00000000    0.00000000
    0.31340900   -0.06088900    0.08532600   -1.66603300    0.00000000
    0.00000000    0.00000000
    0.08977800   -0.03508600    1.07332600    0.28271600    0.00000000
    0.00000000    0.00000000
    0.00740500    0.35184700    0.01506700    1.33562500    0.00000000
    0.00000000    0.00000000
    0.00098000    0.51044900   -0.71963100   -0.88546900    0.00000000
    0.00000000    0.00000000
    0.00027400    0.28970700   -0.02460300   -0.13034000    1.00000000
    0.00000000    0.00000000

   160.444504    52.598830    27.491581    12.745988     6.184310
     4.221080     3.029146     2.363138     1.474099     0.714391
     0.348520     0.174166     0.087891

    0.00003400   -0.00003100    0.00004800    0.00000000    0.00000000
    0.00000000
    0.00655300   -0.00786900    0.01053100    0.00000000    0.00000000
    0.00000000
    0.03618500   -0.04199200    0.05555900    0.00000000    0.00000000
    0.00000000
    0.08302600   -0.10138800    0.14075800    0.00000000    0.00000000
    0.00000000
    0.17696000   -0.21699600    0.30578500    0.00000000    0.00000000
    0.00000000
    0.00000000    0.00000000    0.00000000    0.00000000    0.00000000
    1.00000000
    0.26399000   -0.28396200    0.24281200    0.00000000    0.00000000
    0.00000000
    0.00000000    0.00000000    0.00000000    0.00000000    1.00000000
    0.00000000
    0.29244700   -0.12717900   -0.28504400    0.00000000    0.00000000
    0.00000000
    0.24959700    0.17712500   -0.59481900    0.00000000    0.00000000
    0.00000000
    0.17163700    0.37559600   -0.01793700    0.00000000    0.00000000
    0.00000000
    0.08064900    0.28463100    0.34815000    0.00000000    0.00000000
    0.00000000
    0.04121200    0.20027700    0.45517000    1.00000000    0.00000000
    0.00000000

     8.206890     3.957052     0.975120

    0.00000000    0.00000000    1.00000000
    0.00000000    1.00000000    0.00000000
    1.00000000    0.00000000    0.00000000

     6.296469     2.525364

    0.00000000    1.00000000
    1.00000000    0.00000000

Co:cc-pV5Z-ccECP
ccECP cc-pV5Z for Co | source recipes/Co/ccECP/Co.cc-pV5Z.gamess | ccECP from A. Annaberdiyev et al. Journal of Chemical Physics 149, 134108 (2018) https://doi.org/10.1063/1.5040472

  7
    0    1    2    3    4    5    6
    7    7    6    4    3    2    1
   13   13   11    4    3    2    1

    90.663831    46.961414    24.110274    14.430881     8.757423
     4.484459     2.519739     1.236850     0.601882     0.223338
     0.123422     0.059941     0.027978

    0.00077400   -0.00015400   -0.00004700   -0.00023100    0.00280900
   -0.00143600    0.00000000
   -0.01131600    0.00252500    0.00365400    0.00753600   -0.02445900
   -0.00099500    0.00000000
    0.10120900   -0.02444300   -0.04613200   -0.09729800    0.21171700
    0.17402400    0.00000000
   -0.08164200    0.02220000    0.03648300    0.11161100   -0.38745200
   -0.27705900    0.00000000
   -0.35481200    0.08841600    0.21726500    0.40362100   -0.36690900
   -1.32202800    0.00000000
   -0.09036200    0.01682000   -0.01188300   -0.04832400    0.13914300
    3.04818800    0.00000000
    0.49817400   -0.13458200   -0.32468800   -1.15760000    2.83452700
    0.88698400    0.00000000
    0.60412300   -0.23129500   -0.68058100   -0.75683900   -2.90639800
   -6.51886800    0.00000000
    0.19077500   -0.16398600    0.25693600    2.31368300   -0.80689600
    6.58588500    0.00000000
    0.00657800    0.12133700    1.22400500    0.25307400    4.33605500
   -2.92841300    0.00000000
   -0.00090500    0.40241400    0.23683700   -1.99146600   -2.91360700
   -1.62261500    0.00000000
    0.00017100    0.50611300   -0.60406400    0.16694200   -1.25330700
    4.04814300    0.00000000
   -0.00002500    0.14543600   -0.57494700    0.91722100    1.50957200
   -2.04577100    1.00000000

   139.038145    71.928971    37.806311    21.054252    12.973193
     6.791461     3.794018     1.960649     1.006283     0.509539
     0.233091     0.083890     0.039802

    0.00007500    0.00002500   -0.00023800   -0.00005500    0.00005200
   -0.00258700    0.00000000
   -0.00062700   -0.00008400    0.00148900   -0.00001700    0.00014400
    0.01345800    0.00000000
    0.00571900   -0.00048500   -0.00872300    0.00432000   -0.00506500
   -0.04646400    0.00000000
   -0.00931000    0.00009500    0.02453800   -0.02133900    0.05166200
    0.03715700    0.00000000
   -0.08385700    0.02240200    0.06085600   -0.12713400    0.20930600
   -0.58198600    0.00000000
    0.01239400   -0.01153400   -0.02038000    0.15720800   -0.63605200
    2.70958900    0.00000000
    0.28198700   -0.05686600   -0.43019500    0.79492700   -1.33476100
   -1.68255200    0.00000000
    0.43417900   -0.12607000   -0.40769200    0.23357400    2.33740900
   -2.80074300    0.00000000
    0.31340900   -0.06088900    0.08532600   -1.66603300    0.19062400
    5.80223100    0.00000000
    0.08977800   -0.03508600    1.07332600    0.28271600   -2.65784100
   -4.89926500    0.00000000
    0.00740500    0.35184700    0.01506700    1.33562500    2.26444400
    2.05329300    0.00000000
    0.00098000    0.51044900   -0.71963100   -0.88546900   -0.61258400
    0.03335700    0.00000000
    0.00027400    0.28970700   -0.02460300   -0.13034000   -0.27662000
   -0.55647600    1.00000000

   160.444504    52.598830    27.491581    12.745988     6.184310
     3.029146     1.474099     0.714391     0.348520     0.174166
     0.087891

    0.00003400   -0.00003100    0.00004800   -0.00007000    0.00020500
    0.00000000
    0.00655300   -0.00786900    0.01053100   -0.01526900   -0.02193300
    0.00000000
    0.03618500   -0.04199200    0.05555900   -0.07877000   -0.08750800
    0.00000000
    0.08302600   -0.10138800    0.14075800   -0.21855600   -0.34161200
    0.00000000
    0.17696000   -0.21699600    0.30578500   -0.47927100   -0.49762900
    0.00000000
    0.26399000   -0.28396200    0.24281200    0.17362300    1.28072500
    0.00000000
    0.29244700   -0.12717900   -0.28504400    0.95417300   -0.12625700
    0.00000000
    0.24959700    0.17712500   -0.59481900   -0.34849000   -1.36065500
    0.00000000
    0.17163700    0.37559600   -0.01793700   -0.73737100    0.96428800
    0.00000000
    0.08064900    0.28463100    0.34815000    0.07194100    0.66161100
    0.00000000
    0.04121200    0.20027700    0.45517000    0.64488200   -0.94435000
    1.00000000

     9.314030     3.246009     1.131258     0.394252

    0.00000000    0.00000000    0.00000000    1.00000000
    0.00000000    0.00000000    1.00000000    0.00000000
    0.00000000    1.00000000    0.00000000    0.00000000
    1.00000000    0.00000000    0.00000000    0.00000000

     6.863750     2.355598     0.808427

    0.00000000    0.00000000    1.00000000
    0.00000000    1.00000000    0.00000000
    1.00000000    0.00000000    0.00000000

     5.068373     1.591062

    0.00000000    1.00000000
    1.00000000    0.00000000

     3.729940

    1.00000000

Co:cc-pVDZ-ccECP
ccECP cc-pVDZ for Co | source recipes/Co/ccECP/Co.cc-pVDZ.gamess | ccECP from A. Annaberdiyev et al. Journal of Chemical Physics 149, 134108 (2018) https://doi.org/10.1063/1.5040472

  4
    0    1    2    3
    4    4    3    1
   13   13   11    1

    90.663831    46.961414    24.110274    14.430881     8.757423
     4.484459     2.519739     1.236850     0.601882     0.223338
     0.123422     0.059941     0.027978

    0.00077400   -0.00015400   -0.00004700    0.00000000
   -0.01131600    0.00252500    0.00365400    0.00000000
    0.10120900   -0.02444300   -0.04613200    0.00000000
   -0.08164200    0.02220000    0.03648300    0.00000000
   -0.35481200    0.08841600    0.21726500    0.00000000
   -0.09036200    0.01682000   -0.01188300    0.00000000
    0.49817400   -0.13458200   -0.32468800    0.00000000
    0.60412300   -0.23129500   -0.68058100    0.00000000
    0.19077500   -0.16398600    0.25693600    0.00000000
    0.00657800    0.12133700    1.22400500    0.00000000
   -0.00090500    0.40241400    0.23683700    0.00000000
    0.00017100    0.50611300   -0.60406400    0.00000000
   -0.00002500    0.14543600   -0.57494700    1.00000000

   139.038145    71.928971    37.806311    21.054252    12.973193
     6.791461     3.794018     1.960649     1.006283     0.509539
     0.233091     0.083890     0.039802

    0.00007500    0.00002500   -0.00023800    0.00000000
   -0.00062700   -0.00008400    0.00148900    0.00000000
    0.00571900   -0.00048500   -0.00872300    0.00000000
   -0.00931000    0.00009500    0.02453800    0.00000000
   -0.08385700    0.02240200    0.06085600    0.00000000
    0.01239400   -0.01153400   -0.02038000    0.00000000
    0.28198700   -0.05686600   -0.43019500    0.00000000
    0.43417900   -0.12607000   -0.40769200    0.00000000
    0.31340900   -0.06088900    0.08532600    0.00000000
    0.08977800   -0.03508600    1.07332600    0.00000000
    0.00740500    0.35184700    0.01506700    0.00000000
    0.00098000    0.51044900   -0.71963100    0.00000000
    0.00027400    0.28970700   -0.02460300    1.00000000

   160.444504    52.598830    27.491581    12.745988     6.184310
     3.029146     1.474099     0.714391     0.348520     0.174166
     0.087891

    0.00003400   -0.00003100    0.00000000
    0.00655300   -0.00786900    0.00000000
    0.03618500   -0.04199200    0.00000000
    0.08302600   -0.10138800    0.00000000
    0.17696000   -0.21699600    0.00000000
    0.26399000   -0.28396200    0.00000000
    0.29244700   -0.12717900    0.00000000
    0.24959700    0.17712500    0.00000000
    0.17163700    0.37559600    0.00000000
    0.08064900    0.28463100    0.00000000
    0.04121200    0.20027700    1.00000000

     2.012568

    1.00000000

Co:cc-pVQZ-ccECP
ccECP cc-pVQZ for Co | source recipes/Co/ccECP/Co.cc-pVQZ.gamess | ccECP from A. Annaberdiyev et al. Journal of Chemical Physics 149, 134108 (2018) https://doi.org/10.1063/1.5040472

  6
    0    1    2    3    4    5
    6    6    5    3    2    1
   13   13   11    3    2    1

    90.663831    46.961414    24.110274    14.430881     8.757423
     4.484459     2.519739     1.236850     0.601882     0.223338
     0.123422     0.059941     0.027978

    0.00077400   -0.00015400   -0.00004700   -0.00023100    0.00280900
    0.00000000
   -0.01131600    0.00252500    0.00365400    0.00753600   -0.02445900
    0.00000000
    0.10120900   -0.02444300   -0.04613200   -0.09729800    0.21171700
    0.00000000
   -0.08164200    0.02220000    0.03648300    0.11161100   -0.38745200
    0.00000000
   -0.35481200    0.08841600    0.21726500    0.40362100   -0.36690900
    0.00000000
   -0.09036200    0.01682000   -0.01188300   -0.04832400    0.13914300
    0.00000000
    0.49817400   -0.13458200   -0.32468800   -1.15760000    2.83452700
    0.00000000
    0.60412300   -0.23129500   -0.68058100   -0.75683900   -2.90639800
    0.00000000
    0.19077500   -0.16398600    0.25693600    2.31368300   -0.80689600
    0.00000000
    0.00657800    0.12133700    1.22400500    0.25307400    4.33605500
    0.00000000
   -0.00090500    0.40241400    0.23683700   -1.99146600   -2.91360700
    0.00000000
    0.00017100    0.50611300   -0.60406400    0.16694200   -1.25330700
    0.00000000
   -0.00002500    0.14543600   -0.57494700    0.91722100    1.50957200
    1.00000000

   139.038145    71.928971    37.806311    21.054252    12.973193
     6.791461     3.794018     1.960649     1.006283     0.509539
     0.233091     0.083890     0.039802

    0.00007500    0.00002500   -0.00023800   -0.00005500    0.00005200
    0.00000000
   -0.00062700   -0.00008400    0.00148900   -0.00001700    0.00014400
    0.00000000
    0.00571900   -0.00048500   -0.00872300    0.00432000   -0.00506500
    0.00000000
   -0.00931000    0.00009500    0.02453800   -0.02133900    0.05166200
    0.00000000
   -0.08385700    0.02240200    0.06085600   -0.12713400    0.20930600
    0.00000000
    0.01239400   -0.01153400   -0.02038000    0.15720800   -0.63605200
    0.00000000
    0.28198700   -0.05686600   -0.43019500    0.79492700   -1.33476100
    0.00000000
    0.43417900   -0.12607000   -0.40769200    0.23357400    2.33740900
    0.00000000
    0.31340900   -0.06088900    0.08532600   -1.66603300    0.19062400
    0.00000000
    0.08977800   -0.03508600    1.07332600    0.28271600   -2.65784100
    0.00000000
    0.00740500    0.35184700    0.01506700    1.33562500    2.26444400
    0.00000000
    0.00098000    0.51044900   -0.71963100   -0.88546900   -0.61258400
    0.00000000
    0.00027400    0.28970700   -0.02460300   -0.13034000   -0.27662000
    1.00000000

   160.444504    52.598830    27.491581    12.745988     6.184310
     3.029146     1.474099     0.714391     0.348520     0.174166
     0.087891

    0.00003400   -0.00003100    0.00004800   -0.00007000    0.00000000
    0.00655300   -0.00786900    0.01053100   -0.01526900    0.00000000
    0.03618500   -0.04199200    0.05555900   -0.07877000    0.00000000
    0.08302600   -0.10138800    0.14075800   -0.21855600    0.00000000
    0.17696000   -0.21699600    0.30578500   -0.47927100    0.00000000
    0.26399000   -0.28396200    0.24281200    0.17362300    0.00000000
    0.29244700   -0.12717900   -0.28504400    0.95417300    0.00000000
    0.24959700    0.17712500   -0.59481900   -0.34849000    0.00000000
    0.17163700    0.37559600   -0.01793700   -0.73737100    0.00000000
    0.08064900    0.28463100    0.34815000    0.07194100    0.00000000
    0.04121200    0.20027700    0.45517000    0.64488200    1.00000000

     6.323772     1.905783     0.574342

    0.00000000    0.00000000    1.00000000
    0.00000000    1.00000000    0.00000000
    1.00000000    0.00000000    0.00000000

     4.581075     1.312433

    0.00000000    1.00000000
    1.00000000    0.00000000

     2.901601

    1.00000000

Co:cc-pVTZ-ccECP
ccECP cc-pVTZ for Co | source recipes/Co/ccECP/Co.cc-pVTZ.gamess | ccECP from A. Annaberdiyev et al. Journal of Chemical Physics 149, 134108 (2018) https://doi.org/10.1063/1.5040472

  5
    0    1    2    3    4
    5    5    4    2    1
   13   13   11    2    1

    90.663831    46.961414    24.110274    14.430881     8.757423
     4.484459     2.519739     1.236850     0.601882     0.223338
     0.123422     0.059941     0.027978

    0.00077400   -0.00015400   -0.00004700   -0.00023100    0.00000000
   -0.01131600    0.00252500    0.00365400    0.00753600    0.00000000
    0.10120900   -0.02444300   -0.04613200   -0.09729800    0.00000000
   -0.08164200    0.02220000    0.03648300    0.11161100    0.00000000
   -0.35481200    0.08841600    0.21726500    0.40362100    0.00000000
   -0.09036200    0.01682000   -0.01188300   -0.04832400    0.00000000
    0.49817400   -0.13458200   -0.32468800   -1.15760000    0.00000000
    0.60412300   -0.23129500   -0.68058100   -0.75683900    0.00000000
    0.19077500   -0.16398600    0.25693600    2.31368300    0.00000000
    0.00657800    0.12133700    1.22400500    0.25307400    0.00000000
   -0.00090500    0.40241400    0.23683700   -1.99146600    0.00000000
    0.00017100    0.50611300   -0.60406400    0.16694200    0.00000000
   -0.00002500    0.14543600   -0.57494700    0.91722100    1.00000000

   139.038145    71.928971    37.806311    21.054252    12.973193
     6.791461     3.794018     1.960649     1.006283     0.509539
     0.233091     0.083890     0.039802

    0.00007500    0.00002500   -0.00023800   -0.00005500    0.00000000
   -0.00062700   -0.00008400    0.00148900   -0.00001700    0.00000000
    0.00571900   -0.00048500   -0.00872300    0.00432000    0.00000000
   -0.00931000    0.00009500    0.02453800   -0.02133900    0.00000000
   -0.08385700    0.02240200    0.06085600   -0.12713400    0.00000000
    0.01239400   -0.01153400   -0.02038000    0.15720800    0.00000000
    0.28198700   -0.05686600   -0.43019500    0.79492700    0.00000000
    0.43417900   -0.12607000   -0.40769200    0.23357400    0.00000000
    0.31340900   -0.06088900    0.08532600   -1.66603300    0.00000000
    0.08977800   -0.03508600    1.07332600    0.28271600    0.00000000
    0.00740500    0.35184700    0.01506700    1.33562500    0.00000000
    0.00098000    0.51044900   -0.71963100   -0.88546900    0.00000000
    0.00027400    0.28970700   -0.02460300   -0.13034000    1.00000000

   160.444504    52.598830    27.491581    12.745988     6.184310
     3.029146     1.474099     0.714391     0.348520     0.174166
     0.087891

    0.00003400   -0.00003100    0.00004800    0.00000000
    0.00655300   -0.00786900    0.01053100    0.00000000
    0.03618500   -0.04199200    0.05555900    0.00000000
    0.08302600   -0.10138800    0.14075800    0.00000000
    0.17696000   -0.21699600    0.30578500    0.00000000
    0.26399000   -0.28396200    0.24281200    0.00000000
    0.29244700   -0.12717900   -0.28504400    0.00000000
    0.24959700    0.17712500   -0.59481900    0.00000000
    0.17163700    0.37559600   -0.01793700    0.00000000
    0.08064900    0.28463100    0.34815000    0.00000000
    0.04121200    0.20027700    0.45517000    1.00000000

     3.957052     0.975120

    0.00000000    1.00000000
    1.00000000    0.00000000

     2.525364

    1.00000000

