
Si:aug-cc-pV5Z-ccECP
ccECP aug-cc-pV5Z for Si | source recipes/Si/ccECP/Si.aug-cc-pV5Z.gamess | ccECP from Chandler Bennett et al. Journal of Chemical Physics 149, 104108 (2018) https://doi.org/10.1063/1.5038135

  6
    0    1    2    3    4    5
    6    6    5    4    3    2
   15   15    5    4    3    2

   9.998274   5.517644   3.044965   1.680393   0.927341
   0.700625   0.511762   0.318864   0.282421   0.155857
   0.145120   0.086011   0.066046   0.047466   0.030094

     0.002894   0.00000000   0.00000000   0.00000000   0.00000000   0.00000000
    -0.014523   0.00000000   0.00000000   0.00000000   0.00000000   0.00000000
     0.077634   0.00000000   0.00000000   0.00000000   0.00000000   0.00000000
    -0.224022   0.00000000   0.00000000   0.00000000   0.00000000   0.00000000
    -0.149080   0.00000000   0.00000000   0.00000000   0.00000000   0.00000000
   0.00000000     1.000000   0.00000000   0.00000000   0.00000000   0.00000000
     0.085944   0.00000000   0.00000000   0.00000000   0.00000000   0.00000000
   0.00000000   0.00000000     1.000000   0.00000000   0.00000000   0.00000000
     0.355394   0.00000000   0.00000000   0.00000000   0.00000000   0.00000000
     0.445219   0.00000000   0.00000000   0.00000000   0.00000000   0.00000000
   0.00000000   0.00000000   0.00000000     1.000000   0.00000000   0.00000000
     0.267230   0.00000000   0.00000000   0.00000000   0.00000000   0.00000000
   0.00000000   0.00000000   0.00000000   0.00000000     1.000000   0.00000000
     0.060787   0.00000000   0.00000000   0.00000000   0.00000000   0.00000000
   0.00000000   0.00000000   0.00000000   0.00000000   0.00000000     1.000000

   5.027868   2.867751   1.635683   1.336968   0.932947
   0.652035   0.532126   0.317995   0.303509   0.173113
   0.155085   0.098739   0.072391   0.056318   0.032122

    -0.003242   0.00000000   0.00000000   0.00000000   0.00000000   0.00000000
     0.010649   0.00000000   0.00000000   0.00000000   0.00000000   0.00000000
    -0.049761   0.00000000   0.00000000   0.00000000   0.00000000   0.00000000
   0.00000000     1.000000   0.00000000   0.00000000   0.00000000   0.00000000
    -0.000017   0.00000000   0.00000000   0.00000000   0.00000000   0.00000000
   0.00000000   0.00000000     1.000000   0.00000000   0.00000000   0.00000000
     0.106060   0.00000000   0.00000000   0.00000000   0.00000000   0.00000000
   0.00000000   0.00000000   0.00000000     1.000000   0.00000000   0.00000000
     0.236202   0.00000000   0.00000000   0.00000000   0.00000000   0.00000000
     0.310665   0.00000000   0.00000000   0.00000000   0.00000000   0.00000000
   0.00000000   0.00000000   0.00000000   0.00000000     1.000000   0.00000000
     0.294696   0.00000000   0.00000000   0.00000000   0.00000000   0.00000000
   0.00000000   0.00000000   0.00000000   0.00000000   0.00000000     1.000000
     0.153898   0.00000000   0.00000000   0.00000000   0.00000000   0.00000000
     0.042337   0.00000000   0.00000000   0.00000000   0.00000000   0.00000000

   2.145983   0.828929   0.320190   0.123680   0.047779

     1.000000   0.00000000   0.00000000   0.00000000   0.00000000
   0.00000000     1.000000   0.00000000   0.00000000   0.00000000
   0.00000000   0.00000000     1.000000   0.00000000   0.00000000
   0.00000000   0.00000000   0.00000000     1.000000   0.00000000
   0.00000000   0.00000000   0.00000000   0.00000000     1.000000

   0.756775   0.357607   0.168984   0.073194

     1.000000   0.00000000   0.00000000   0.00000000
   0.00000000     1.000000   0.00000000   0.00000000
   0.00000000   0.00000000     1.000000   0.00000000
   0.00000000   0.00000000   0.00000000     1.000000

   0.702896   0.316879   0.146875

     1.000000   0.00000000   0.00000000
   0.00000000     1.000000   0.00000000
   0.00000000   0.00000000     1.000000

   0.575435   0.306338

     1.000000   0.00000000
   0.00000000     1.000000

Si:aug-cc-pV6Z-ccECP
ccECP aug-cc-pV6Z for Si | source recipes/Si/ccECP/Si.aug-cc-pV6Z.gamess | ccECP from Chandler Bennett et al. Journal of Chemical Physics 149, 104108 (2018) https://doi.org/10.1063/1.5038135

  7
    0    1    2    3    4    5    6
    7    7    6    5    4    3    2
   16   16    6    5    4    3    2

   9.998274   5.517644   3.044965   1.680393   1.640251
   0.927341   0.738120   0.511762   0.332157   0.282421
   0.155857   0.149472   0.086011   0.067263   0.047466
   0.030269

    0.00289400    0.00000000    0.00000000    0.00000000    0.00000000
    0.00000000    0.00000000
   -0.01452300    0.00000000    0.00000000    0.00000000    0.00000000
    0.00000000    0.00000000
    0.07763400    0.00000000    0.00000000    0.00000000    0.00000000
    0.00000000    0.00000000
   -0.22402200    0.00000000    0.00000000    0.00000000    0.00000000
    0.00000000    0.00000000
    0.00000000    0.00000000    0.00000000    0.00000000    0.00000000
    0.00000000    1.00000000
   -0.14908000    0.00000000    0.00000000    0.00000000    0.00000000
    0.00000000    0.00000000
    0.00000000    0.00000000    0.00000000    0.00000000    0.00000000
    1.00000000    0.00000000
    0.08594400    0.00000000    0.00000000    0.00000000    0.00000000
    0.00000000    0.00000000
    0.00000000    0.00000000    0.00000000    0.00000000    1.00000000
    0.00000000    0.00000000
    0.35539400    0.00000000    0.00000000    0.00000000    0.00000000
    0.00000000    0.00000000
    0.44521900    0.00000000    0.00000000    0.00000000    0.00000000
    0.00000000    0.00000000
    0.00000000    0.00000000    0.00000000    1.00000000    0.00000000
    0.00000000    0.00000000
    0.26723000    0.00000000    0.00000000    0.00000000    0.00000000
    0.00000000    0.00000000
    0.00000000    0.00000000    1.00000000    0.00000000    0.00000000
    0.00000000    0.00000000
    0.06078700    0.00000000    0.00000000    0.00000000    0.00000000
    0.00000000    0.00000000
    0.00000000    1.00000000    0.00000000    0.00000000    0.00000000
    0.00000000    0.00000000

   5.027868   2.867751   1.635683   0.937114   0.932947
   0.532126   0.433247   0.303509   0.200299   0.173113
   0.098739   0.092602   0.056318   0.042812   0.032122
   0.019793

   -0.00324200    0.00000000    0.00000000    0.00000000    0.00000000
    0.00000000    0.00000000
    0.01064900    0.00000000    0.00000000    0.00000000    0.00000000
    0.00000000    0.00000000
   -0.04976100    0.00000000    0.00000000    0.00000000    0.00000000
    0.00000000    0.00000000
    0.00000000    0.00000000    0.00000000    0.00000000    0.00000000
    0.00000000    1.00000000
   -0.00001700    0.00000000    0.00000000    0.00000000    0.00000000
    0.00000000    0.00000000
    0.10606000    0.00000000    0.00000000    0.00000000    0.00000000
    0.00000000    0.00000000
    0.00000000    0.00000000    0.00000000    0.00000000    0.00000000
    1.00000000    0.00000000
    0.23620200    0.00000000    0.00000000    0.00000000    0.00000000
    0.00000000    0.00000000
    0.00000000    0.00000000    0.00000000    0.00000000    1.00000000
    0.00000000    0.00000000
    0.31066500    0.00000000    0.00000000    0.00000000    0.00000000
    0.00000000    0.00000000
    0.29469600    0.00000000    0.00000000    0.00000000    0.00000000
    0.00000000    0.00000000
    0.00000000    0.00000000    0.00000000    1.00000000    0.00000000
    0.00000000    0.00000000
    0.15389800    0.00000000    0.00000000    0.00000000    0.00000000
    0.00000000    0.00000000
    0.00000000    0.00000000    1.00000000    0.00000000    0.00000000
    0.00000000    0.00000000
    0.04233700    0.00000000    0.00000000    0.00000000    0.00000000
    0.00000000    0.00000000
    0.00000000    1.00000000    0.00000000    0.00000000    0.00000000
    0.00000000    0.00000000

   2.574343   1.139422   0.504316   0.223214   0.098796
   0.043728

    0.00000000    0.00000000    0.00000000    0.00000000    0.00000000
    1.00000000
    0.00000000    0.00000000    0.00000000    0.00000000    1.00000000
    0.00000000
    0.00000000    0.00000000    0.00000000    1.00000000    0.00000000
    0.00000000
    0.00000000    0.00000000    1.00000000    0.00000000    0.00000000
    0.00000000
    0.00000000    1.00000000    0.00000000    0.00000000    0.00000000
    0.00000000
    1.00000000    0.00000000    0.00000000    0.00000000    0.00000000
    0.00000000

   1.038772   0.542214   0.283023   0.147731   0.077112

    0.00000000    0.00000000    0.00000000    0.00000000    1.00000000
    0.00000000    0.00000000    0.00000000    1.00000000    0.00000000
    0.00000000    0.00000000    1.00000000    0.00000000    0.00000000
    0.00000000    1.00000000    0.00000000    0.00000000    0.00000000
    1.00000000    0.00000000    0.00000000    0.00000000    0.00000000

   0.944743   0.496441   0.260869   0.137081

    0.00000000    0.00000000    0.00000000    1.00000000
    0.00000000    0.00000000    1.00000000    0.00000000
    0.00000000    1.00000000    0.00000000    0.00000000
    1.00000000    0.00000000    0.00000000    0.00000000

   0.840432   0.424726   0.214642

    0.00000000    0.00000000    1.00000000
    0.00000000    1.00000000    0.00000000
    1.00000000    0.00000000    0.00000000

   0.683782   0.273513

    0.00000000    1.00000000
    1.00000000    0.00000000

Si:aug-cc-pVDZ-ccECP
ccECP aug-cc-pVDZ for Si | source recipes/Si/ccECP/Si.aug-cc-pVDZ.gamess | ccECP from Chandler Bennett et al. Journal of Chemical Physics 149, 104108 (2018) https://doi.org/10.1063/1.5038135

  3
    0    1    2
    3    3    2
   12   12    2

   9.998274   5.517644   3.044965   1.680393   0.927341
   0.511762   0.325961   0.282421   0.155857   0.086011
   0.065039   0.047466

     0.002894   0.00000000   0.00000000
    -0.014523   0.00000000   0.00000000
     0.077634   0.00000000   0.00000000
    -0.224022   0.00000000   0.00000000
    -0.149080   0.00000000   0.00000000
     0.085944   0.00000000   0.00000000
   0.00000000     1.000000   0.00000000
     0.355394   0.00000000   0.00000000
     0.445219   0.00000000   0.00000000
     0.267230   0.00000000   0.00000000
   0.00000000   0.00000000     1.000000
     0.060787   0.00000000   0.00000000

   5.027868   2.867751   1.635683   0.932947   0.532126
   0.303509   0.289072   0.173113   0.152843   0.098739
   0.056318   0.032122

    -0.003242   0.00000000   0.00000000
     0.010649   0.00000000   0.00000000
    -0.049761   0.00000000   0.00000000
    -0.000017   0.00000000   0.00000000
     0.106060   0.00000000   0.00000000
     0.236202   0.00000000   0.00000000
   0.00000000     1.000000   0.00000000
     0.310665   0.00000000   0.00000000
   0.00000000   0.00000000     1.000000
     0.294696   0.00000000   0.00000000
     0.153898   0.00000000   0.00000000
     0.042337   0.00000000   0.00000000

   0.281966   0.090255

     1.000000   0.00000000
   0.00000000     1.000000

Si:aug-cc-pVQZ-ccECP
ccECP aug-cc-pVQZ for Si | source recipes/Si/ccECP/Si.aug-cc-pVQZ.gamess | ccECP from Chandler Bennett et al. Journal of Chemical Physics 149, 104108 (2018) https://doi.org/10.1063/1.5038135

  5
    0    1    2    3    4
    5    5    4    3    2
   14   14    4    3    2

   9.998274   5.517644   3.044965   1.680393   0.927341
   0.511762   0.488504   0.282421   0.199457   0.155857
   0.086011   0.081439   0.047466   0.034983

     0.002894   0.00000000   0.00000000   0.00000000   0.00000000
    -0.014523   0.00000000   0.00000000   0.00000000   0.00000000
     0.077634   0.00000000   0.00000000   0.00000000   0.00000000
    -0.224022   0.00000000   0.00000000   0.00000000   0.00000000
    -0.149080   0.00000000   0.00000000   0.00000000   0.00000000
     0.085944   0.00000000   0.00000000   0.00000000   0.00000000
   0.00000000     1.000000   0.00000000   0.00000000   0.00000000
     0.355394   0.00000000   0.00000000   0.00000000   0.00000000
   0.00000000   0.00000000     1.000000   0.00000000   0.00000000
     0.445219   0.00000000   0.00000000   0.00000000   0.00000000
     0.267230   0.00000000   0.00000000   0.00000000   0.00000000
   0.00000000   0.00000000   0.00000000     1.000000   0.00000000
     0.060787   0.00000000   0.00000000   0.00000000   0.00000000
   0.00000000   0.00000000   0.00000000   0.00000000     1.000000

   5.027868   2.867751   1.635683   1.225790   0.932947
   0.532126   0.501364   0.303509   0.205064   0.173113
   0.098739   0.056318   0.032122   0.025472

    -0.003242   0.00000000   0.00000000   0.00000000   0.00000000
     0.010649   0.00000000   0.00000000   0.00000000   0.00000000
    -0.049761   0.00000000   0.00000000   0.00000000   0.00000000
   0.00000000     1.000000   0.00000000   0.00000000   0.00000000
    -0.000017   0.00000000   0.00000000   0.00000000   0.00000000
     0.106060   0.00000000   0.00000000   0.00000000   0.00000000
   0.00000000   0.00000000     1.000000   0.00000000   0.00000000
     0.236202   0.00000000   0.00000000   0.00000000   0.00000000
   0.00000000   0.00000000   0.00000000     1.000000   0.00000000
     0.310665   0.00000000   0.00000000   0.00000000   0.00000000
     0.294696   0.00000000   0.00000000   0.00000000   0.00000000
     0.153898   0.00000000   0.00000000   0.00000000   0.00000000
     0.042337   0.00000000   0.00000000   0.00000000   0.00000000
   0.00000000   0.00000000   0.00000000   0.00000000     1.000000

   0.997003   0.365942   0.134316   0.046497

     1.000000   0.00000000   0.00000000   0.00000000
   0.00000000     1.000000   0.00000000   0.00000000
   0.00000000   0.00000000     1.000000   0.00000000
   0.00000000   0.00000000   0.00000000     1.000000

   0.549116   0.214998   0.086852

     1.000000   0.00000000   0.00000000
   0.00000000     1.000000   0.00000000
   0.00000000   0.00000000     1.000000

   0.459547   0.207380

     1.000000   0.00000000
   0.00000000     1.000000

Si:aug-cc-pVTZ-ccECP
ccECP aug-cc-pVTZ for Si | source recipes/Si/ccECP/Si.aug-cc-pVTZ.gamess | ccECP from Chandler Bennett et al. Journal of Chemical Physics 149, 104108 (2018) https://doi.org/10.1063/1.5038135

  4
    0    1    2    3
    4    4    3    2
   13   13    3    2

   9.998274   5.517644   3.044965   1.680393   0.927341
   0.528701   0.511762   0.282421   0.155857   0.090848
   0.086011   0.050501   0.047466

     0.002894   0.00000000   0.00000000   0.00000000
    -0.014523   0.00000000   0.00000000   0.00000000
     0.077634   0.00000000   0.00000000   0.00000000
    -0.224022   0.00000000   0.00000000   0.00000000
    -0.149080   0.00000000   0.00000000   0.00000000
   0.00000000     1.000000   0.00000000   0.00000000
     0.085944   0.00000000   0.00000000   0.00000000
     0.355394   0.00000000   0.00000000   0.00000000
     0.445219   0.00000000   0.00000000   0.00000000
   0.00000000   0.00000000     1.000000   0.00000000
     0.267230   0.00000000   0.00000000   0.00000000
   0.00000000   0.00000000   0.00000000     1.000000
     0.060787   0.00000000   0.00000000   0.00000000

   5.027868   2.867751   1.635683   0.932947   0.532126
   0.411682   0.303509   0.173113   0.098739   0.070048
   0.056318   0.032122   0.024162

    -0.003242   0.00000000   0.00000000   0.00000000
     0.010649   0.00000000   0.00000000   0.00000000
    -0.049761   0.00000000   0.00000000   0.00000000
    -0.000017   0.00000000   0.00000000   0.00000000
     0.106060   0.00000000   0.00000000   0.00000000
   0.00000000     1.000000   0.00000000   0.00000000
     0.236202   0.00000000   0.00000000   0.00000000
     0.310665   0.00000000   0.00000000   0.00000000
     0.294696   0.00000000   0.00000000   0.00000000
   0.00000000   0.00000000     1.000000   0.00000000
     0.153898   0.00000000   0.00000000   0.00000000
     0.042337   0.00000000   0.00000000   0.00000000
   0.00000000   0.00000000   0.00000000     1.000000

   0.524220   0.168245   0.058408

     1.000000   0.00000000   0.00000000
   0.00000000     1.000000   0.00000000
   0.00000000   0.00000000     1.000000

   0.350329   0.130364

     1.000000   0.00000000
   0.00000000     1.000000

Si:cc-pV5Z-ccECP
ccECP cc-pV5Z for Si | source recipes/Si/ccECP/Si.cc-pV5Z.gamess | ccECP from Chandler Bennett et al. Journal of Chemical Physics 149, 104108 (2018) https://doi.org/10.1063/1.5038135

  6
    0    1    2    3    4    5
    5    5    4    3    2    1
   14   14    4    3    2    1

   9.998274   5.517644   3.044965   1.680393   0.927341
   0.700625   0.511762   0.318864   0.282421   0.155857
   0.145120   0.086011   0.066046   0.047466

     0.002894   0.00000000   0.00000000   0.00000000   0.00000000
    -0.014523   0.00000000   0.00000000   0.00000000   0.00000000
     0.077634   0.00000000   0.00000000   0.00000000   0.00000000
    -0.224022   0.00000000   0.00000000   0.00000000   0.00000000
    -0.149080   0.00000000   0.00000000   0.00000000   0.00000000
   0.00000000     1.000000   0.00000000   0.00000000   0.00000000
     0.085944   0.00000000   0.00000000   0.00000000   0.00000000
   0.00000000   0.00000000     1.000000   0.00000000   0.00000000
     0.355394   0.00000000   0.00000000   0.00000000   0.00000000
     0.445219   0.00000000   0.00000000   0.00000000   0.00000000
   0.00000000   0.00000000   0.00000000     1.000000   0.00000000
     0.267230   0.00000000   0.00000000   0.00000000   0.00000000
   0.00000000   0.00000000   0.00000000   0.00000000     1.000000
     0.060787   0.00000000   0.00000000   0.00000000   0.00000000

   5.027868   2.867751   1.635683   1.336968   0.932947
   0.652035   0.532126   0.317995   0.303509   0.173113
   0.155085   0.098739   0.056318   0.032122

    -0.003242   0.00000000   0.00000000   0.00000000   0.00000000
     0.010649   0.00000000   0.00000000   0.00000000   0.00000000
    -0.049761   0.00000000   0.00000000   0.00000000   0.00000000
   0.00000000     1.000000   0.00000000   0.00000000   0.00000000
    -0.000017   0.00000000   0.00000000   0.00000000   0.00000000
   0.00000000   0.00000000     1.000000   0.00000000   0.00000000
     0.106060   0.00000000   0.00000000   0.00000000   0.00000000
   0.00000000   0.00000000   0.00000000     1.000000   0.00000000
     0.236202   0.00000000   0.00000000   0.00000000   0.00000000
     0.310665   0.00000000   0.00000000   0.00000000   0.00000000
   0.00000000   0.00000000   0.00000000   0.00000000     1.000000
     0.294696   0.00000000   0.00000000   0.00000000   0.00000000
     0.153898   0.00000000   0.00000000   0.00000000   0.00000000
     0.042337   0.00000000   0.00000000   0.00000000   0.00000000

   2.145983   0.828929   0.320190   0.123680

     1.000000   0.00000000   0.00000000   0.00000000
   0.00000000     1.000000   0.00000000   0.00000000
   0.00000000   0.00000000     1.000000   0.00000000
   0.00000000   0.00000000   0.00000000     1.000000

   0.756775   0.357607   0.168984

     1.000000   0.00000000   0.00000000
   0.00000000     1.000000   0.00000000
   0.00000000   0.00000000     1.000000

   0.702896   0.316879

     1.000000   0.00000000
   0.00000000     1.000000

   0.575435

     1.000000

Si:cc-pV6Z-ccECP
ccECP cc-pV6Z for Si | source recipes/Si/ccECP/Si.cc-pV6Z.gamess | ccECP from Chandler Bennett et al. Journal of Chemical Physics 149, 104108 (2018) https://doi.org/10.1063/1.5038135

  7
    0    1    2    3    4    5    6
    6    6    5    4    3    2    1
   15   15    5    4    3    2    1

   9.998274   5.517644   3.044965   1.680393   1.640251
   0.927341   0.738120   0.511762   0.332157   0.282421
   0.155857   0.149472   0.086011   0.067263   0.047466

    0.00289400    0.00000000    0.00000000    0.00000000    0.00000000
    0.00000000
   -0.01452300    0.00000000    0.00000000    0.00000000    0.00000000
    0.00000000
    0.07763400    0.00000000    0.00000000    0.00000000    0.00000000
    0.00000000
   -0.22402200    0.00000000    0.00000000    0.00000000    0.00000000
    0.00000000
    0.00000000    0.00000000    0.00000000    0.00000000    0.00000000
    1.00000000
   -0.14908000    0.00000000    0.00000000    0.00000000    0.00000000
    0.00000000
    0.00000000    0.00000000    0.00000000    0.00000000    1.00000000
    0.00000000
    0.08594400    0.00000000    0.00000000    0.00000000    0.00000000
    0.00000000
    0.00000000    0.00000000    0.00000000    1.00000000    0.00000000
    0.00000000
    0.35539400    0.00000000    0.00000000    0.00000000    0.00000000
    0.00000000
    0.44521900    0.00000000    0.00000000    0.00000000    0.00000000
    0.00000000
    0.00000000    0.00000000    1.00000000    0.00000000    0.00000000
    0.00000000
    0.26723000    0.00000000    0.00000000    0.00000000    0.00000000
    0.00000000
    0.00000000    1.00000000    0.00000000    0.00000000    0.00000000
    0.00000000
    0.06078700    0.00000000    0.00000000    0.00000000    0.00000000
    0.00000000

   5.027868   2.867751   1.635683   0.937114   0.932947
   0.532126   0.433247   0.303509   0.200299   0.173113
   0.098739   0.092602   0.056318   0.042812   0.032122

   -0.00324200    0.00000000    0.00000000    0.00000000    0.00000000
    0.00000000
    0.01064900    0.00000000    0.00000000    0.00000000    0.00000000
    0.00000000
   -0.04976100    0.00000000    0.00000000    0.00000000    0.00000000
    0.00000000
    0.00000000    0.00000000    0.00000000    0.00000000    0.00000000
    1.00000000
   -0.00001700    0.00000000    0.00000000    0.00000000    0.00000000
    0.00000000
    0.10606000    0.00000000    0.00000000    0.00000000    0.00000000
    0.00000000
    0.00000000    0.00000000    0.00000000    0.00000000    1.00000000
    0.00000000
    0.23620200    0.00000000    0.00000000    0.00000000    0.00000000
    0.00000000
    0.00000000    0.00000000    0.00000000    1.00000000    0.00000000
    0.00000000
    0.31066500    0.00000000    0.00000000    0.00000000    0.00000000
    0.00000000
    0.29469600    0.00000000    0.00000000    0.00000000    0.00000000
    0.00000000
    0.00000000    0.00000000    1.00000000    0.00000000    0.00000000
    0.00000000
    0.15389800    0.00000000    0.00000000    0.00000000    0.00000000
    0.00000000
    0.00000000    1.00000000    0.00000000    0.00000000    0.00000000
    0.00000000
    0.04233700    0.00000000    0.00000000    0.00000000    0.00000000
    0.00000000

   2.574343   1.139422   0.504316   0.223214   0.098796

    0.00000000    0.00000000    0.00000000    0.00000000    1.00000000
    0.00000000    0.00000000    0.00000000    1.00000000    0.00000000
    0.00000000    0.00000000    1.00000000    0.00000000    0.00000000
    0.00000000    1.00000000    0.00000000    0.00000000    0.00000000
    1.00000000    0.00000000    0.00000000    0.00000000    0.00000000

   1.038772   0.542214   0.283023   0.147731

    0.00000000    0.00000000    0.00000000    1.00000000
    0.00000000    0.00000000    1.00000000    0.00000000
    0.00000000    1.00000000    0.00000000    0.00000000
    1.00000000    0.00000000    0.00000000    0.00000000

   0.944743   0.496441   0.260869

    0.00000000    0.00000000    1.00000000
    0.00000000    1.00000000    0.00000000
    1.00000000    0.00000000    0.00000000

   0.840432   0.424726

    0.00000000    1.00000000
    1.00000000    0.00000000

   0.683782

    1.00000000

Si:cc-pVDZ-ccECP
ccECP cc-pVDZ for Si | source recipes/Si/ccECP/Si.cc-pVDZ.gamess | ccECP from Chandler Bennett et al. Journal of Chemical Physics 149, 104108 (2018) https://doi.org/10.1063/1.5038135

  3
    0    1    2
    2    2    1
   11   11    1

   9.998274   5.517644   3.044965   1.680393   0.927341
   0.511762   0.325961   0.282421   0.155857   0.086011
   0.047466

     0.002894   0.00000000
    -0.014523   0.00000000
     0.077634   0.00000000
    -0.224022   0.00000000
    -0.149080   0.00000000
     0.085944   0.00000000
   0.00000000     1.000000
     0.355394   0.00000000
     0.445219   0.00000000
     0.267230   0.00000000
     0.060787   0.00000000

   5.027868   2.867751   1.635683   0.932947   0.532126
   0.303509   0.289072   0.173113   0.098739   0.056318
   0.032122

    -0.003242   0.00000000
     0.010649   0.00000000
    -0.049761   0.00000000
    -0.000017   0.00000000
     0.106060   0.00000000
     0.236202   0.00000000
   0.00000000     1.000000
     0.310665   0.00000000
     0.294696   0.00000000
     0.153898   0.00000000
     0.042337   0.00000000

   0.281966

     1.000000

Si:cc-pVQZ-ccECP
ccECP cc-pVQZ for Si | source recipes/Si/ccECP/Si.cc-pVQZ.gamess | ccECP from Chandler Bennett et al. Journal of Chemical Physics 149, 104108 (2018) https://doi.org/10.1063/1.5038135

  5
    0    1    2    3    4
    4    4    3    2    1
   13   13    3    2    1

   9.998274   5.517644   3.044965   1.680393   0.927341
   0.511762   0.488504   0.282421   0.199457   0.155857
   0.086011   0.081439   0.047466

     0.002894   0.00000000   0.00000000   0.00000000
    -0.014523   0.00000000   0.00000000   0.00000000
     0.077634   0.00000000   0.00000000   0.00000000
    -0.224022   0.00000000   0.00000000   0.00000000
    -0.149080   0.00000000   0.00000000   0.00000000
     0.085944   0.00000000   0.00000000   0.00000000
   0.00000000     1.000000   0.00000000   0.00000000
     0.355394   0.00000000   0.00000000   0.00000000
   0.00000000   0.00000000     1.000000   0.00000000
     0.445219   0.00000000   0.00000000   0.00000000
     0.267230   0.00000000   0.00000000   0.00000000
   0.00000000   0.00000000   0.00000000     1.000000
     0.060787   0.00000000   0.00000000   0.00000000

   5.027868   2.867751   1.635683   1.225790   0.932947
   0.532126   0.501364   0.303509   0.205064   0.173113
   0.098739   0.056318   0.032122

    -0.003242   0.00000000   0.00000000   0.00000000
     0.010649   0.00000000   0.00000000   0.00000000
    -0.049761   0.00000000   0.00000000   0.00000000
   0.00000000     1.000000   0.00000000   0.00000000
    -0.000017   0.00000000   0.00000000   0.00000000
     0.106060   0.00000000   0.00000000   0.00000000
   0.00000000   0.00000000     1.000000   0.00000000
     0.236202   0.00000000   0.00000000   0.00000000
   0.00000000   0.00000000   0.00000000     1.000000
     0.310665   0.00000000   0.00000000   0.00000000
     0.294696   0.00000000   0.00000000   0.00000000
     0.153898   0.00000000   0.00000000   0.00000000
     0.042337   0.00000000   0.00000000   0.00000000

   0.997003   0.365942   0.134316

     1.000000   0.00000000   0.00000000
   0.00000000     1.000000   0.00000000
   0.00000000   0.00000000     1.000000

   0.549116   0.214998

     1.000000   0.00000000
   0.00000000     1.000000

   0.459547

     1.000000

Si:cc-pVTZ-ccECP
ccECP cc-pVTZ for Si | source recipes/Si/ccECP/Si.cc-pVTZ.gamess | ccECP from Chandler Bennett et al. Journal of Chemical Physics 149, 104108 (2018) https://doi.org/10.1063/1.5038135

  4
    0    1    2    3
    3    3    2    1
   12   12    2    1

   9.998274   5.517644   3.044965   1.680393   0.927341
   0.528701   0.511762   0.282421   0.155857   0.090848
   0.086011   0.047466

     0.002894   0.00000000   0.00000000
    -0.014523   0.00000000   0.00000000
     0.077634   0.00000000   0.00000000
    -0.224022   0.00000000   0.00000000
    -0.149080   0.00000000   0.00000000
   0.00000000     1.000000   0.00000000
     0.085944   0.00000000   0.00000000
     0.355394   0.00000000   0.00000000
     0.445219   0.00000000   0.00000000
   0.00000000   0.00000000     1.000000
     0.267230   0.00000000   0.00000000
     0.060787   0.00000000   0.00000000

   5.027868   2.867751   1.635683   0.932947   0.532126
   0.411682   0.303509   0.173113   0.098739   0.070048
   0.056318   0.032122

    -0.003242   0.00000000   0.00000000
     0.010649   0.00000000   0.00000000
    -0.049761   0.00000000   0.00000000
    -0.000017   0.00000000   0.00000000
     0.106060   0.00000000   0.00000000
   0.00000000     1.000000   0.00000000
     0.236202   0.00000000   0.00000000
     0.310665   0.00000000   0.00000000
     0.294696   0.00000000   0.00000000
   0.00000000   0.00000000     1.000000
     0.153898   0.00000000   0.00000000
     0.042337   0.00000000   0.00000000

   0.524220   0.168245

     1.000000   0.00000000
   0.00000000     1.000000

   0.350329

     1.000000

