
Be:aug-cc-pV5Z-ccECP
ccECP aug-cc-pV5Z for Be | source recipes/Be/ccECP/Be.aug-cc-pV5Z.gamess | ccECP from Guangming Wang et al. Journal of Chemical Physics 151, 144110 (2019) https://doi.org/10.1063/1.5121006

  6
    0    1    2    3    4    5
    6    6    5    4    3    2
   14   14    5    4    3    2

   15.965877    7.367361    3.399626    1.568738    1.347510
    0.723885    0.334032    0.256393    0.154137    0.071126
    0.048784    0.032821    0.009282    0.003713

    0.00069000    0.00000000    0.00000000    0.00000000    0.00000000
    0.00000000
   -0.00037700    0.00000000    0.00000000    0.00000000    0.00000000
    0.00000000
    0.02406900    0.00000000    0.00000000    0.00000000    0.00000000
    0.00000000
   -0.11198900    0.00000000    0.00000000    0.00000000    0.00000000
    0.00000000
    0.00000000    1.00000000    0.00000000    0.00000000    0.00000000
    0.00000000
   -0.07644200    0.00000000    0.00000000    0.00000000    0.00000000
    0.00000000
    0.13574400    0.00000000    0.00000000    0.00000000    0.00000000
    0.00000000
    0.00000000    0.00000000    1.00000000    0.00000000    0.00000000
    0.00000000
    0.41851500    0.00000000    0.00000000    0.00000000    0.00000000
    0.00000000
    0.46292400    0.00000000    0.00000000    0.00000000    0.00000000
    0.00000000
    0.00000000    0.00000000    0.00000000    1.00000000    0.00000000
    0.00000000
    0.12826600    0.00000000    0.00000000    0.00000000    0.00000000
    0.00000000
    0.00000000    0.00000000    0.00000000    0.00000000    1.00000000
    0.00000000
    0.00000000    0.00000000    0.00000000    0.00000000    0.00000000
    1.00000000

   16.554942    7.526050    3.421421    2.741691    1.555414
    1.017428    0.707108    0.377562    0.321458    0.146138
    0.140111    0.066436    0.056045    0.030203

    0.00034100    0.00000000    0.00000000    0.00000000    0.00000000
    0.00000000
    0.00322800    0.00000000    0.00000000    0.00000000    0.00000000
    0.00000000
    0.01766000    0.00000000    0.00000000    0.00000000    0.00000000
    0.00000000
    0.00000000    1.00000000    0.00000000    0.00000000    0.00000000
    0.00000000
    0.03866400    0.00000000    0.00000000    0.00000000    0.00000000
    0.00000000
    0.00000000    0.00000000    1.00000000    0.00000000    0.00000000
    0.00000000
    0.09863900    0.00000000    0.00000000    0.00000000    0.00000000
    0.00000000
    0.00000000    0.00000000    0.00000000    1.00000000    0.00000000
    0.00000000
    0.23125900    0.00000000    0.00000000    0.00000000    0.00000000
    0.00000000
    0.38710900    0.00000000    0.00000000    0.00000000    0.00000000
    0.00000000
    0.00000000    0.00000000    0.00000000    0.00000000    1.00000000
    0.00000000
    0.33944800    0.00000000    0.00000000    0.00000000    0.00000000
    0.00000000
    0.00000000    0.00000000    0.00000000    0.00000000    0.00000000
    1.00000000
    0.08910200    0.00000000    0.00000000    0.00000000    0.00000000
    0.00000000

    1.449201    0.672965    0.312505    0.145118    0.058047

    1.00000000    0.00000000    0.00000000    0.00000000    0.00000000
    0.00000000    1.00000000    0.00000000    0.00000000    0.00000000
    0.00000000    0.00000000    1.00000000    0.00000000    0.00000000
    0.00000000    0.00000000    0.00000000    1.00000000    0.00000000
    0.00000000    0.00000000    0.00000000    0.00000000    1.00000000

    0.739767    0.393276    0.209074    0.083629

    1.00000000    0.00000000    0.00000000    0.00000000
    0.00000000    1.00000000    0.00000000    0.00000000
    0.00000000    0.00000000    1.00000000    0.00000000
    0.00000000    0.00000000    0.00000000    1.00000000

    0.611064    0.317358    0.126943

    1.00000000    0.00000000    0.00000000
    0.00000000    1.00000000    0.00000000
    0.00000000    0.00000000    1.00000000

    0.507936    0.203174

    1.00000000    0.00000000
    0.00000000    1.00000000

Be:aug-cc-pV6Z-ccECP
ccECP aug-cc-pV6Z for Be | source recipes/Be/ccECP/Be.aug-cc-pV6Z.gamess | ccECP from Guangming Wang et al. Journal of Chemical Physics 151, 144110 (2019) https://doi.org/10.1063/1.5121006

  7
    0    1    2    3    4    5    6
    7    7    6    5    4    3    2
   15   15    6    5    4    3    2

   15.965877    7.367361    3.399626    1.568738    0.723885
    0.663553    0.334032    0.311589    0.154137    0.146315
    0.071126    0.068706    0.032821    0.032263    0.012905

    0.00069000    0.00000000    0.00000000    0.00000000    0.00000000
    0.00000000    0.00000000
   -0.00037700    0.00000000    0.00000000    0.00000000    0.00000000
    0.00000000    0.00000000
    0.02406900    0.00000000    0.00000000    0.00000000    0.00000000
    0.00000000    0.00000000
   -0.11198900    0.00000000    0.00000000    0.00000000    0.00000000
    0.00000000    0.00000000
   -0.07644200    0.00000000    0.00000000    0.00000000    0.00000000
    0.00000000    0.00000000
    0.00000000    1.00000000    0.00000000    0.00000000    0.00000000
    0.00000000    0.00000000
    0.13574400    0.00000000    0.00000000    0.00000000    0.00000000
    0.00000000    0.00000000
    0.00000000    0.00000000    1.00000000    0.00000000    0.00000000
    0.00000000    0.00000000
    0.41851500    0.00000000    0.00000000    0.00000000    0.00000000
    0.00000000    0.00000000
    0.00000000    0.00000000    0.00000000    1.00000000    0.00000000
    0.00000000    0.00000000
    0.46292400    0.00000000    0.00000000    0.00000000    0.00000000
    0.00000000    0.00000000
    0.00000000    0.00000000    0.00000000    0.00000000    1.00000000
    0.00000000    0.00000000
    0.12826600    0.00000000    0.00000000    0.00000000    0.00000000
    0.00000000    0.00000000
    0.00000000    0.00000000    0.00000000    0.00000000    0.00000000
    1.00000000    0.00000000
    0.00000000    0.00000000    0.00000000    0.00000000    0.00000000
    0.00000000    1.00000000

   16.554942    7.526050    3.421421    3.228674    1.555414
    1.379869    0.707108    0.589728    0.321458    0.252038
    0.146138    0.107716    0.066436    0.043086    0.030203

    0.00034100    0.00000000    0.00000000    0.00000000    0.00000000
    0.00000000    0.00000000
    0.00322800    0.00000000    0.00000000    0.00000000    0.00000000
    0.00000000    0.00000000
    0.01766000    0.00000000    0.00000000    0.00000000    0.00000000
    0.00000000    0.00000000
    0.00000000    1.00000000    0.00000000    0.00000000    0.00000000
    0.00000000    0.00000000
    0.03866400    0.00000000    0.00000000    0.00000000    0.00000000
    0.00000000    0.00000000
    0.00000000    0.00000000    1.00000000    0.00000000    0.00000000
    0.00000000    0.00000000
    0.09863900    0.00000000    0.00000000    0.00000000    0.00000000
    0.00000000    0.00000000
    0.00000000    0.00000000    0.00000000    1.00000000    0.00000000
    0.00000000    0.00000000
    0.23125900    0.00000000    0.00000000    0.00000000    0.00000000
    0.00000000    0.00000000
    0.00000000    0.00000000    0.00000000    0.00000000    1.00000000
    0.00000000    0.00000000
    0.38710900    0.00000000    0.00000000    0.00000000    0.00000000
    0.00000000    0.00000000
    0.00000000    0.00000000    0.00000000    0.00000000    0.00000000
    1.00000000    0.00000000
    0.33944800    0.00000000    0.00000000    0.00000000    0.00000000
    0.00000000    0.00000000
    0.00000000    0.00000000    0.00000000    0.00000000    0.00000000
    0.00000000    1.00000000
    0.08910200    0.00000000    0.00000000    0.00000000    0.00000000
    0.00000000    0.00000000

    1.567419    0.842974    0.453360    0.243822    0.131130
    0.052452

    1.00000000    0.00000000    0.00000000    0.00000000    0.00000000
    0.00000000
    0.00000000    1.00000000    0.00000000    0.00000000    0.00000000
    0.00000000
    0.00000000    0.00000000    1.00000000    0.00000000    0.00000000
    0.00000000
    0.00000000    0.00000000    0.00000000    1.00000000    0.00000000
    0.00000000
    0.00000000    0.00000000    0.00000000    0.00000000    1.00000000
    0.00000000
    0.00000000    0.00000000    0.00000000    0.00000000    0.00000000
    1.00000000

    1.158430    0.644955    0.359078    0.199916    0.079966

    1.00000000    0.00000000    0.00000000    0.00000000    0.00000000
    0.00000000    1.00000000    0.00000000    0.00000000    0.00000000
    0.00000000    0.00000000    1.00000000    0.00000000    0.00000000
    0.00000000    0.00000000    0.00000000    1.00000000    0.00000000
    0.00000000    0.00000000    0.00000000    0.00000000    1.00000000

    1.105060    0.553328    0.277063    0.110825

    1.00000000    0.00000000    0.00000000    0.00000000
    0.00000000    1.00000000    0.00000000    0.00000000
    0.00000000    0.00000000    1.00000000    0.00000000
    0.00000000    0.00000000    0.00000000    1.00000000

    0.748694    0.376945    0.150778

    1.00000000    0.00000000    0.00000000
    0.00000000    1.00000000    0.00000000
    0.00000000    0.00000000    1.00000000

    0.587011    0.234804

    1.00000000    0.00000000
    0.00000000    1.00000000

Be:aug-cc-pVDZ-ccECP
ccECP aug-cc-pVDZ for Be | source recipes/Be/ccECP/Be.aug-cc-pVDZ.gamess | ccECP from Guangming Wang et al. Journal of Chemical Physics 151, 144110 (2019) https://doi.org/10.1063/1.5121006

  3
    0    1    2
    3    3    2
   11   11    2

   15.965877    7.367361    3.399626    1.568738    0.723885
    0.334032    0.213567    0.154137    0.085427    0.071126
    0.032821

    0.00069000    0.00000000    0.00000000
   -0.00037700    0.00000000    0.00000000
    0.02406900    0.00000000    0.00000000
   -0.11198900    0.00000000    0.00000000
   -0.07644200    0.00000000    0.00000000
    0.13574400    0.00000000    0.00000000
    0.00000000    1.00000000    0.00000000
    0.41851500    0.00000000    0.00000000
    0.00000000    0.00000000    1.00000000
    0.46292400    0.00000000    0.00000000
    0.12826600    0.00000000    0.00000000

   16.554942    7.526050    3.421421    1.555414    0.707108
    0.321458    0.261244    0.146138    0.104498    0.066436
    0.030203

    0.00034100    0.00000000    0.00000000
    0.00322800    0.00000000    0.00000000
    0.01766000    0.00000000    0.00000000
    0.03866400    0.00000000    0.00000000
    0.09863900    0.00000000    0.00000000
    0.23125900    0.00000000    0.00000000
    0.00000000    1.00000000    0.00000000
    0.38710900    0.00000000    0.00000000
    0.00000000    0.00000000    1.00000000
    0.33944800    0.00000000    0.00000000
    0.08910200    0.00000000    0.00000000

    0.227966    0.091186

    1.00000000    0.00000000
    0.00000000    1.00000000

Be:aug-cc-pVQZ-ccECP
ccECP aug-cc-pVQZ for Be | source recipes/Be/ccECP/Be.aug-cc-pVQZ.gamess | ccECP from Guangming Wang et al. Journal of Chemical Physics 151, 144110 (2019) https://doi.org/10.1063/1.5121006

  5
    0    1    2    3    4
    5    5    4    3    2
   13   13    4    3    2

   15.965877    7.367361    3.399626    1.568738    1.332887
    0.723885    0.334032    0.245509    0.154137    0.071126
    0.045221    0.032821    0.018088

    0.00069000    0.00000000    0.00000000    0.00000000    0.00000000
   -0.00037700    0.00000000    0.00000000    0.00000000    0.00000000
    0.02406900    0.00000000    0.00000000    0.00000000    0.00000000
   -0.11198900    0.00000000    0.00000000    0.00000000    0.00000000
    0.00000000    1.00000000    0.00000000    0.00000000    0.00000000
   -0.07644200    0.00000000    0.00000000    0.00000000    0.00000000
    0.13574400    0.00000000    0.00000000    0.00000000    0.00000000
    0.00000000    0.00000000    1.00000000    0.00000000    0.00000000
    0.41851500    0.00000000    0.00000000    0.00000000    0.00000000
    0.46292400    0.00000000    0.00000000    0.00000000    0.00000000
    0.00000000    0.00000000    0.00000000    1.00000000    0.00000000
    0.12826600    0.00000000    0.00000000    0.00000000    0.00000000
    0.00000000    0.00000000    0.00000000    0.00000000    1.00000000

   16.554942    7.526050    3.421421    2.453623    1.555414
    0.707108    0.683999    0.321458    0.190679    0.146138
    0.076272    0.066436    0.030203

    0.00034100    0.00000000    0.00000000    0.00000000    0.00000000
    0.00322800    0.00000000    0.00000000    0.00000000    0.00000000
    0.01766000    0.00000000    0.00000000    0.00000000    0.00000000
    0.00000000    1.00000000    0.00000000    0.00000000    0.00000000
    0.03866400    0.00000000    0.00000000    0.00000000    0.00000000
    0.09863900    0.00000000    0.00000000    0.00000000    0.00000000
    0.00000000    0.00000000    1.00000000    0.00000000    0.00000000
    0.23125900    0.00000000    0.00000000    0.00000000    0.00000000
    0.00000000    0.00000000    0.00000000    1.00000000    0.00000000
    0.38710900    0.00000000    0.00000000    0.00000000    0.00000000
    0.00000000    0.00000000    0.00000000    0.00000000    1.00000000
    0.33944800    0.00000000    0.00000000    0.00000000    0.00000000
    0.08910200    0.00000000    0.00000000    0.00000000    0.00000000

    0.984098    0.408510    0.169577    0.067831

    1.00000000    0.00000000    0.00000000    0.00000000
    0.00000000    1.00000000    0.00000000    0.00000000
    0.00000000    0.00000000    1.00000000    0.00000000
    0.00000000    0.00000000    0.00000000    1.00000000

    0.477034    0.237971    0.095188

    1.00000000    0.00000000    0.00000000
    0.00000000    1.00000000    0.00000000
    0.00000000    0.00000000    1.00000000

    0.422045    0.168818

    1.00000000    0.00000000
    0.00000000    1.00000000

Be:aug-cc-pVTZ-ccECP
ccECP aug-cc-pVTZ for Be | source recipes/Be/ccECP/Be.aug-cc-pVTZ.gamess | ccECP from Guangming Wang et al. Journal of Chemical Physics 151, 144110 (2019) https://doi.org/10.1063/1.5121006

  4
    0    1    2    3
    4    4    3    2
   12   12    3    2

   15.965877    7.367361    3.399626    1.568738    0.723885
    0.345184    0.334032    0.154137    0.071126    0.053614
    0.032821    0.021446

    0.00069000    0.00000000    0.00000000    0.00000000
   -0.00037700    0.00000000    0.00000000    0.00000000
    0.02406900    0.00000000    0.00000000    0.00000000
   -0.11198900    0.00000000    0.00000000    0.00000000
   -0.07644200    0.00000000    0.00000000    0.00000000
    0.00000000    1.00000000    0.00000000    0.00000000
    0.13574400    0.00000000    0.00000000    0.00000000
    0.41851500    0.00000000    0.00000000    0.00000000
    0.46292400    0.00000000    0.00000000    0.00000000
    0.00000000    0.00000000    1.00000000    0.00000000
    0.12826600    0.00000000    0.00000000    0.00000000
    0.00000000    0.00000000    0.00000000    1.00000000

   16.554942    7.526050    3.421421    1.555414    1.352043
    0.707108    0.321458    0.225842    0.146138    0.090337
    0.066436    0.030203

    0.00034100    0.00000000    0.00000000    0.00000000
    0.00322800    0.00000000    0.00000000    0.00000000
    0.01766000    0.00000000    0.00000000    0.00000000
    0.03866400    0.00000000    0.00000000    0.00000000
    0.00000000    1.00000000    0.00000000    0.00000000
    0.09863900    0.00000000    0.00000000    0.00000000
    0.23125900    0.00000000    0.00000000    0.00000000
    0.00000000    0.00000000    1.00000000    0.00000000
    0.38710900    0.00000000    0.00000000    0.00000000
    0.00000000    0.00000000    0.00000000    1.00000000
    0.33944800    0.00000000    0.00000000    0.00000000
    0.08910200    0.00000000    0.00000000    0.00000000

    0.382692    0.176399    0.070560

    1.00000000    0.00000000    0.00000000
    0.00000000    1.00000000    0.00000000
    0.00000000    0.00000000    1.00000000

    0.323452    0.129381

    1.00000000    0.00000000
    0.00000000    1.00000000

Be:cc-pV5Z-ccECP
ccECP cc-pV5Z for Be | source recipes/Be/ccECP/Be.cc-pV5Z.gamess | ccECP from Guangming Wang et al. Journal of Chemical Physics 151, 144110 (2019) https://doi.org/10.1063/1.5121006

  6
    0    1    2    3    4    5
    5    5    4    3    2    1
   13   13    4    3    2    1

   15.965877    7.367361    3.399626    1.568738    1.347510
    0.723885    0.334032    0.256393    0.154137    0.071126
    0.048784    0.032821    0.009282

    0.00069000    0.00000000    0.00000000    0.00000000    0.00000000
   -0.00037700    0.00000000    0.00000000    0.00000000    0.00000000
    0.02406900    0.00000000    0.00000000    0.00000000    0.00000000
   -0.11198900    0.00000000    0.00000000    0.00000000    0.00000000
    0.00000000    1.00000000    0.00000000    0.00000000    0.00000000
   -0.07644200    0.00000000    0.00000000    0.00000000    0.00000000
    0.13574400    0.00000000    0.00000000    0.00000000    0.00000000
    0.00000000    0.00000000    1.00000000    0.00000000    0.00000000
    0.41851500    0.00000000    0.00000000    0.00000000    0.00000000
    0.46292400    0.00000000    0.00000000    0.00000000    0.00000000
    0.00000000    0.00000000    0.00000000    1.00000000    0.00000000
    0.12826600    0.00000000    0.00000000    0.00000000    0.00000000
    0.00000000    0.00000000    0.00000000    0.00000000    1.00000000

   16.554942    7.526050    3.421421    2.741691    1.555414
    1.017428    0.707108    0.377562    0.321458    0.146138
    0.140111    0.066436    0.030203

    0.00034100    0.00000000    0.00000000    0.00000000    0.00000000
    0.00322800    0.00000000    0.00000000    0.00000000    0.00000000
    0.01766000    0.00000000    0.00000000    0.00000000    0.00000000
    0.00000000    1.00000000    0.00000000    0.00000000    0.00000000
    0.03866400    0.00000000    0.00000000    0.00000000    0.00000000
    0.00000000    0.00000000    1.00000000    0.00000000    0.00000000
    0.09863900    0.00000000    0.00000000    0.00000000    0.00000000
    0.00000000    0.00000000    0.00000000    1.00000000    0.00000000
    0.23125900    0.00000000    0.00000000    0.00000000    0.00000000
    0.38710900    0.00000000    0.00000000    0.00000000    0.00000000
    0.00000000    0.00000000    0.00000000    0.00000000    1.00000000
    0.33944800    0.00000000    0.00000000    0.00000000    0.00000000
    0.08910200    0.00000000    0.00000000    0.00000000    0.00000000

    1.449201    0.672965    0.312505    0.145118

    1.00000000    0.00000000    0.00000000    0.00000000
    0.00000000    1.00000000    0.00000000    0.00000000
    0.00000000    0.00000000    1.00000000    0.00000000
    0.00000000    0.00000000    0.00000000    1.00000000

    0.739767    0.393276    0.209074

    1.00000000    0.00000000    0.00000000
    0.00000000    1.00000000    0.00000000
    0.00000000    0.00000000    1.00000000

    0.611064    0.317358

    1.00000000    0.00000000
    0.00000000    1.00000000

    0.507936

    1.00000000

Be:cc-pV6Z-ccECP
ccECP cc-pV6Z for Be | source recipes/Be/ccECP/Be.cc-pV6Z.gamess | ccECP from Guangming Wang et al. Journal of Chemical Physics 151, 144110 (2019) https://doi.org/10.1063/1.5121006

  7
    0    1    2    3    4    5    6
    6    6    5    4    3    2    1
   14   14    5    4    3    2    1

   15.965877    7.367361    3.399626    1.568738    0.723885
    0.663553    0.334032    0.311589    0.154137    0.146315
    0.071126    0.068706    0.032821    0.032263

    0.00069000    0.00000000    0.00000000    0.00000000    0.00000000
    0.00000000
   -0.00037700    0.00000000    0.00000000    0.00000000    0.00000000
    0.00000000
    0.02406900    0.00000000    0.00000000    0.00000000    0.00000000
    0.00000000
   -0.11198900    0.00000000    0.00000000    0.00000000    0.00000000
    0.00000000
   -0.07644200    0.00000000    0.00000000    0.00000000    0.00000000
    0.00000000
    0.00000000    1.00000000    0.00000000    0.00000000    0.00000000
    0.00000000
    0.13574400    0.00000000    0.00000000    0.00000000    0.00000000
    0.00000000
    0.00000000    0.00000000    1.00000000    0.00000000    0.00000000
    0.00000000
    0.41851500    0.00000000    0.00000000    0.00000000    0.00000000
    0.00000000
    0.00000000    0.00000000    0.00000000    1.00000000    0.00000000
    0.00000000
    0.46292400    0.00000000    0.00000000    0.00000000    0.00000000
    0.00000000
    0.00000000    0.00000000    0.00000000    0.00000000    1.00000000
    0.00000000
    0.12826600    0.00000000    0.00000000    0.00000000    0.00000000
    0.00000000
    0.00000000    0.00000000    0.00000000    0.00000000    0.00000000
    1.00000000

   16.554942    7.526050    3.421421    3.228674    1.555414
    1.379869    0.707108    0.589728    0.321458    0.252038
    0.146138    0.107716    0.066436    0.030203

    0.00034100    0.00000000    0.00000000    0.00000000    0.00000000
    0.00000000
    0.00322800    0.00000000    0.00000000    0.00000000    0.00000000
    0.00000000
    0.01766000    0.00000000    0.00000000    0.00000000    0.00000000
    0.00000000
    0.00000000    1.00000000    0.00000000    0.00000000    0.00000000
    0.00000000
    0.03866400    0.00000000    0.00000000    0.00000000    0.00000000
    0.00000000
    0.00000000    0.00000000    1.00000000    0.00000000    0.00000000
    0.00000000
    0.09863900    0.00000000    0.00000000    0.00000000    0.00000000
    0.00000000
    0.00000000    0.00000000    0.00000000    1.00000000    0.00000000
    0.00000000
    0.23125900    0.00000000    0.00000000    0.00000000    0.00000000
    0.00000000
    0.00000000    0.00000000    0.00000000    0.00000000    1.00000000
    0.00000000
    0.38710900    0.00000000    0.00000000    0.00000000    0.00000000
    0.00000000
    0.00000000    0.00000000    0.00000000    0.00000000    0.00000000
    1.00000000
    0.33944800    0.00000000    0.00000000    0.00000000    0.00000000
    0.00000000
    0.08910200    0.00000000    0.00000000    0.00000000    0.00000000
    0.00000000

    1.567419    0.842974    0.453360    0.243822    0.131130

    1.00000000    0.00000000    0.00000000    0.00000000    0.00000000
    0.00000000    1.00000000    0.00000000    0.00000000    0.00000000
    0.00000000    0.00000000    1.00000000    0.00000000    0.00000000
    0.00000000    0.00000000    0.00000000    1.00000000    0.00000000
    0.00000000    0.00000000    0.00000000    0.00000000    1.00000000

    1.158430    0.644955    0.359078    0.199916

    1.00000000    0.00000000    0.00000000    0.00000000
    0.00000000    1.00000000    0.00000000    0.00000000
    0.00000000    0.00000000    1.00000000    0.00000000
    0.00000000    0.00000000    0.00000000    1.00000000

    1.105060    0.553328    0.277063

    1.00000000    0.00000000    0.00000000
    0.00000000    1.00000000    0.00000000
    0.00000000    0.00000000    1.00000000

    0.748694    0.376945

    1.00000000    0.00000000
    0.00000000    1.00000000

    0.587011

    1.00000000

Be:cc-pVDZ-ccECP
ccECP cc-pVDZ for Be | source recipes/Be/ccECP/Be.cc-pVDZ.gamess | ccECP from Guangming Wang et al. Journal of Chemical Physics 151, 144110 (2019) https://doi.org/10.1063/1.5121006

  3
    0    1    2
    2    2    1
   10   10    1

   15.965877    7.367361    3.399626    1.568738    0.723885
    0.334032    0.213567    0.154137    0.071126    0.032821

    0.00069000    0.00000000
   -0.00037700    0.00000000
    0.02406900    0.00000000
   -0.11198900    0.00000000
   -0.07644200    0.00000000
    0.13574400    0.00000000
    0.00000000    1.00000000
    0.41851500    0.00000000
    0.46292400    0.00000000
    0.12826600    0.00000000

   16.554942    7.526050    3.421421    1.555414    0.707108
    0.321458    0.261244    0.146138    0.066436    0.030203

    0.00034100    0.00000000
    0.00322800    0.00000000
    0.01766000    0.00000000
    0.03866400    0.00000000
    0.09863900    0.00000000
    0.23125900    0.00000000
    0.00000000    1.00000000
    0.38710900    0.00000000
    0.33944800    0.00000000
    0.08910200    0.00000000

    0.227966

    1.00000000

Be:cc-pVQZ-ccECP
ccECP cc-pVQZ for Be | source recipes/Be/ccECP/Be.cc-pVQZ.gamess | ccECP from Guangming Wang et al. Journal of Chemical Physics 151, 144110 (2019) https://doi.org/10.1063/1.5121006

  5
    0    1    2    3    4
    4    4    3    2    1
   12   12    3    2    1

   15.965877    7.367361    3.399626    1.568738    1.332887
    0.723885    0.334032    0.245509    0.154137    0.071126
    0.045221    0.032821

    0.00069000    0.00000000    0.00000000    0.00000000
   -0.00037700    0.00000000    0.00000000    0.00000000
    0.02406900    0.00000000    0.00000000    0.00000000
   -0.11198900    0.00000000    0.00000000    0.00000000
    0.00000000    1.00000000    0.00000000    0.00000000
   -0.07644200    0.00000000    0.00000000    0.00000000
    0.13574400    0.00000000    0.00000000    0.00000000
    0.00000000    0.00000000    1.00000000    0.00000000
    0.41851500    0.00000000    0.00000000    0.00000000
    0.46292400    0.00000000    0.00000000    0.00000000
    0.00000000    0.00000000    0.00000000    1.00000000
    0.12826600    0.00000000    0.00000000    0.00000000

   16.554942    7.526050    3.421421    2.453623    1.555414
    0.707108    0.683999    0.321458    0.190679    0.146138
    0.066436    0.030203

    0.00034100    0.00000000    0.00000000    0.00000000
    0.00322800    0.00000000    0.00000000    0.00000000
    0.01766000    0.00000000    0.00000000    0.00000000
    0.00000000    1.00000000    0.00000000    0.00000000
    0.03866400    0.00000000    0.00000000    0.00000000
    0.09863900    0.00000000    0.00000000    0.00000000
    0.00000000    0.00000000    1.00000000    0.00000000
    0.23125900    0.00000000    0.00000000    0.00000000
    0.00000000    0.00000000    0.00000000    1.00000000
    0.38710900    0.00000000    0.00000000    0.00000000
    0.33944800    0.00000000    0.00000000    0.00000000
    0.08910200    0.00000000    0.00000000    0.00000000

    0.984098    0.408510    0.169577

    1.00000000    0.00000000    0.00000000
    0.00000000    1.00000000    0.00000000
    0.00000000    0.00000000    1.00000000

    0.477034    0.237971

    1.00000000    0.00000000
    0.00000000    1.00000000

    0.422045

    1.00000000

Be:cc-pVTZ-ccECP
ccECP cc-pVTZ for Be | source recipes/Be/ccECP/Be.cc-pVTZ.gamess | ccECP from Guangming Wang et al. Journal of Chemical Physics 151, 144110 (2019) https://doi.org/10.1063/1.5121006

  4
    0    1    2    3
    3    3    2    1
   11   11    2    1

   15.965877    7.367361    3.399626    1.568738    0.723885
    0.345184    0.334032    0.154137    0.071126    0.053614
    0.032821

    0.00069000    0.00000000    0.00000000
   -0.00037700    0.00000000    0.00000000
    0.02406900    0.00000000    0.00000000
   -0.11198900    0.00000000    0.00000000
   -0.07644200    0.00000000    0.00000000
    0.00000000    1.00000000    0.00000000
    0.13574400    0.00000000    0.00000000
    0.41851500    0.00000000    0.00000000
    0.46292400    0.00000000    0.00000000
    0.00000000    0.00000000    1.00000000
    0.12826600    0.00000000    0.00000000

   16.554942    7.526050    3.421421    1.555414    1.352043
    0.707108    0.321458    0.225842    0.146138    0.066436
    0.030203

    0.00034100    0.00000000    0.00000000
    0.00322800    0.00000000    0.00000000
    0.01766000    0.00000000    0.00000000
    0.03866400    0.00000000    0.00000000
    0.00000000    1.00000000    0.00000000
    0.09863900    0.00000000    0.00000000
    0.23125900    0.00000000    0.00000000
    0.00000000    0.00000000    1.00000000
    0.38710900    0.00000000    0.00000000
    0.33944800    0.00000000    0.00000000
    0.08910200    0.00000000    0.00000000

    0.382692    0.176399

    1.00000000    0.00000000
    0.00000000    1.00000000

    0.323452

    1.00000000

