
H:aug-cc-pV5Z-ccECP
ccECP aug-cc-pV5Z for H | source recipes/H/ccECP/H.aug-cc-pV5Z.gamess | ccECP from A. Annaberdiyev et al. Journal of Chemical Physics 149, 134108 (2018) https://doi.org/10.1063/1.5040472

  5
    0    1    2    3    4
    6    5    4    3    2
   13    5    4    3    2

   23.843185   10.212443    4.374164    1.873529    1.096959
    0.802465    0.434193    0.343709    0.171860    0.147217
    0.068025    0.063055    0.026925

   0.00411490   0.00000000   0.00000000   0.00000000   0.00000000   0.00000000
   0.01046440   0.00000000   0.00000000   0.00000000   0.00000000   0.00000000
   0.02801110   0.00000000   0.00000000   0.00000000   0.00000000   0.00000000
   0.07588620   0.00000000   0.00000000   0.00000000   0.00000000   0.00000000
   0.00000000   0.00000000   0.00000000   0.00000000   0.00000000   1.00000000
   0.18210620   0.00000000   0.00000000   0.00000000   0.00000000   0.00000000
   0.00000000   0.00000000   0.00000000   0.00000000   1.00000000   0.00000000
   0.34852140   0.00000000   0.00000000   0.00000000   0.00000000   0.00000000
   0.00000000   0.00000000   0.00000000   1.00000000   0.00000000   0.00000000
   0.37823130   0.00000000   0.00000000   0.00000000   0.00000000   0.00000000
   0.00000000   0.00000000   1.00000000   0.00000000   0.00000000   0.00000000
   0.11642410   0.00000000   0.00000000   0.00000000   0.00000000   0.00000000
   0.00000000   1.00000000   0.00000000   0.00000000   0.00000000   0.00000000

    4.695379    1.734949    0.641066    0.236875    0.087526

   0.00000000   0.00000000   0.00000000   0.00000000   1.00000000
   0.00000000   0.00000000   0.00000000   1.00000000   0.00000000
   0.00000000   0.00000000   1.00000000   0.00000000   0.00000000
   0.00000000   1.00000000   0.00000000   0.00000000   0.00000000
   1.00000000   0.00000000   0.00000000   0.00000000   0.00000000

    2.953168    1.155025    0.451746    0.176684

   0.00000000   0.00000000   0.00000000   1.00000000
   0.00000000   0.00000000   1.00000000   0.00000000
   0.00000000   1.00000000   0.00000000   0.00000000
   1.00000000   0.00000000   0.00000000   0.00000000

    2.968936    1.100898    0.408219

   0.00000000   0.00000000   1.00000000
   0.00000000   1.00000000   0.00000000
   1.00000000   0.00000000   0.00000000

    1.819850    0.661764

   0.00000000   1.00000000
   1.00000000   0.00000000

H:aug-cc-pV6Z-ccECP
ccECP aug-cc-pV6Z for H | source recipes/H/ccECP/H.aug-cc-pV6Z.gamess | ccECP from A. Annaberdiyev et al. Journal of Chemical Physics 149, 134108 (2018) https://doi.org/10.1063/1.5040472

  6
    0    1    2    3    4    5
    7    6    5    4    3    2
   14    6    5    4    3    2

   23.843185   10.212443    4.374164    2.212508    1.873529
    0.910834    0.802465    0.374967    0.343709    0.154365
    0.147217    0.063548    0.063055    0.026161

   0.00411490   0.00000000   0.00000000   0.00000000   0.00000000   0.00000000
   0.00000000
   0.01046440   0.00000000   0.00000000   0.00000000   0.00000000   0.00000000
   0.00000000
   0.02801110   0.00000000   0.00000000   0.00000000   0.00000000   0.00000000
   0.00000000
   0.00000000   0.00000000   0.00000000   0.00000000   0.00000000   0.00000000
   1.00000000
   0.07588620   0.00000000   0.00000000   0.00000000   0.00000000   0.00000000
   0.00000000
   0.00000000   0.00000000   0.00000000   0.00000000   0.00000000   1.00000000
   0.00000000
   0.18210620   0.00000000   0.00000000   0.00000000   0.00000000   0.00000000
   0.00000000
   0.00000000   0.00000000   0.00000000   0.00000000   1.00000000   0.00000000
   0.00000000
   0.34852140   0.00000000   0.00000000   0.00000000   0.00000000   0.00000000
   0.00000000
   0.00000000   0.00000000   0.00000000   1.00000000   0.00000000   0.00000000
   0.00000000
   0.37823130   0.00000000   0.00000000   0.00000000   0.00000000   0.00000000
   0.00000000
   0.00000000   0.00000000   1.00000000   0.00000000   0.00000000   0.00000000
   0.00000000
   0.11642410   0.00000000   0.00000000   0.00000000   0.00000000   0.00000000
   0.00000000
   0.00000000   1.00000000   0.00000000   0.00000000   0.00000000   0.00000000
   0.00000000

    9.300181    3.617762    1.407306    0.547441    0.212954
    0.082839

   0.00000000   0.00000000   0.00000000   0.00000000   0.00000000   1.00000000
   0.00000000   0.00000000   0.00000000   0.00000000   1.00000000   0.00000000
   0.00000000   0.00000000   0.00000000   1.00000000   0.00000000   0.00000000
   0.00000000   0.00000000   1.00000000   0.00000000   0.00000000   0.00000000
   0.00000000   1.00000000   0.00000000   0.00000000   0.00000000   0.00000000
   1.00000000   0.00000000   0.00000000   0.00000000   0.00000000   0.00000000

    4.735120    2.046970    0.884895    0.382536    0.165369

   0.00000000   0.00000000   0.00000000   0.00000000   1.00000000
   0.00000000   0.00000000   0.00000000   1.00000000   0.00000000
   0.00000000   0.00000000   1.00000000   0.00000000   0.00000000
   0.00000000   1.00000000   0.00000000   0.00000000   0.00000000
   1.00000000   0.00000000   0.00000000   0.00000000   0.00000000

    3.700834    1.745313    0.823089    0.388169

   0.00000000   0.00000000   0.00000000   1.00000000
   0.00000000   0.00000000   1.00000000   0.00000000
   0.00000000   1.00000000   0.00000000   0.00000000
   1.00000000   0.00000000   0.00000000   0.00000000

    4.616173    1.641642    0.583815

   0.00000000   0.00000000   1.00000000
   0.00000000   1.00000000   0.00000000
   1.00000000   0.00000000   0.00000000

    2.222276    0.888910

   0.00000000   1.00000000
   1.00000000   0.00000000

H:aug-cc-pVDZ-ccECP
ccECP aug-cc-pVDZ for H | source recipes/H/ccECP/H.aug-cc-pVDZ.gamess | ccECP from A. Annaberdiyev et al. Journal of Chemical Physics 149, 134108 (2018) https://doi.org/10.1063/1.5040472

  2
    0    1
    3    2
   10    2

   23.843185   10.212443    4.374164    1.873529    0.802465
    0.343709    0.147217    0.139013    0.063055    0.040680

   0.00411490   0.00000000   0.00000000
   0.01046440   0.00000000   0.00000000
   0.02801110   0.00000000   0.00000000
   0.07588620   0.00000000   0.00000000
   0.18210620   0.00000000   0.00000000
   0.34852140   0.00000000   0.00000000
   0.37823130   0.00000000   0.00000000
   0.00000000   0.00000000   1.00000000
   0.11642410   0.00000000   0.00000000
   0.00000000   1.00000000   0.00000000

    0.740212    0.166430

   0.00000000   1.00000000
   1.00000000   0.00000000

H:aug-cc-pVQZ-ccECP
ccECP aug-cc-pVQZ for H | source recipes/H/ccECP/H.aug-cc-pVQZ.gamess | ccECP from A. Annaberdiyev et al. Journal of Chemical Physics 149, 134108 (2018) https://doi.org/10.1063/1.5040472

  4
    0    1    2    3
    5    4    3    2
   12    4    3    2

   23.843185   10.212443    4.374164    1.873529    0.802465
    0.664673    0.343709    0.233254    0.147217    0.081856
    0.063055    0.028726

   0.00411490   0.00000000   0.00000000   0.00000000   0.00000000
   0.01046440   0.00000000   0.00000000   0.00000000   0.00000000
   0.02801110   0.00000000   0.00000000   0.00000000   0.00000000
   0.07588620   0.00000000   0.00000000   0.00000000   0.00000000
   0.18210620   0.00000000   0.00000000   0.00000000   0.00000000
   0.00000000   0.00000000   0.00000000   0.00000000   1.00000000
   0.34852140   0.00000000   0.00000000   0.00000000   0.00000000
   0.00000000   0.00000000   0.00000000   1.00000000   0.00000000
   0.37823130   0.00000000   0.00000000   0.00000000   0.00000000
   0.00000000   0.00000000   1.00000000   0.00000000   0.00000000
   0.11642410   0.00000000   0.00000000   0.00000000   0.00000000
   0.00000000   1.00000000   0.00000000   0.00000000   0.00000000

    2.522868    0.847159    0.284469    0.095522

   0.00000000   0.00000000   0.00000000   1.00000000
   0.00000000   0.00000000   1.00000000   0.00000000
   0.00000000   1.00000000   0.00000000   0.00000000
   1.00000000   0.00000000   0.00000000   0.00000000

    2.048739    0.665279    0.216033

   0.00000000   0.00000000   1.00000000
   0.00000000   1.00000000   0.00000000
   1.00000000   0.00000000   0.00000000

    1.421460    0.444647

   0.00000000   1.00000000
   1.00000000   0.00000000

H:aug-cc-pVTZ-ccECP
ccECP aug-cc-pVTZ for H | source recipes/H/ccECP/H.aug-cc-pVTZ.gamess | ccECP from A. Annaberdiyev et al. Journal of Chemical Physics 149, 134108 (2018) https://doi.org/10.1063/1.5040472

  3
    0    1    2
    4    3    2
   11    3    2

   23.843185   10.212443    4.374164    1.873529    0.802465
    0.343709    0.287637    0.147217    0.091791    0.063055
    0.029292

   0.00411490   0.00000000   0.00000000   0.00000000
   0.01046440   0.00000000   0.00000000   0.00000000
   0.02801110   0.00000000   0.00000000   0.00000000
   0.07588620   0.00000000   0.00000000   0.00000000
   0.18210620   0.00000000   0.00000000   0.00000000
   0.34852140   0.00000000   0.00000000   0.00000000
   0.00000000   0.00000000   0.00000000   1.00000000
   0.37823130   0.00000000   0.00000000   0.00000000
   0.00000000   0.00000000   1.00000000   0.00000000
   0.11642410   0.00000000   0.00000000   0.00000000
   0.00000000   1.00000000   0.00000000   0.00000000

    1.462694    0.393954    0.106105

   0.00000000   0.00000000   1.00000000
   0.00000000   1.00000000   0.00000000
   1.00000000   0.00000000   0.00000000

    1.065841    0.295883

   0.00000000   1.00000000
   1.00000000   0.00000000

H:cc-pV5Z-ccECP
ccECP cc-pV5Z for H | source recipes/H/ccECP/H.cc-pV5Z.gamess | ccECP from A. Annaberdiyev et al. Journal of Chemical Physics 149, 134108 (2018) https://doi.org/10.1063/1.5040472

  5
    0    1    2    3    4
    5    4    3    2    1
   12    4    3    2    1

   23.843185   10.212443    4.374164    1.873529    1.096959
    0.802465    0.434193    0.343709    0.171860    0.147217
    0.068025    0.063055

   0.00411490   0.00000000   0.00000000   0.00000000   0.00000000
   0.01046440   0.00000000   0.00000000   0.00000000   0.00000000
   0.02801110   0.00000000   0.00000000   0.00000000   0.00000000
   0.07588620   0.00000000   0.00000000   0.00000000   0.00000000
   0.00000000   0.00000000   0.00000000   0.00000000   1.00000000
   0.18210620   0.00000000   0.00000000   0.00000000   0.00000000
   0.00000000   0.00000000   0.00000000   1.00000000   0.00000000
   0.34852140   0.00000000   0.00000000   0.00000000   0.00000000
   0.00000000   0.00000000   1.00000000   0.00000000   0.00000000
   0.37823130   0.00000000   0.00000000   0.00000000   0.00000000
   0.00000000   1.00000000   0.00000000   0.00000000   0.00000000
   0.11642410   0.00000000   0.00000000   0.00000000   0.00000000

    4.695379    1.734949    0.641066    0.236875

   0.00000000   0.00000000   0.00000000   1.00000000
   0.00000000   0.00000000   1.00000000   0.00000000
   0.00000000   1.00000000   0.00000000   0.00000000
   1.00000000   0.00000000   0.00000000   0.00000000

    2.953168    1.155025    0.451746

   0.00000000   0.00000000   1.00000000
   0.00000000   1.00000000   0.00000000
   1.00000000   0.00000000   0.00000000

    2.968936    1.100898

   0.00000000   1.00000000
   1.00000000   0.00000000

    1.819850

   1.00000000

H:cc-pV6Z-ccECP
ccECP cc-pV6Z for H | source recipes/H/ccECP/H.cc-pV6Z.gamess | ccECP from A. Annaberdiyev et al. Journal of Chemical Physics 149, 134108 (2018) https://doi.org/10.1063/1.5040472

  6
    0    1    2    3    4    5
    6    5    4    3    2    1
   13    5    4    3    2    1

   23.843185   10.212443    4.374164    2.212508    1.873529
    0.910834    0.802465    0.374967    0.343709    0.154365
    0.147217    0.063548    0.063055

   0.00411490   0.00000000   0.00000000   0.00000000   0.00000000   0.00000000
   0.01046440   0.00000000   0.00000000   0.00000000   0.00000000   0.00000000
   0.02801110   0.00000000   0.00000000   0.00000000   0.00000000   0.00000000
   0.00000000   0.00000000   0.00000000   0.00000000   0.00000000   1.00000000
   0.07588620   0.00000000   0.00000000   0.00000000   0.00000000   0.00000000
   0.00000000   0.00000000   0.00000000   0.00000000   1.00000000   0.00000000
   0.18210620   0.00000000   0.00000000   0.00000000   0.00000000   0.00000000
   0.00000000   0.00000000   0.00000000   1.00000000   0.00000000   0.00000000
   0.34852140   0.00000000   0.00000000   0.00000000   0.00000000   0.00000000
   0.00000000   0.00000000   1.00000000   0.00000000   0.00000000   0.00000000
   0.37823130   0.00000000   0.00000000   0.00000000   0.00000000   0.00000000
   0.00000000   1.00000000   0.00000000   0.00000000   0.00000000   0.00000000
   0.11642410   0.00000000   0.00000000   0.00000000   0.00000000   0.00000000

    9.300181    3.617762    1.407306    0.547441    0.212954

   0.00000000   0.00000000   0.00000000   0.00000000   1.00000000
   0.00000000   0.00000000   0.00000000   1.00000000   0.00000000
   0.00000000   0.00000000   1.00000000   0.00000000   0.00000000
   0.00000000   1.00000000   0.00000000   0.00000000   0.00000000
   1.00000000   0.00000000   0.00000000   0.00000000   0.00000000

    4.735120    2.046970    0.884895    0.382536

   0.00000000   0.00000000   0.00000000   1.00000000
   0.00000000   0.00000000   1.00000000   0.00000000
   0.00000000   1.00000000   0.00000000   0.00000000
   1.00000000   0.00000000   0.00000000   0.00000000

    3.700834    1.745313    0.823089

   0.00000000   0.00000000   1.00000000
   0.00000000   1.00000000   0.00000000
   1.00000000   0.00000000   0.00000000

    4.616173    1.641642

   0.00000000   1.00000000
   1.00000000   0.00000000

    2.222276

   1.00000000

H:cc-pVDZ-ccECP
ccECP cc-pVDZ for H | source recipes/H/ccECP/H.cc-pVDZ.gamess | ccECP from A. Annaberdiyev et al. Journal of Chemical Physics 149, 134108 (2018) https://doi.org/10.1063/1.5040472

  2
    0    1
    2    1
    9    1

   23.843185   10.212443    4.374164    1.873529    0.802465
    0.343709    0.147217    0.139013    0.063055

   0.00411490   0.00000000
   0.01046440   0.00000000
   0.02801110   0.00000000
   0.07588620   0.00000000
   0.18210620   0.00000000
   0.34852140   0.00000000
   0.37823130   0.00000000
   0.00000000   1.00000000
   0.11642410   0.00000000

    0.740212

   1.00000000

H:cc-pVQZ-ccECP
ccECP cc-pVQZ for H | source recipes/H/ccECP/H.cc-pVQZ.gamess | ccECP from A. Annaberdiyev et al. Journal of Chemical Physics 149, 134108 (2018) https://doi.org/10.1063/1.5040472

  4
    0    1    2    3
    4    3    2    1
   11    3    2    1

   23.843185   10.212443    4.374164    1.873529    0.802465
    0.664673    0.343709    0.233254    0.147217    0.081856
    0.063055

   0.00411490   0.00000000   0.00000000   0.00000000
   0.01046440   0.00000000   0.00000000   0.00000000
   0.02801110   0.00000000   0.00000000   0.00000000
   0.07588620   0.00000000   0.00000000   0.00000000
   0.18210620   0.00000000   0.00000000   0.00000000
   0.00000000   0.00000000   0.00000000   1.00000000
   0.34852140   0.00000000   0.00000000   0.00000000
   0.00000000   0.00000000   1.00000000   0.00000000
   0.37823130   0.00000000   0.00000000   0.00000000
   0.00000000   1.00000000   0.00000000   0.00000000
   0.11642410   0.00000000   0.00000000   0.00000000

    2.522868    0.847159    0.284469

   0.00000000   0.00000000   1.00000000
   0.00000000   1.00000000   0.00000000
   1.00000000   0.00000000   0.00000000

    2.048739    0.665279

   0.00000000   1.00000000
   1.00000000   0.00000000

    1.421460

   1.00000000

H:cc-pVTZ-ccECP
ccECP cc-pVTZ for H | source recipes/H/ccECP/H.cc-pVTZ.gamess | ccECP from A. Annaberdiyev et al. Journal of Chemical Physics 149, 134108 (2018) https://doi.org/10.1063/1.5040472

  3
    0    1    2
    3    2    1
   10    2    1

   23.843185   10.212443    4.374164    1.873529    0.802465
    0.343709    0.287637    0.147217    0.091791    0.063055

   0.00411490   0.00000000   0.00000000
   0.01046440   0.00000000   0.00000000
   0.02801110   0.00000000   0.00000000
   0.07588620   0.00000000   0.00000000
   0.18210620   0.00000000   0.00000000
   0.34852140   0.00000000   0.00000000
   0.00000000   0.00000000   1.00000000
   0.37823130   0.00000000   0.00000000
   0.00000000   1.00000000   0.00000000
   0.11642410   0.00000000   0.00000000

    1.462694    0.393954

   0.00000000   1.00000000
   1.00000000   0.00000000

    1.065841

   1.00000000

