
Na:aug-cc-pV5Z-ccECP
ccECP aug-cc-pV5Z for Na | source recipes/Na/ccECP/Na.aug-cc-pV5Z.gamess | ccECP from Chandler Bennett et al. Journal of Chemical Physics 149, 104108 (2018) https://doi.org/10.1063/1.5038135

  6
    0    1    2    3    4    5
    6    6    5    4    3    2
   15   15    5    4    3    2

   22.091548    9.660603    4.224568    1.847398    0.807864
    0.353278    0.154488    0.136918    0.067557    0.067106
    0.032890    0.029543    0.016120    0.012919    0.007901

   -0.00006400    0.00000000    0.00000000    0.00000000    0.00000000
    0.00000000
    0.00045200    0.00000000    0.00000000    0.00000000    0.00000000
    0.00000000
   -0.00261600    0.00000000    0.00000000    0.00000000    0.00000000
    0.00000000
    0.02430900    0.00000000    0.00000000    0.00000000    0.00000000
    0.00000000
   -0.09998900    0.00000000    0.00000000    0.00000000    0.00000000
    0.00000000
   -0.10980100    0.00000000    0.00000000    0.00000000    0.00000000
    0.00000000
    0.03299300    0.00000000    0.00000000    0.00000000    0.00000000
    0.00000000
    0.00000000    0.00000000    0.00000000    0.00000000    0.00000000
    1.00000000
    0.37763000    0.00000000    0.00000000    0.00000000    0.00000000
    0.00000000
    0.00000000    0.00000000    0.00000000    0.00000000    1.00000000
    0.00000000
    0.00000000    0.00000000    0.00000000    1.00000000    0.00000000
    0.00000000
    0.40045900    0.00000000    0.00000000    0.00000000    0.00000000
    0.00000000
    0.00000000    0.00000000    1.00000000    0.00000000    0.00000000
    0.00000000
    0.07245300    0.00000000    0.00000000    0.00000000    0.00000000
    0.00000000
    0.00000000    1.00000000    0.00000000    0.00000000    0.00000000
    0.00000000

    9.294210    4.233556    1.928405    0.878398    0.400114
    0.182254    0.169614    0.083018    0.072816    0.037815
    0.031260    0.017225    0.013420    0.007846    0.005761

    0.00001100    0.00000000    0.00000000    0.00000000    0.00000000
    0.00000000
   -0.00008100    0.00000000    0.00000000    0.00000000    0.00000000
    0.00000000
    0.00095500    0.00000000    0.00000000    0.00000000    0.00000000
    0.00000000
   -0.00627800    0.00000000    0.00000000    0.00000000    0.00000000
    0.00000000
   -0.00916500    0.00000000    0.00000000    0.00000000    0.00000000
    0.00000000
    0.01121400    0.00000000    0.00000000    0.00000000    0.00000000
    0.00000000
    0.00000000    0.00000000    0.00000000    0.00000000    0.00000000
    1.00000000
    0.06407600    0.00000000    0.00000000    0.00000000    0.00000000
    0.00000000
    0.00000000    0.00000000    0.00000000    0.00000000    1.00000000
    0.00000000
    0.02733600    0.00000000    0.00000000    0.00000000    0.00000000
    0.00000000
    0.00000000    0.00000000    0.00000000    1.00000000    0.00000000
    0.00000000
    0.02760300    0.00000000    0.00000000    0.00000000    0.00000000
    0.00000000
    0.00000000    0.00000000    1.00000000    0.00000000    0.00000000
    0.00000000
   -0.00537400    0.00000000    0.00000000    0.00000000    0.00000000
    0.00000000
    0.00000000    1.00000000    0.00000000    0.00000000    0.00000000
    0.00000000

    0.272892    0.153640    0.086500    0.048700    0.027418

    0.00000000    0.00000000    0.00000000    0.00000000    1.00000000
    0.00000000    0.00000000    0.00000000    1.00000000    0.00000000
    0.00000000    0.00000000    1.00000000    0.00000000    0.00000000
    0.00000000    1.00000000    0.00000000    0.00000000    0.00000000
    1.00000000    0.00000000    0.00000000    0.00000000    0.00000000

    0.352871    0.191200    0.103600    0.056135

    0.00000000    0.00000000    0.00000000    1.00000000
    0.00000000    0.00000000    1.00000000    0.00000000
    0.00000000    1.00000000    0.00000000    0.00000000
    1.00000000    0.00000000    0.00000000    0.00000000

    0.425000    0.172200    0.069771

    0.00000000    0.00000000    1.00000000
    0.00000000    1.00000000    0.00000000
    1.00000000    0.00000000    0.00000000

    0.200000    0.080000

    0.00000000    1.00000000
    1.00000000    0.00000000

Na:aug-cc-pVDZ-ccECP
ccECP aug-cc-pVDZ for Na | source recipes/Na/ccECP/Na.aug-cc-pVDZ.gamess | ccECP from Chandler Bennett et al. Journal of Chemical Physics 149, 104108 (2018) https://doi.org/10.1063/1.5038135

  3
    0    1    2
    3    3    2
   12   12    2

   22.091548    9.660603    4.224568    1.847398    0.807864
    0.353278    0.154488    0.067557    0.065057    0.029543
    0.026027    0.012919

   -0.00006400    0.00000000    0.00000000
    0.00045200    0.00000000    0.00000000
   -0.00261600    0.00000000    0.00000000
    0.02430900    0.00000000    0.00000000
   -0.09998900    0.00000000    0.00000000
   -0.10980100    0.00000000    0.00000000
    0.03299300    0.00000000    0.00000000
    0.37763000    0.00000000    0.00000000
    0.00000000    1.00000000    0.00000000
    0.40045900    0.00000000    0.00000000
    0.00000000    0.00000000    1.00000000
    0.07245300    0.00000000    0.00000000

    9.294210    4.233556    1.928405    0.878398    0.400114
    0.182254    0.085299    0.083018    0.037815    0.034129
    0.017225    0.007846

    0.00001100    0.00000000    0.00000000
   -0.00008100    0.00000000    0.00000000
    0.00095500    0.00000000    0.00000000
   -0.00627800    0.00000000    0.00000000
   -0.00916500    0.00000000    0.00000000
    0.01121400    0.00000000    0.00000000
    0.00000000    1.00000000    0.00000000
    0.06407600    0.00000000    0.00000000
    0.02733600    0.00000000    0.00000000
    0.00000000    0.00000000    1.00000000
    0.02760300    0.00000000    0.00000000
   -0.00537400    0.00000000    0.00000000

    0.117459    0.046975

    1.00000000    0.00000000
    0.00000000    1.00000000

Na:aug-cc-pVQZ-ccECP
ccECP aug-cc-pVQZ for Na | source recipes/Na/ccECP/Na.aug-cc-pVQZ.gamess | ccECP from Chandler Bennett et al. Journal of Chemical Physics 149, 104108 (2018) https://doi.org/10.1063/1.5038135

  5
    0    1    2    3    4
    5    5    4    3    2
   14   14    4    3    2

   22.091548    9.660603    4.224568    1.847398    0.807864
    0.353278    0.154488    0.091224    0.067557    0.044699
    0.029543    0.021902    0.012919    0.010732

   -0.00006400    0.00000000    0.00000000    0.00000000    0.00000000
    0.00045200    0.00000000    0.00000000    0.00000000    0.00000000
   -0.00261600    0.00000000    0.00000000    0.00000000    0.00000000
    0.02430900    0.00000000    0.00000000    0.00000000    0.00000000
   -0.09998900    0.00000000    0.00000000    0.00000000    0.00000000
   -0.10980100    0.00000000    0.00000000    0.00000000    0.00000000
    0.03299300    0.00000000    0.00000000    0.00000000    0.00000000
    0.00000000    0.00000000    0.00000000    0.00000000    1.00000000
    0.37763000    0.00000000    0.00000000    0.00000000    0.00000000
    0.00000000    0.00000000    0.00000000    1.00000000    0.00000000
    0.40045900    0.00000000    0.00000000    0.00000000    0.00000000
    0.00000000    0.00000000    1.00000000    0.00000000    0.00000000
    0.07245300    0.00000000    0.00000000    0.00000000    0.00000000
    0.00000000    1.00000000    0.00000000    0.00000000    0.00000000

    9.294210    4.233556    1.928405    0.878398    0.400114
    0.182254    0.120755    0.083018    0.051828    0.037815
    0.022245    0.017225    0.009547    0.007846

    0.00001100    0.00000000    0.00000000    0.00000000    0.00000000
   -0.00008100    0.00000000    0.00000000    0.00000000    0.00000000
    0.00095500    0.00000000    0.00000000    0.00000000    0.00000000
   -0.00627800    0.00000000    0.00000000    0.00000000    0.00000000
   -0.00916500    0.00000000    0.00000000    0.00000000    0.00000000
    0.01121400    0.00000000    0.00000000    0.00000000    0.00000000
    0.00000000    0.00000000    0.00000000    0.00000000    1.00000000
    0.06407600    0.00000000    0.00000000    0.00000000    0.00000000
    0.00000000    0.00000000    0.00000000    1.00000000    0.00000000
    0.02733600    0.00000000    0.00000000    0.00000000    0.00000000
    0.00000000    0.00000000    1.00000000    0.00000000    0.00000000
    0.02760300    0.00000000    0.00000000    0.00000000    0.00000000
    0.00000000    1.00000000    0.00000000    0.00000000    0.00000000
   -0.00537400    0.00000000    0.00000000    0.00000000    0.00000000

    0.165341    0.093077    0.052397    0.029496

    0.00000000    0.00000000    0.00000000    1.00000000
    0.00000000    0.00000000    1.00000000    0.00000000
    0.00000000    1.00000000    0.00000000    0.00000000
    1.00000000    0.00000000    0.00000000    0.00000000

    0.190793    0.103375    0.056011

    0.00000000    0.00000000    1.00000000
    0.00000000    1.00000000    0.00000000
    1.00000000    0.00000000    0.00000000

    0.173274    0.069310

    0.00000000    1.00000000
    1.00000000    0.00000000

Na:aug-cc-pVTZ-ccECP
ccECP aug-cc-pVTZ for Na | source recipes/Na/ccECP/Na.aug-cc-pVTZ.gamess | ccECP from Chandler Bennett et al. Journal of Chemical Physics 149, 104108 (2018) https://doi.org/10.1063/1.5038135

  4
    0    1    2    3
    4    4    3    2
   13   13    3    2

   22.091548    9.660603    4.224568    1.847398    0.807864
    0.353278    0.154488    0.137621    0.067557    0.055057
    0.029543    0.022026    0.012919

   -0.00006400    0.00000000    0.00000000    0.00000000
    0.00045200    0.00000000    0.00000000    0.00000000
   -0.00261600    0.00000000    0.00000000    0.00000000
    0.02430900    0.00000000    0.00000000    0.00000000
   -0.09998900    0.00000000    0.00000000    0.00000000
   -0.10980100    0.00000000    0.00000000    0.00000000
    0.03299300    0.00000000    0.00000000    0.00000000
    0.00000000    0.00000000    0.00000000    1.00000000
    0.37763000    0.00000000    0.00000000    0.00000000
    0.00000000    0.00000000    1.00000000    0.00000000
    0.40045900    0.00000000    0.00000000    0.00000000
    0.00000000    1.00000000    0.00000000    0.00000000
    0.07245300    0.00000000    0.00000000    0.00000000

    9.294210    4.233556    1.928405    0.878398    0.400114
    0.188193    0.182254    0.083018    0.075299    0.037815
    0.030128    0.017225    0.007846

    0.00001100    0.00000000    0.00000000    0.00000000
   -0.00008100    0.00000000    0.00000000    0.00000000
    0.00095500    0.00000000    0.00000000    0.00000000
   -0.00627800    0.00000000    0.00000000    0.00000000
   -0.00916500    0.00000000    0.00000000    0.00000000
    0.00000000    0.00000000    0.00000000    1.00000000
    0.01121400    0.00000000    0.00000000    0.00000000
    0.06407600    0.00000000    0.00000000    0.00000000
    0.00000000    0.00000000    1.00000000    0.00000000
    0.02733600    0.00000000    0.00000000    0.00000000
    0.00000000    1.00000000    0.00000000    0.00000000
    0.02760300    0.00000000    0.00000000    0.00000000
   -0.00537400    0.00000000    0.00000000    0.00000000

    0.293702    0.117459    0.046975

    0.00000000    0.00000000    1.00000000
    0.00000000    1.00000000    0.00000000
    1.00000000    0.00000000    0.00000000

    0.139700    0.055880

    0.00000000    1.00000000
    1.00000000    0.00000000

Na:cc-pV5Z-ccECP
ccECP cc-pV5Z for Na | source recipes/Na/ccECP/Na.cc-pV5Z.gamess | ccECP from Chandler Bennett et al. Journal of Chemical Physics 149, 104108 (2018) https://doi.org/10.1063/1.5038135

  6
    0    1    2    3    4    5
    5    5    4    3    2    1
   14   14    4    3    2    1

   22.091548    9.660603    4.224568    1.847398    0.807864
    0.353278    0.154488    0.136918    0.067557    0.067106
    0.032890    0.029543    0.016120    0.012919

   -0.00006400    0.00000000    0.00000000    0.00000000    0.00000000
    0.00045200    0.00000000    0.00000000    0.00000000    0.00000000
   -0.00261600    0.00000000    0.00000000    0.00000000    0.00000000
    0.02430900    0.00000000    0.00000000    0.00000000    0.00000000
   -0.09998900    0.00000000    0.00000000    0.00000000    0.00000000
   -0.10980100    0.00000000    0.00000000    0.00000000    0.00000000
    0.03299300    0.00000000    0.00000000    0.00000000    0.00000000
    0.00000000    0.00000000    0.00000000    0.00000000    1.00000000
    0.37763000    0.00000000    0.00000000    0.00000000    0.00000000
    0.00000000    0.00000000    0.00000000    1.00000000    0.00000000
    0.00000000    0.00000000    1.00000000    0.00000000    0.00000000
    0.40045900    0.00000000    0.00000000    0.00000000    0.00000000
    0.00000000    1.00000000    0.00000000    0.00000000    0.00000000
    0.07245300    0.00000000    0.00000000    0.00000000    0.00000000

    9.294210    4.233556    1.928405    0.878398    0.400114
    0.182254    0.169614    0.083018    0.072816    0.037815
    0.031260    0.017225    0.013420    0.007846

    0.00001100    0.00000000    0.00000000    0.00000000    0.00000000
   -0.00008100    0.00000000    0.00000000    0.00000000    0.00000000
    0.00095500    0.00000000    0.00000000    0.00000000    0.00000000
   -0.00627800    0.00000000    0.00000000    0.00000000    0.00000000
   -0.00916500    0.00000000    0.00000000    0.00000000    0.00000000
    0.01121400    0.00000000    0.00000000    0.00000000    0.00000000
    0.00000000    0.00000000    0.00000000    0.00000000    1.00000000
    0.06407600    0.00000000    0.00000000    0.00000000    0.00000000
    0.00000000    0.00000000    0.00000000    1.00000000    0.00000000
    0.02733600    0.00000000    0.00000000    0.00000000    0.00000000
    0.00000000    0.00000000    1.00000000    0.00000000    0.00000000
    0.02760300    0.00000000    0.00000000    0.00000000    0.00000000
    0.00000000    1.00000000    0.00000000    0.00000000    0.00000000
   -0.00537400    0.00000000    0.00000000    0.00000000    0.00000000

    0.272892    0.153640    0.086500    0.048700

    0.00000000    0.00000000    0.00000000    1.00000000
    0.00000000    0.00000000    1.00000000    0.00000000
    0.00000000    1.00000000    0.00000000    0.00000000
    1.00000000    0.00000000    0.00000000    0.00000000

    0.352871    0.191200    0.103600

    0.00000000    0.00000000    1.00000000
    0.00000000    1.00000000    0.00000000
    1.00000000    0.00000000    0.00000000

    0.425000    0.172200

    0.00000000    1.00000000
    1.00000000    0.00000000

    0.200000

    1.00000000

Na:cc-pVDZ-ccECP
ccECP cc-pVDZ for Na | source recipes/Na/ccECP/Na.cc-pVDZ.gamess | ccECP from Chandler Bennett et al. Journal of Chemical Physics 149, 104108 (2018) https://doi.org/10.1063/1.5038135

  3
    0    1    2
    2    2    1
   11   11    1

   22.091548    9.660603    4.224568    1.847398    0.807864
    0.353278    0.154488    0.120857    0.067557    0.029543
    0.012919

   -0.00006400    0.00000000
    0.00045200    0.00000000
   -0.00261600    0.00000000
    0.02430900    0.00000000
   -0.09998900    0.00000000
   -0.10980100    0.00000000
    0.03299300    0.00000000
    0.00000000    1.00000000
    0.37763000    0.00000000
    0.40045900    0.00000000
    0.07245300    0.00000000

    9.294210    4.233556    1.928405    0.878398    0.400114
    0.182254    0.083018    0.070941    0.037815    0.017225
    0.007846

    0.00001100    0.00000000
   -0.00008100    0.00000000
    0.00095500    0.00000000
   -0.00627800    0.00000000
   -0.00916500    0.00000000
    0.01121400    0.00000000
    0.06407600    0.00000000
    0.00000000    1.00000000
    0.02733600    0.00000000
    0.02760300    0.00000000
   -0.00537400    0.00000000

    0.085542

    1.00000000

Na:cc-pVQZ-ccECP
ccECP cc-pVQZ for Na | source recipes/Na/ccECP/Na.cc-pVQZ.gamess | ccECP from Chandler Bennett et al. Journal of Chemical Physics 149, 104108 (2018) https://doi.org/10.1063/1.5038135

  5
    0    1    2    3    4
    4    4    3    2    1
   13   13    3    2    1

   22.091548    9.660603    4.224568    1.847398    0.807864
    0.353278    0.154488    0.067557    0.067106    0.032890
    0.029543    0.016120    0.012919

   -0.00006400    0.00000000    0.00000000    0.00000000
    0.00045200    0.00000000    0.00000000    0.00000000
   -0.00261600    0.00000000    0.00000000    0.00000000
    0.02430900    0.00000000    0.00000000    0.00000000
   -0.09998900    0.00000000    0.00000000    0.00000000
   -0.10980100    0.00000000    0.00000000    0.00000000
    0.03299300    0.00000000    0.00000000    0.00000000
    0.37763000    0.00000000    0.00000000    0.00000000
    0.00000000    0.00000000    0.00000000    1.00000000
    0.00000000    0.00000000    1.00000000    0.00000000
    0.40045900    0.00000000    0.00000000    0.00000000
    0.00000000    1.00000000    0.00000000    0.00000000
    0.07245300    0.00000000    0.00000000    0.00000000

    9.294210    4.233556    1.928405    0.878398    0.400114
    0.182254    0.083018    0.072816    0.037815    0.031260
    0.017225    0.013420    0.007846

    0.00001100    0.00000000    0.00000000    0.00000000
   -0.00008100    0.00000000    0.00000000    0.00000000
    0.00095500    0.00000000    0.00000000    0.00000000
   -0.00627800    0.00000000    0.00000000    0.00000000
   -0.00916500    0.00000000    0.00000000    0.00000000
    0.01121400    0.00000000    0.00000000    0.00000000
    0.06407600    0.00000000    0.00000000    0.00000000
    0.00000000    0.00000000    0.00000000    1.00000000
    0.02733600    0.00000000    0.00000000    0.00000000
    0.00000000    0.00000000    1.00000000    0.00000000
    0.02760300    0.00000000    0.00000000    0.00000000
    0.00000000    1.00000000    0.00000000    0.00000000
   -0.00537400    0.00000000    0.00000000    0.00000000

    0.153640    0.086500    0.048700

    0.00000000    0.00000000    1.00000000
    0.00000000    1.00000000    0.00000000
    1.00000000    0.00000000    0.00000000

    0.191200    0.103600

    0.00000000    1.00000000
    1.00000000    0.00000000

    0.172200

    1.00000000

Na:cc-pVTZ-ccECP
ccECP cc-pVTZ for Na | source recipes/Na/ccECP/Na.cc-pVTZ.gamess | ccECP from Chandler Bennett et al. Journal of Chemical Physics 149, 104108 (2018) https://doi.org/10.1063/1.5038135

  4
    0    1    2    3
    3    3    2    1
   12   12    2    1

   22.091548    9.660603    4.224568    1.847398    0.807864
    0.454000    0.353278    0.154488    0.067557    0.029543
    0.023820    0.012919

   -0.00006400    0.00000000    0.00000000
    0.00045200    0.00000000    0.00000000
   -0.00261600    0.00000000    0.00000000
    0.02430900    0.00000000    0.00000000
   -0.09998900    0.00000000    0.00000000
    0.00000000    0.00000000    1.00000000
   -0.10980100    0.00000000    0.00000000
    0.03299300    0.00000000    0.00000000
    0.37763000    0.00000000    0.00000000
    0.40045900    0.00000000    0.00000000
    0.00000000    1.00000000    0.00000000
    0.07245300    0.00000000    0.00000000

    9.294210    4.233556    1.928405    0.878398    0.400114
    0.182254    0.083018    0.037815    0.037340    0.017225
    0.015000    0.007846

    0.00001100    0.00000000    0.00000000
   -0.00008100    0.00000000    0.00000000
    0.00095500    0.00000000    0.00000000
   -0.00627800    0.00000000    0.00000000
   -0.00916500    0.00000000    0.00000000
    0.01121400    0.00000000    0.00000000
    0.06407600    0.00000000    0.00000000
    0.02733600    0.00000000    0.00000000
    0.00000000    0.00000000    1.00000000
    0.02760300    0.00000000    0.00000000
    0.00000000    1.00000000    0.00000000
   -0.00537400    0.00000000    0.00000000

    0.136700    0.063600

    0.00000000    1.00000000
    1.00000000    0.00000000

    0.139700

    1.00000000

