
B:aug-cc-pV5Z-ccECP
ccECP aug-cc-pV5Z for B | source recipes/B/ccECP/B.aug-cc-pV5Z.gamess | ccECP from Chandler Bennett et al. Journal of Chemical Physics 147, 224106 (2017) https://doi.org/10.1063/1.4995643

  6
    0    1    2    3    4    5
    6    6    5    4    3    2
   14   14    5    4    3    2

   11.760500    5.150520    2.578276    1.290648    0.646080
    0.614105    0.375720    0.323418    0.170896    0.161898
    0.081044    0.070664    0.040569    0.028266

   -0.00367570    0.00000000    0.00000000    0.00000000    0.00000000
    0.00000000
    0.02505170    0.00000000    0.00000000    0.00000000    0.00000000
    0.00000000
   -0.12492280    0.00000000    0.00000000    0.00000000    0.00000000
    0.00000000
   -0.06628740    0.00000000    0.00000000    0.00000000    0.00000000
    0.00000000
    0.10073410    0.00000000    0.00000000    0.00000000    0.00000000
    0.00000000
    0.00000000    1.00000000    0.00000000    0.00000000    0.00000000
    0.00000000
    0.00000000    0.00000000    1.00000000    0.00000000    0.00000000
    0.00000000
    0.33754920    0.00000000    0.00000000    0.00000000    0.00000000
    0.00000000
    0.00000000    0.00000000    0.00000000    1.00000000    0.00000000
    0.00000000
    0.43084310    0.00000000    0.00000000    0.00000000    0.00000000
    0.00000000
    0.24865580    0.00000000    0.00000000    0.00000000    0.00000000
    0.00000000
    0.00000000    0.00000000    0.00000000    0.00000000    1.00000000
    0.00000000
    0.03172950    0.00000000    0.00000000    0.00000000    0.00000000
    0.00000000
    0.00000000    0.00000000    0.00000000    0.00000000    0.00000000
    1.00000000

    7.470701    3.735743    1.868068    0.934132    0.566611
    0.467115    0.436327    0.233582    0.143772    0.116803
    0.058408    0.057917    0.029207    0.023167

    0.00473970    0.00000000    0.00000000    0.00000000    0.00000000
    0.00000000
    0.03760090    0.00000000    0.00000000    0.00000000    0.00000000
    0.00000000
    0.05106000    0.00000000    0.00000000    0.00000000    0.00000000
    0.00000000
    0.14565870    0.00000000    0.00000000    0.00000000    0.00000000
    0.00000000
    0.00000000    1.00000000    0.00000000    0.00000000    0.00000000
    0.00000000
    0.22379330    0.00000000    0.00000000    0.00000000    0.00000000
    0.00000000
    0.00000000    0.00000000    1.00000000    0.00000000    0.00000000
    0.00000000
    0.31994670    0.00000000    0.00000000    0.00000000    0.00000000
    0.00000000
    0.00000000    0.00000000    0.00000000    1.00000000    0.00000000
    0.00000000
    0.28501850    0.00000000    0.00000000    0.00000000    0.00000000
    0.00000000
    0.14488080    0.00000000    0.00000000    0.00000000    0.00000000
    0.00000000
    0.00000000    0.00000000    0.00000000    0.00000000    1.00000000
    0.00000000
    0.01769620    0.00000000    0.00000000    0.00000000    0.00000000
    0.00000000
    0.00000000    0.00000000    0.00000000    0.00000000    0.00000000
    1.00000000

    1.022256    0.808233    0.380163    0.134838    0.053935

    1.00000000    0.00000000    0.00000000    0.00000000    0.00000000
    0.00000000    1.00000000    0.00000000    0.00000000    0.00000000
    0.00000000    0.00000000    1.00000000    0.00000000    0.00000000
    0.00000000    0.00000000    0.00000000    1.00000000    0.00000000
    0.00000000    0.00000000    0.00000000    0.00000000    1.00000000

    1.002171    0.799174    0.272717    0.109087

    1.00000000    0.00000000    0.00000000    0.00000000
    0.00000000    1.00000000    0.00000000    0.00000000
    0.00000000    0.00000000    1.00000000    0.00000000
    0.00000000    0.00000000    0.00000000    1.00000000

    0.824366    0.486131    0.194452

    1.00000000    0.00000000    0.00000000
    0.00000000    1.00000000    0.00000000
    0.00000000    0.00000000    1.00000000

    0.632779    0.253112

    1.00000000    0.00000000
    0.00000000    1.00000000

B:aug-cc-pV6Z-ccECP
ccECP aug-cc-pV6Z for B | source recipes/B/ccECP/B.aug-cc-pV6Z.gamess | ccECP from Chandler Bennett et al. Journal of Chemical Physics 147, 224106 (2017) https://doi.org/10.1063/1.4995643

  7
    0    1    2    3    4    5    6
    7    7    6    5    4    3    2
   15   15    6    5    4    3    2

   11.760500    5.150520    2.578276    2.519425    1.290648
    0.820708    0.646080    0.338547    0.323418    0.165446
    0.161898    0.081044    0.066915    0.040569    0.026766

   -0.00367570    0.00000000    0.00000000    0.00000000    0.00000000
    0.00000000    0.00000000
    0.02505170    0.00000000    0.00000000    0.00000000    0.00000000
    0.00000000    0.00000000
   -0.12492280    0.00000000    0.00000000    0.00000000    0.00000000
    0.00000000    0.00000000
    0.00000000    0.00000000    0.00000000    0.00000000    0.00000000
    0.00000000    1.00000000
   -0.06628740    0.00000000    0.00000000    0.00000000    0.00000000
    0.00000000    0.00000000
    0.00000000    0.00000000    0.00000000    0.00000000    0.00000000
    1.00000000    0.00000000
    0.10073410    0.00000000    0.00000000    0.00000000    0.00000000
    0.00000000    0.00000000
    0.00000000    0.00000000    0.00000000    0.00000000    1.00000000
    0.00000000    0.00000000
    0.33754920    0.00000000    0.00000000    0.00000000    0.00000000
    0.00000000    0.00000000
    0.00000000    0.00000000    0.00000000    1.00000000    0.00000000
    0.00000000    0.00000000
    0.43084310    0.00000000    0.00000000    0.00000000    0.00000000
    0.00000000    0.00000000
    0.24865580    0.00000000    0.00000000    0.00000000    0.00000000
    0.00000000    0.00000000
    0.00000000    0.00000000    1.00000000    0.00000000    0.00000000
    0.00000000    0.00000000
    0.03172950    0.00000000    0.00000000    0.00000000    0.00000000
    0.00000000    0.00000000
    0.00000000    1.00000000    0.00000000    0.00000000    0.00000000
    0.00000000    0.00000000

    7.470701    3.735743    1.868068    0.934132    0.913979
    0.728159    0.467115    0.282933    0.233582    0.133676
    0.116803    0.058408    0.053986    0.029207    0.021594

    0.00473970    0.00000000    0.00000000    0.00000000    0.00000000
    0.00000000    0.00000000
    0.03760090    0.00000000    0.00000000    0.00000000    0.00000000
    0.00000000    0.00000000
    0.05106000    0.00000000    0.00000000    0.00000000    0.00000000
    0.00000000    0.00000000
    0.14565870    0.00000000    0.00000000    0.00000000    0.00000000
    0.00000000    0.00000000
    0.00000000    0.00000000    0.00000000    0.00000000    0.00000000
    0.00000000    1.00000000
    0.00000000    0.00000000    0.00000000    0.00000000    0.00000000
    1.00000000    0.00000000
    0.22379330    0.00000000    0.00000000    0.00000000    0.00000000
    0.00000000    0.00000000
    0.00000000    0.00000000    0.00000000    0.00000000    1.00000000
    0.00000000    0.00000000
    0.31994670    0.00000000    0.00000000    0.00000000    0.00000000
    0.00000000    0.00000000
    0.00000000    0.00000000    0.00000000    1.00000000    0.00000000
    0.00000000    0.00000000
    0.28501850    0.00000000    0.00000000    0.00000000    0.00000000
    0.00000000    0.00000000
    0.14488080    0.00000000    0.00000000    0.00000000    0.00000000
    0.00000000    0.00000000
    0.00000000    0.00000000    1.00000000    0.00000000    0.00000000
    0.00000000    0.00000000
    0.01769620    0.00000000    0.00000000    0.00000000    0.00000000
    0.00000000    0.00000000
    0.00000000    1.00000000    0.00000000    0.00000000    0.00000000
    0.00000000    0.00000000

    2.880570    1.152640    0.666330    0.293309    0.115640
    0.046256

    0.00000000    0.00000000    0.00000000    0.00000000    0.00000000
    1.00000000
    0.00000000    0.00000000    0.00000000    0.00000000    1.00000000
    0.00000000
    0.00000000    0.00000000    0.00000000    1.00000000    0.00000000
    0.00000000
    0.00000000    0.00000000    1.00000000    0.00000000    0.00000000
    0.00000000
    0.00000000    1.00000000    0.00000000    0.00000000    0.00000000
    0.00000000
    1.00000000    0.00000000    0.00000000    0.00000000    0.00000000
    0.00000000

    1.499448    0.915789    0.448415    0.192532    0.077013

    0.00000000    0.00000000    0.00000000    0.00000000    1.00000000
    0.00000000    0.00000000    0.00000000    1.00000000    0.00000000
    0.00000000    0.00000000    1.00000000    0.00000000    0.00000000
    0.00000000    1.00000000    0.00000000    0.00000000    0.00000000
    1.00000000    0.00000000    0.00000000    0.00000000    0.00000000

    1.473809    0.859573    0.372788    0.149115

    0.00000000    0.00000000    0.00000000    1.00000000
    0.00000000    0.00000000    1.00000000    0.00000000
    0.00000000    1.00000000    0.00000000    0.00000000
    1.00000000    0.00000000    0.00000000    0.00000000

    1.271399    0.583223    0.233289

    0.00000000    0.00000000    1.00000000
    0.00000000    1.00000000    0.00000000
    1.00000000    0.00000000    0.00000000

    0.969919    0.387968

    0.00000000    1.00000000
    1.00000000    0.00000000

B:aug-cc-pVDZ-ccECP
ccECP aug-cc-pVDZ for B | source recipes/B/ccECP/B.aug-cc-pVDZ.gamess | ccECP from Chandler Bennett et al. Journal of Chemical Physics 147, 224106 (2017) https://doi.org/10.1063/1.4995643

  3
    0    1    2
    3    3    2
   11   11    2

   11.760500    5.150520    2.578276    1.290648    0.646080
    0.323418    0.161898    0.082513    0.081044    0.040569
    0.033005

   -0.00367570    0.00000000    0.00000000
    0.02505170    0.00000000    0.00000000
   -0.12492280    0.00000000    0.00000000
   -0.06628740    0.00000000    0.00000000
    0.10073410    0.00000000    0.00000000
    0.33754920    0.00000000    0.00000000
    0.43084310    0.00000000    0.00000000
    0.00000000    1.00000000    0.00000000
    0.24865580    0.00000000    0.00000000
    0.03172950    0.00000000    0.00000000
    0.00000000    0.00000000    1.00000000

    7.470701    3.735743    1.868068    0.934132    0.467115
    0.233582    0.116803    0.086803    0.058408    0.034721
    0.029207

    0.00473970    0.00000000    0.00000000
    0.03760090    0.00000000    0.00000000
    0.05106000    0.00000000    0.00000000
    0.14565870    0.00000000    0.00000000
    0.22379330    0.00000000    0.00000000
    0.31994670    0.00000000    0.00000000
    0.28501850    0.00000000    0.00000000
    0.00000000    1.00000000    0.00000000
    0.14488080    0.00000000    0.00000000
    0.00000000    0.00000000    1.00000000
    0.01769620    0.00000000    0.00000000

    0.349879    0.139952

    1.00000000    0.00000000
    0.00000000    1.00000000

B:aug-cc-pVQZ-ccECP
ccECP aug-cc-pVQZ for B | source recipes/B/ccECP/B.aug-cc-pVQZ.gamess | ccECP from Chandler Bennett et al. Journal of Chemical Physics 147, 224106 (2017) https://doi.org/10.1063/1.4995643

  5
    0    1    2    3    4
    5    5    4    3    2
   13   13    4    3    2

   11.760500    5.150520    2.578276    1.290648    0.646080
    0.422217    0.323418    0.305133    0.161898    0.082968
    0.081044    0.040569    0.033187

   -0.00367570    0.00000000    0.00000000    0.00000000    0.00000000
    0.02505170    0.00000000    0.00000000    0.00000000    0.00000000
   -0.12492280    0.00000000    0.00000000    0.00000000    0.00000000
   -0.06628740    0.00000000    0.00000000    0.00000000    0.00000000
    0.10073410    0.00000000    0.00000000    0.00000000    0.00000000
    0.00000000    1.00000000    0.00000000    0.00000000    0.00000000
    0.33754920    0.00000000    0.00000000    0.00000000    0.00000000
    0.00000000    0.00000000    1.00000000    0.00000000    0.00000000
    0.43084310    0.00000000    0.00000000    0.00000000    0.00000000
    0.00000000    0.00000000    0.00000000    1.00000000    0.00000000
    0.24865580    0.00000000    0.00000000    0.00000000    0.00000000
    0.03172950    0.00000000    0.00000000    0.00000000    0.00000000
    0.00000000    0.00000000    0.00000000    0.00000000    1.00000000

    7.470701    3.735743    1.868068    0.934132    0.467115
    0.447031    0.233582    0.196614    0.116803    0.066445
    0.058408    0.029207    0.026578

    0.00473970    0.00000000    0.00000000    0.00000000    0.00000000
    0.03760090    0.00000000    0.00000000    0.00000000    0.00000000
    0.05106000    0.00000000    0.00000000    0.00000000    0.00000000
    0.14565870    0.00000000    0.00000000    0.00000000    0.00000000
    0.22379330    0.00000000    0.00000000    0.00000000    0.00000000
    0.00000000    1.00000000    0.00000000    0.00000000    0.00000000
    0.31994670    0.00000000    0.00000000    0.00000000    0.00000000
    0.00000000    0.00000000    1.00000000    0.00000000    0.00000000
    0.28501850    0.00000000    0.00000000    0.00000000    0.00000000
    0.00000000    0.00000000    0.00000000    1.00000000    0.00000000
    0.14488080    0.00000000    0.00000000    0.00000000    0.00000000
    0.01769620    0.00000000    0.00000000    0.00000000    0.00000000
    0.00000000    0.00000000    0.00000000    0.00000000    1.00000000

    1.142614    0.410733    0.149100    0.059640

    1.00000000    0.00000000    0.00000000    0.00000000
    0.00000000    1.00000000    0.00000000    0.00000000
    0.00000000    0.00000000    1.00000000    0.00000000
    0.00000000    0.00000000    0.00000000    1.00000000

    0.870011    0.315902    0.126361

    1.00000000    0.00000000    0.00000000
    0.00000000    1.00000000    0.00000000
    0.00000000    0.00000000    1.00000000

    0.710746    0.284298

    1.00000000    0.00000000
    0.00000000    1.00000000

B:aug-cc-pVTZ-ccECP
ccECP aug-cc-pVTZ for B | source recipes/B/ccECP/B.aug-cc-pVTZ.gamess | ccECP from Chandler Bennett et al. Journal of Chemical Physics 147, 224106 (2017) https://doi.org/10.1063/1.4995643

  4
    0    1    2    3
    4    4    3    2
   12   12    3    2

   11.760500    5.150520    2.578276    1.290648    0.646080
    0.626026    0.323418    0.161898    0.092094    0.081044
    0.040569    0.036838

   -0.00367570    0.00000000    0.00000000    0.00000000
    0.02505170    0.00000000    0.00000000    0.00000000
   -0.12492280    0.00000000    0.00000000    0.00000000
   -0.06628740    0.00000000    0.00000000    0.00000000
    0.10073410    0.00000000    0.00000000    0.00000000
    0.00000000    1.00000000    0.00000000    0.00000000
    0.33754920    0.00000000    0.00000000    0.00000000
    0.43084310    0.00000000    0.00000000    0.00000000
    0.00000000    0.00000000    1.00000000    0.00000000
    0.24865580    0.00000000    0.00000000    0.00000000
    0.03172950    0.00000000    0.00000000    0.00000000
    0.00000000    0.00000000    0.00000000    1.00000000

    7.470701    3.735743    1.868068    0.934132    0.467115
    0.235016    0.233582    0.116803    0.082056    0.058408
    0.032822    0.029207

    0.00473970    0.00000000    0.00000000    0.00000000
    0.03760090    0.00000000    0.00000000    0.00000000
    0.05106000    0.00000000    0.00000000    0.00000000
    0.14565870    0.00000000    0.00000000    0.00000000
    0.22379330    0.00000000    0.00000000    0.00000000
    0.00000000    1.00000000    0.00000000    0.00000000
    0.31994670    0.00000000    0.00000000    0.00000000
    0.28501850    0.00000000    0.00000000    0.00000000
    0.00000000    0.00000000    1.00000000    0.00000000
    0.14488080    0.00000000    0.00000000    0.00000000
    0.00000000    0.00000000    0.00000000    1.00000000
    0.01769620    0.00000000    0.00000000    0.00000000

    0.699153    0.207316    0.082926

    1.00000000    0.00000000    0.00000000
    0.00000000    1.00000000    0.00000000
    0.00000000    0.00000000    1.00000000

    0.478872    0.191549

    1.00000000    0.00000000
    0.00000000    1.00000000

B:cc-pV5Z-ccECP
ccECP cc-pV5Z for B | source recipes/B/ccECP/B.cc-pV5Z.gamess | ccECP from Chandler Bennett et al. Journal of Chemical Physics 147, 224106 (2017) https://doi.org/10.1063/1.4995643

  6
    0    1    2    3    4    5
    5    5    4    3    2    1
   13   13    4    3    2    1

   11.76050   5.150520   2.578276   1.290648   0.646080
   0.614105   0.375720   0.323418   0.170896   0.161898
   0.081044   0.070664   0.040569

   -0.0036757   0.00000000   0.00000000   0.00000000   0.00000000
    0.0250517   0.00000000   0.00000000   0.00000000   0.00000000
   -0.1249228   0.00000000   0.00000000   0.00000000   0.00000000
   -0.0662874   0.00000000   0.00000000   0.00000000   0.00000000
    0.1007341   0.00000000   0.00000000   0.00000000   0.00000000
   0.00000000     1.000000   0.00000000   0.00000000   0.00000000
   0.00000000   0.00000000     1.000000   0.00000000   0.00000000
    0.3375492   0.00000000   0.00000000   0.00000000   0.00000000
   0.00000000   0.00000000   0.00000000     1.000000   0.00000000
    0.4308431   0.00000000   0.00000000   0.00000000   0.00000000
    0.2486558   0.00000000   0.00000000   0.00000000   0.00000000
   0.00000000   0.00000000   0.00000000   0.00000000     1.000000
    0.0317295   0.00000000   0.00000000   0.00000000   0.00000000

   7.470701   3.735743   1.868068   0.934132   0.566611
   0.467115   0.436327   0.233582   0.143772   0.116803
   0.058408   0.057917   0.029207

    0.0047397   0.00000000   0.00000000   0.00000000   0.00000000
    0.0376009   0.00000000   0.00000000   0.00000000   0.00000000
    0.0510600   0.00000000   0.00000000   0.00000000   0.00000000
    0.1456587   0.00000000   0.00000000   0.00000000   0.00000000
   0.00000000     1.000000   0.00000000   0.00000000   0.00000000
    0.2237933   0.00000000   0.00000000   0.00000000   0.00000000
   0.00000000   0.00000000     1.000000   0.00000000   0.00000000
    0.3199467   0.00000000   0.00000000   0.00000000   0.00000000
   0.00000000   0.00000000   0.00000000     1.000000   0.00000000
    0.2850185   0.00000000   0.00000000   0.00000000   0.00000000
    0.1448808   0.00000000   0.00000000   0.00000000   0.00000000
   0.00000000   0.00000000   0.00000000   0.00000000     1.000000
    0.0176962   0.00000000   0.00000000   0.00000000   0.00000000

   1.022256   0.808233   0.380163   0.134838

     1.000000   0.00000000   0.00000000   0.00000000
   0.00000000     1.000000   0.00000000   0.00000000
   0.00000000   0.00000000     1.000000   0.00000000
   0.00000000   0.00000000   0.00000000     1.000000

   1.002171   0.799174   0.272717

     1.000000   0.00000000   0.00000000
   0.00000000     1.000000   0.00000000
   0.00000000   0.00000000     1.000000

   0.824366   0.486131

     1.000000   0.00000000
   0.00000000     1.000000

   0.632779

     1.000000

B:cc-pV6Z-ccECP
ccECP cc-pV6Z for B | source recipes/B/ccECP/B.cc-pV6Z.gamess | ccECP from Chandler Bennett et al. Journal of Chemical Physics 147, 224106 (2017) https://doi.org/10.1063/1.4995643

  7
    0    1    2    3    4    5    6
    6    6    5    4    3    2    1
   14   14    5    4    3    2    1

   11.760500    5.150520    2.578276    2.519425    1.290648
    0.820708    0.646080    0.338547    0.323418    0.165446
    0.161898    0.081044    0.066915    0.040569

   -0.00367570    0.00000000    0.00000000    0.00000000    0.00000000
    0.00000000
    0.02505170    0.00000000    0.00000000    0.00000000    0.00000000
    0.00000000
   -0.12492280    0.00000000    0.00000000    0.00000000    0.00000000
    0.00000000
    0.00000000    0.00000000    0.00000000    0.00000000    0.00000000
    1.00000000
   -0.06628740    0.00000000    0.00000000    0.00000000    0.00000000
    0.00000000
    0.00000000    0.00000000    0.00000000    0.00000000    1.00000000
    0.00000000
    0.10073410    0.00000000    0.00000000    0.00000000    0.00000000
    0.00000000
    0.00000000    0.00000000    0.00000000    1.00000000    0.00000000
    0.00000000
    0.33754920    0.00000000    0.00000000    0.00000000    0.00000000
    0.00000000
    0.00000000    0.00000000    1.00000000    0.00000000    0.00000000
    0.00000000
    0.43084310    0.00000000    0.00000000    0.00000000    0.00000000
    0.00000000
    0.24865580    0.00000000    0.00000000    0.00000000    0.00000000
    0.00000000
    0.00000000    1.00000000    0.00000000    0.00000000    0.00000000
    0.00000000
    0.03172950    0.00000000    0.00000000    0.00000000    0.00000000
    0.00000000

    7.470701    3.735743    1.868068    0.934132    0.913979
    0.728159    0.467115    0.282933    0.233582    0.133676
    0.116803    0.058408    0.053986    0.029207

    0.00473970    0.00000000    0.00000000    0.00000000    0.00000000
    0.00000000
    0.03760090    0.00000000    0.00000000    0.00000000    0.00000000
    0.00000000
    0.05106000    0.00000000    0.00000000    0.00000000    0.00000000
    0.00000000
    0.14565870    0.00000000    0.00000000    0.00000000    0.00000000
    0.00000000
    0.00000000    0.00000000    0.00000000    0.00000000    0.00000000
    1.00000000
    0.00000000    0.00000000    0.00000000    0.00000000    1.00000000
    0.00000000
    0.22379330    0.00000000    0.00000000    0.00000000    0.00000000
    0.00000000
    0.00000000    0.00000000    0.00000000    1.00000000    0.00000000
    0.00000000
    0.31994670    0.00000000    0.00000000    0.00000000    0.00000000
    0.00000000
    0.00000000    0.00000000    1.00000000    0.00000000    0.00000000
    0.00000000
    0.28501850    0.00000000    0.00000000    0.00000000    0.00000000
    0.00000000
    0.14488080    0.00000000    0.00000000    0.00000000    0.00000000
    0.00000000
    0.00000000    1.00000000    0.00000000    0.00000000    0.00000000
    0.00000000
    0.01769620    0.00000000    0.00000000    0.00000000    0.00000000
    0.00000000

    2.880570    1.152640    0.666330    0.293309    0.115640

    0.00000000    0.00000000    0.00000000    0.00000000    1.00000000
    0.00000000    0.00000000    0.00000000    1.00000000    0.00000000
    0.00000000    0.00000000    1.00000000    0.00000000    0.00000000
    0.00000000    1.00000000    0.00000000    0.00000000    0.00000000
    1.00000000    0.00000000    0.00000000    0.00000000    0.00000000

    1.499448    0.915789    0.448415    0.192532

    0.00000000    0.00000000    0.00000000    1.00000000
    0.00000000    0.00000000    1.00000000    0.00000000
    0.00000000    1.00000000    0.00000000    0.00000000
    1.00000000    0.00000000    0.00000000    0.00000000

    1.473809    0.859573    0.372788

    0.00000000    0.00000000    1.00000000
    0.00000000    1.00000000    0.00000000
    1.00000000    0.00000000    0.00000000

    1.271399    0.583223

    0.00000000    1.00000000
    1.00000000    0.00000000

    0.969919

    1.00000000

B:cc-pVDZ-ccECP
ccECP cc-pVDZ for B | source recipes/B/ccECP/B.cc-pVDZ.gamess | ccECP from Chandler Bennett et al. Journal of Chemical Physics 147, 224106 (2017) https://doi.org/10.1063/1.4995643

  3
    0    1    2
    2    2    1
   10   10    1

   11.76050   5.150520   2.578276   1.290648   0.646080
   0.323418   0.161898   0.082513   0.081044   0.040569

   -0.0036757   0.00000000
    0.0250517   0.00000000
   -0.1249228   0.00000000
   -0.0662874   0.00000000
    0.1007341   0.00000000
    0.3375492   0.00000000
    0.4308431   0.00000000
   0.00000000     1.000000
    0.2486558   0.00000000
    0.0317295   0.00000000

   7.470701   3.735743   1.868068   0.934132   0.467115
   0.233582   0.116803   0.086803   0.058408   0.029207

    0.0047397   0.00000000
    0.0376009   0.00000000
    0.0510600   0.00000000
    0.1456587   0.00000000
    0.2237933   0.00000000
    0.3199467   0.00000000
    0.2850185   0.00000000
   0.00000000     1.000000
    0.1448808   0.00000000
    0.0176962   0.00000000

   0.349879

     1.000000

B:cc-pVQZ-ccECP
ccECP cc-pVQZ for B | source recipes/B/ccECP/B.cc-pVQZ.gamess | ccECP from Chandler Bennett et al. Journal of Chemical Physics 147, 224106 (2017) https://doi.org/10.1063/1.4995643

  5
    0    1    2    3    4
    4    4    3    2    1
   12   12    3    2    1

   11.76050   5.150520   2.578276   1.290648   0.646080
   0.422217   0.323418   0.305133   0.161898   0.082968
   0.081044   0.040569

   -0.0036757   0.00000000   0.00000000   0.00000000
    0.0250517   0.00000000   0.00000000   0.00000000
   -0.1249228   0.00000000   0.00000000   0.00000000
   -0.0662874   0.00000000   0.00000000   0.00000000
    0.1007341   0.00000000   0.00000000   0.00000000
   0.00000000     1.000000   0.00000000   0.00000000
    0.3375492   0.00000000   0.00000000   0.00000000
   0.00000000   0.00000000     1.000000   0.00000000
    0.4308431   0.00000000   0.00000000   0.00000000
   0.00000000   0.00000000   0.00000000     1.000000
    0.2486558   0.00000000   0.00000000   0.00000000
    0.0317295   0.00000000   0.00000000   0.00000000

   7.470701   3.735743   1.868068   0.934132   0.467115
   0.447031   0.233582   0.196614   0.116803   0.066445
   0.058408   0.029207

    0.0047397   0.00000000   0.00000000   0.00000000
    0.0376009   0.00000000   0.00000000   0.00000000
    0.0510600   0.00000000   0.00000000   0.00000000
    0.1456587   0.00000000   0.00000000   0.00000000
    0.2237933   0.00000000   0.00000000   0.00000000
   0.00000000     1.000000   0.00000000   0.00000000
    0.3199467   0.00000000   0.00000000   0.00000000
   0.00000000   0.00000000     1.000000   0.00000000
    0.2850185   0.00000000   0.00000000   0.00000000
   0.00000000   0.00000000   0.00000000     1.000000
    0.1448808   0.00000000   0.00000000   0.00000000
    0.0176962   0.00000000   0.00000000   0.00000000

   1.142614   0.410733   0.149100

     1.000000   0.00000000   0.00000000
   0.00000000     1.000000   0.00000000
   0.00000000   0.00000000     1.000000

   0.870011   0.315902

     1.000000   0.00000000
   0.00000000     1.000000

   0.710746

     1.000000

B:cc-pVTZ-ccECP
ccECP cc-pVTZ for B | source recipes/B/ccECP/B.cc-pVTZ.gamess | ccECP from Chandler Bennett et al. Journal of Chemical Physics 147, 224106 (2017) https://doi.org/10.1063/1.4995643

  4
    0    1    2    3
    3    3    2    1
   11   11    2    1

   11.76050   5.150520   2.578276   1.290648   0.646080
   0.626026   0.323418   0.161898   0.092094   0.081044
   0.040569

   -0.0036757   0.00000000   0.00000000
    0.0250517   0.00000000   0.00000000
   -0.1249228   0.00000000   0.00000000
   -0.0662874   0.00000000   0.00000000
    0.1007341   0.00000000   0.00000000
   0.00000000     1.000000   0.00000000
    0.3375492   0.00000000   0.00000000
    0.4308431   0.00000000   0.00000000
   0.00000000   0.00000000     1.000000
    0.2486558   0.00000000   0.00000000
    0.0317295   0.00000000   0.00000000

   7.470701   3.735743   1.868068   0.934132   0.467115
   0.235016   0.233582   0.116803   0.082056   0.058408
   0.029207

    0.0047397   0.00000000   0.00000000
    0.0376009   0.00000000   0.00000000
    0.0510600   0.00000000   0.00000000
    0.1456587   0.00000000   0.00000000
    0.2237933   0.00000000   0.00000000
   0.00000000     1.000000   0.00000000
    0.3199467   0.00000000   0.00000000
    0.2850185   0.00000000   0.00000000
   0.00000000   0.00000000     1.000000
    0.1448808   0.00000000   0.00000000
    0.0176962   0.00000000   0.00000000

   0.699153   0.207316

     1.000000   0.00000000
   0.00000000     1.000000

   0.478872

     1.000000

