
Zn:aug-cc-pCV5Z-ccECP
ccECP aug-cc-pCV5Z for Zn | source recipes/Zn/ccECP/Zn.aug-cc-pCV5Z.gamess | ccECP from A. Annaberdiyev et al. Journal of Chemical Physics 149, 134108 (2018) https://doi.org/10.1063/1.5040472

  7
    0    1    2    3    4    5    6
   10   10    9    6    5    4    3
   16   16   14    6    5    4    3

   114.485022    61.996430    40.117132    20.119649    10.171676
     5.601641     5.414352     5.112162     2.864122     1.592779
     0.826525     0.263975     0.145302     0.068195     0.031465
     0.015000

    0.00042900   -0.00010900    0.00066600    0.00070400    0.00561400
   -0.00145800    0.00000000    0.00000000    0.00000000    0.00000000
   -0.01933900    0.00445900    0.00626900    0.01284100   -0.06659000
    0.05360200    0.00000000    0.00000000    0.00000000    0.00000000
    0.08625400   -0.02006700   -0.04660300   -0.08591000    0.24276300
   -0.29854900    0.00000000    0.00000000    0.00000000    0.00000000
   -0.08895500    0.02233800    0.05039900    0.11798200   -0.43396800
    0.71066200    0.00000000    0.00000000    0.00000000    0.00000000
   -0.40267100    0.09669800    0.36349300    0.63016400   -0.79971200
    1.69169500    0.00000000    0.00000000    0.00000000    0.00000000
    0.06730400   -0.02196600   -0.24284000   -0.60034400    1.54215100
   -6.87135200    0.00000000    0.00000000    0.00000000    0.00000000
    0.00000000    0.00000000    0.00000000    0.00000000    0.00000000
    0.00000000    0.00000000    0.00000000    0.00000000    1.00000000
    0.00000000    0.00000000    0.00000000    0.00000000    0.00000000
    0.00000000    0.00000000    0.00000000    1.00000000    0.00000000
    0.47921500   -0.12876800   -0.38228100   -1.24906000    3.08029900
    6.72361500    0.00000000    0.00000000    0.00000000    0.00000000
    0.50396000   -0.18170600   -0.86156700   -0.32949800   -6.19825000
    0.19685400    0.00000000    0.00000000    0.00000000    0.00000000
    0.22208800   -0.16231100    0.70607700    2.59246900    2.58176600
   -4.99731400    0.00000000    0.00000000    0.00000000    0.00000000
    0.01220300    0.11626400    1.49500100   -1.00448100    3.21198800
    7.57331800    0.00000000    0.00000000    0.00000000    0.00000000
   -0.00430000    0.41131400   -0.45399400   -1.37951400   -4.76745700
   -6.94339000    0.00000000    0.00000000    0.00000000    0.00000000
    0.00124300    0.49425700   -0.59782200    1.04684200    1.67656100
    1.83160800    0.00000000    0.00000000    0.00000000    0.00000000
   -0.00026700    0.13810300   -0.25611700    0.32467600    0.27090900
    0.26083500    1.00000000    0.00000000    0.00000000    0.00000000
    0.00000000    0.00000000    0.00000000    0.00000000    0.00000000
    0.00000000    0.00000000    1.00000000    0.00000000    0.00000000

   158.770986    75.802876    44.547824    31.445269    13.080125
    13.016090     7.788616     4.949443     4.195040     2.362276
     1.302584     0.660704     0.249042     0.091781     0.048931
     0.024000

   -0.00015300    0.00005300   -0.00017000   -0.00078100   -0.00030400
    0.00325100    0.00000000    0.00000000    0.00000000    0.00000000
    0.00189300   -0.00057100    0.00060400    0.00785500    0.00006000
   -0.02360900    0.00000000    0.00000000    0.00000000    0.00000000
    0.01046100   -0.00107300   -0.01998700   -0.00867100   -0.03693100
    0.15491100    0.00000000    0.00000000    0.00000000    0.00000000
   -0.04514100    0.00746300    0.06115300   -0.04055300    0.14601900
   -0.38553900    0.00000000    0.00000000    0.00000000    0.00000000
   -0.08420100    0.01867600    0.06731700   -0.20006200    0.22210400
    0.04302800    0.00000000    0.00000000    0.00000000    0.00000000
    0.00000000    0.00000000    0.00000000    0.00000000    0.00000000
    0.00000000    0.00000000    0.00000000    0.00000000    1.00000000
    0.10497300   -0.02809000   -0.13921100    0.52859900   -1.20631000
    2.49137200    0.00000000    0.00000000    0.00000000    0.00000000
    0.00000000    0.00000000    0.00000000    0.00000000    0.00000000
    0.00000000    0.00000000    0.00000000    1.00000000    0.00000000
    0.30771400   -0.05443800   -0.52704100    0.52855200   -0.64408400
   -2.76365900    0.00000000    0.00000000    0.00000000    0.00000000
    0.36856300   -0.09374400   -0.17619400    0.24357600    2.39813600
   -1.61456300    0.00000000    0.00000000    0.00000000    0.00000000
    0.28633600   -0.05416900    0.03712900   -1.80718200   -0.30444100
    5.18203200    0.00000000    0.00000000    0.00000000    0.00000000
    0.09515600   -0.00797200    1.07932200    0.62949600   -1.96089400
   -4.10536000    0.00000000    0.00000000    0.00000000    0.00000000
    0.00585100    0.35619800   -0.05014900    1.13761300    1.89540000
    1.71270200    0.00000000    0.00000000    0.00000000    0.00000000
   -0.00003400    0.41239900   -0.68897100   -1.06715000   -0.82157700
   -0.16883700    0.00000000    0.00000000    0.00000000    0.00000000
    0.00025200    0.36132100    0.03733100    0.02219000   -0.13247100
   -0.45499800    1.00000000    0.00000000    0.00000000    0.00000000
    0.00000000    0.00000000    0.00000000    0.00000000    0.00000000
    0.00000000    0.00000000    1.00000000    0.00000000    0.00000000

   270.014061   100.161579    43.530609    21.262419    10.577821
     8.775120     7.377237     5.343620     2.704857     1.353018
     0.660873     0.309149     0.133879     0.060000

   -0.00001600    0.00001300    0.00000700   -0.00008800    0.00011500
    0.00000000    0.00000000    0.00000000    0.00000000
    0.00069600   -0.00088900    0.00086800   -0.00067400    0.00099700
    0.00000000    0.00000000    0.00000000    0.00000000
    0.01353600   -0.01864000    0.02163100   -0.03072600    0.04174200
    0.00000000    0.00000000    0.00000000    0.00000000
    0.06935000   -0.09464600    0.10774800   -0.14321800    0.22376100
    0.00000000    0.00000000    0.00000000    0.00000000
    0.14955900   -0.21565900    0.27899700   -0.44533000    0.73092800
    0.00000000    0.00000000    0.00000000    0.00000000
    0.00000000    0.00000000    0.00000000    0.00000000    0.00000000
    0.00000000    0.00000000    0.00000000    1.00000000
    0.00000000    0.00000000    0.00000000    0.00000000    0.00000000
    0.00000000    0.00000000    1.00000000    0.00000000
    0.23958800   -0.32246900    0.31454300   -0.13669300   -0.86990000
    0.00000000    0.00000000    0.00000000    0.00000000
    0.28674400   -0.19752900   -0.24192600    0.92782300   -0.85052900
    0.00000000    0.00000000    0.00000000    0.00000000
    0.27145900    0.16444800   -0.60241500    0.14320400    1.81569400
    0.00000000    0.00000000    0.00000000    0.00000000
    0.20242600    0.41001700   -0.11801300   -1.06020200   -0.68110900
    0.00000000    0.00000000    0.00000000    0.00000000
    0.10330700    0.32783800    0.54548200    0.16045200   -0.81728000
    0.00000000    0.00000000    0.00000000    0.00000000
    0.02321100    0.10574900    0.36382900    0.65854200    0.88730900
    1.00000000    0.00000000    0.00000000    0.00000000
    0.00000000    0.00000000    0.00000000    0.00000000    0.00000000
    0.00000000    1.00000000    0.00000000    0.00000000

    12.859800     6.326622     4.600166     1.645556     0.588643
     0.210567

    0.00000000    0.00000000    0.00000000    0.00000000    1.00000000
    0.00000000
    0.00000000    0.00000000    0.00000000    0.00000000    0.00000000
    1.00000000
    0.00000000    0.00000000    0.00000000    1.00000000    0.00000000
    0.00000000
    0.00000000    0.00000000    1.00000000    0.00000000    0.00000000
    0.00000000
    0.00000000    1.00000000    0.00000000    0.00000000    0.00000000
    0.00000000
    1.00000000    0.00000000    0.00000000    0.00000000    0.00000000
    0.00000000

    10.238310     7.599484     3.621387     1.280919     0.453073

    0.00000000    0.00000000    0.00000000    1.00000000    0.00000000
    0.00000000    0.00000000    0.00000000    0.00000000    1.00000000
    0.00000000    0.00000000    1.00000000    0.00000000    0.00000000
    0.00000000    1.00000000    0.00000000    0.00000000    0.00000000
    1.00000000    0.00000000    0.00000000    0.00000000    0.00000000

     9.972769     7.511113     2.421611     0.780736

    0.00000000    0.00000000    0.00000000    1.00000000
    0.00000000    0.00000000    1.00000000    0.00000000
    0.00000000    1.00000000    0.00000000    0.00000000
    1.00000000    0.00000000    0.00000000    0.00000000

    11.154097     5.639501     2.439342

    0.00000000    0.00000000    1.00000000
    0.00000000    1.00000000    0.00000000
    1.00000000    0.00000000    0.00000000

Zn:aug-cc-pCVDZ-ccECP
ccECP aug-cc-pCVDZ for Zn | source recipes/Zn/ccECP/Zn.aug-cc-pCVDZ.gamess | ccECP from A. Annaberdiyev et al. Journal of Chemical Physics 149, 134108 (2018) https://doi.org/10.1063/1.5040472

  4
    0    1    2    3
    7    7    6    3
   16   16   14    3

   114.485022    61.996430    40.117132    20.119649    10.171676
     5.601641     5.098898     2.864122     1.592779     1.375940
     0.826525     0.263975     0.145302     0.068195     0.031465
     0.015000

    0.00042900   -0.00010900    0.00066600    0.00000000    0.00000000
    0.00000000    0.00000000
   -0.01933900    0.00445900    0.00626900    0.00000000    0.00000000
    0.00000000    0.00000000
    0.08625400   -0.02006700   -0.04660300    0.00000000    0.00000000
    0.00000000    0.00000000
   -0.08895500    0.02233800    0.05039900    0.00000000    0.00000000
    0.00000000    0.00000000
   -0.40267100    0.09669800    0.36349300    0.00000000    0.00000000
    0.00000000    0.00000000
    0.06730400   -0.02196600   -0.24284000    0.00000000    0.00000000
    0.00000000    0.00000000
    0.00000000    0.00000000    0.00000000    0.00000000    0.00000000
    0.00000000    1.00000000
    0.47921500   -0.12876800   -0.38228100    0.00000000    0.00000000
    0.00000000    0.00000000
    0.50396000   -0.18170600   -0.86156700    0.00000000    0.00000000
    0.00000000    0.00000000
    0.00000000    0.00000000    0.00000000    0.00000000    0.00000000
    1.00000000    0.00000000
    0.22208800   -0.16231100    0.70607700    0.00000000    0.00000000
    0.00000000    0.00000000
    0.01220300    0.11626400    1.49500100    0.00000000    0.00000000
    0.00000000    0.00000000
   -0.00430000    0.41131400   -0.45399400    0.00000000    0.00000000
    0.00000000    0.00000000
    0.00124300    0.49425700   -0.59782200    0.00000000    0.00000000
    0.00000000    0.00000000
   -0.00026700    0.13810300   -0.25611700    1.00000000    0.00000000
    0.00000000    0.00000000
    0.00000000    0.00000000    0.00000000    0.00000000    1.00000000
    0.00000000    0.00000000

   158.770986    75.802876    44.547824    31.445269    13.080125
     7.892989     7.788616     4.195040     2.362276     1.706665
     1.302584     0.660704     0.249042     0.091781     0.048931
     0.024000

   -0.00015300    0.00005300   -0.00017000    0.00000000    0.00000000
    0.00000000    0.00000000
    0.00189300   -0.00057100    0.00060400    0.00000000    0.00000000
    0.00000000    0.00000000
    0.01046100   -0.00107300   -0.01998700    0.00000000    0.00000000
    0.00000000    0.00000000
   -0.04514100    0.00746300    0.06115300    0.00000000    0.00000000
    0.00000000    0.00000000
   -0.08420100    0.01867600    0.06731700    0.00000000    0.00000000
    0.00000000    0.00000000
    0.00000000    0.00000000    0.00000000    0.00000000    0.00000000
    0.00000000    1.00000000
    0.10497300   -0.02809000   -0.13921100    0.00000000    0.00000000
    0.00000000    0.00000000
    0.30771400   -0.05443800   -0.52704100    0.00000000    0.00000000
    0.00000000    0.00000000
    0.36856300   -0.09374400   -0.17619400    0.00000000    0.00000000
    0.00000000    0.00000000
    0.00000000    0.00000000    0.00000000    0.00000000    0.00000000
    1.00000000    0.00000000
    0.28633600   -0.05416900    0.03712900    0.00000000    0.00000000
    0.00000000    0.00000000
    0.09515600   -0.00797200    1.07932200    0.00000000    0.00000000
    0.00000000    0.00000000
    0.00585100    0.35619800   -0.05014900    0.00000000    0.00000000
    0.00000000    0.00000000
   -0.00003400    0.41239900   -0.68897100    0.00000000    0.00000000
    0.00000000    0.00000000
    0.00025200    0.36132100    0.03733100    1.00000000    0.00000000
    0.00000000    0.00000000
    0.00000000    0.00000000    0.00000000    0.00000000    1.00000000
    0.00000000    0.00000000

   270.014061   100.161579    43.530609    21.262419    10.577821
     5.343620     4.655140     2.704857     2.029918     1.353018
     0.660873     0.309149     0.133879     0.060000

   -0.00001600    0.00001300    0.00000000    0.00000000    0.00000000
    0.00000000
    0.00069600   -0.00088900    0.00000000    0.00000000    0.00000000
    0.00000000
    0.01353600   -0.01864000    0.00000000    0.00000000    0.00000000
    0.00000000
    0.06935000   -0.09464600    0.00000000    0.00000000    0.00000000
    0.00000000
    0.14955900   -0.21565900    0.00000000    0.00000000    0.00000000
    0.00000000
    0.23958800   -0.32246900    0.00000000    0.00000000    0.00000000
    0.00000000
    0.00000000    0.00000000    0.00000000    0.00000000    0.00000000
    1.00000000
    0.28674400   -0.19752900    0.00000000    0.00000000    0.00000000
    0.00000000
    0.00000000    0.00000000    0.00000000    0.00000000    1.00000000
    0.00000000
    0.27145900    0.16444800    0.00000000    0.00000000    0.00000000
    0.00000000
    0.20242600    0.41001700    0.00000000    0.00000000    0.00000000
    0.00000000
    0.10330700    0.32783800    0.00000000    0.00000000    0.00000000
    0.00000000
    0.02321100    0.10574900    1.00000000    0.00000000    0.00000000
    0.00000000
    0.00000000    0.00000000    0.00000000    1.00000000    0.00000000
    0.00000000

     8.867564     3.171936     0.893402

    0.00000000    0.00000000    1.00000000
    0.00000000    1.00000000    0.00000000
    1.00000000    0.00000000    0.00000000

Zn:aug-cc-pCVQZ-ccECP
ccECP aug-cc-pCVQZ for Zn | source recipes/Zn/ccECP/Zn.aug-cc-pCVQZ.gamess | ccECP from A. Annaberdiyev et al. Journal of Chemical Physics 149, 134108 (2018) https://doi.org/10.1063/1.5040472

  6
    0    1    2    3    4    5
    9    9    8    5    4    3
   16   16   14    5    4    3

   114.485022    61.996430    40.117132    20.119649    10.171676
     5.601641     4.596407     3.627705     2.864122     1.592779
     0.826525     0.263975     0.145302     0.068195     0.031465
     0.015000

    0.00042900   -0.00010900    0.00066600    0.00070400    0.00561400
    0.00000000    0.00000000    0.00000000    0.00000000
   -0.01933900    0.00445900    0.00626900    0.01284100   -0.06659000
    0.00000000    0.00000000    0.00000000    0.00000000
    0.08625400   -0.02006700   -0.04660300   -0.08591000    0.24276300
    0.00000000    0.00000000    0.00000000    0.00000000
   -0.08895500    0.02233800    0.05039900    0.11798200   -0.43396800
    0.00000000    0.00000000    0.00000000    0.00000000
   -0.40267100    0.09669800    0.36349300    0.63016400   -0.79971200
    0.00000000    0.00000000    0.00000000    0.00000000
    0.06730400   -0.02196600   -0.24284000   -0.60034400    1.54215100
    0.00000000    0.00000000    0.00000000    0.00000000
    0.00000000    0.00000000    0.00000000    0.00000000    0.00000000
    0.00000000    0.00000000    0.00000000    1.00000000
    0.00000000    0.00000000    0.00000000    0.00000000    0.00000000
    0.00000000    0.00000000    1.00000000    0.00000000
    0.47921500   -0.12876800   -0.38228100   -1.24906000    3.08029900
    0.00000000    0.00000000    0.00000000    0.00000000
    0.50396000   -0.18170600   -0.86156700   -0.32949800   -6.19825000
    0.00000000    0.00000000    0.00000000    0.00000000
    0.22208800   -0.16231100    0.70607700    2.59246900    2.58176600
    0.00000000    0.00000000    0.00000000    0.00000000
    0.01220300    0.11626400    1.49500100   -1.00448100    3.21198800
    0.00000000    0.00000000    0.00000000    0.00000000
   -0.00430000    0.41131400   -0.45399400   -1.37951400   -4.76745700
    0.00000000    0.00000000    0.00000000    0.00000000
    0.00124300    0.49425700   -0.59782200    1.04684200    1.67656100
    0.00000000    0.00000000    0.00000000    0.00000000
   -0.00026700    0.13810300   -0.25611700    0.32467600    0.27090900
    1.00000000    0.00000000    0.00000000    0.00000000
    0.00000000    0.00000000    0.00000000    0.00000000    0.00000000
    0.00000000    1.00000000    0.00000000    0.00000000

   158.770986    75.802876    44.547824    31.445269    13.080125
    10.763329     7.788616     4.195040     3.439684     2.362276
     1.302584     0.660704     0.249042     0.091781     0.048931
     0.024000

   -0.00015300    0.00005300   -0.00017000   -0.00078100   -0.00030400
    0.00000000    0.00000000    0.00000000    0.00000000
    0.00189300   -0.00057100    0.00060400    0.00785500    0.00006000
    0.00000000    0.00000000    0.00000000    0.00000000
    0.01046100   -0.00107300   -0.01998700   -0.00867100   -0.03693100
    0.00000000    0.00000000    0.00000000    0.00000000
   -0.04514100    0.00746300    0.06115300   -0.04055300    0.14601900
    0.00000000    0.00000000    0.00000000    0.00000000
   -0.08420100    0.01867600    0.06731700   -0.20006200    0.22210400
    0.00000000    0.00000000    0.00000000    0.00000000
    0.00000000    0.00000000    0.00000000    0.00000000    0.00000000
    0.00000000    0.00000000    0.00000000    1.00000000
    0.10497300   -0.02809000   -0.13921100    0.52859900   -1.20631000
    0.00000000    0.00000000    0.00000000    0.00000000
    0.30771400   -0.05443800   -0.52704100    0.52855200   -0.64408400
    0.00000000    0.00000000    0.00000000    0.00000000
    0.00000000    0.00000000    0.00000000    0.00000000    0.00000000
    0.00000000    0.00000000    1.00000000    0.00000000
    0.36856300   -0.09374400   -0.17619400    0.24357600    2.39813600
    0.00000000    0.00000000    0.00000000    0.00000000
    0.28633600   -0.05416900    0.03712900   -1.80718200   -0.30444100
    0.00000000    0.00000000    0.00000000    0.00000000
    0.09515600   -0.00797200    1.07932200    0.62949600   -1.96089400
    0.00000000    0.00000000    0.00000000    0.00000000
    0.00585100    0.35619800   -0.05014900    1.13761300    1.89540000
    0.00000000    0.00000000    0.00000000    0.00000000
   -0.00003400    0.41239900   -0.68897100   -1.06715000   -0.82157700
    0.00000000    0.00000000    0.00000000    0.00000000
    0.00025200    0.36132100    0.03733100    0.02219000   -0.13247100
    1.00000000    0.00000000    0.00000000    0.00000000
    0.00000000    0.00000000    0.00000000    0.00000000    0.00000000
    0.00000000    1.00000000    0.00000000    0.00000000

   270.014061   100.161579    43.530609    21.262419    10.577821
     6.223852     5.872018     5.343620     2.704857     1.353018
     0.660873     0.309149     0.133879     0.060000

   -0.00001600    0.00001300    0.00000700   -0.00008800    0.00000000
    0.00000000    0.00000000    0.00000000
    0.00069600   -0.00088900    0.00086800   -0.00067400    0.00000000
    0.00000000    0.00000000    0.00000000
    0.01353600   -0.01864000    0.02163100   -0.03072600    0.00000000
    0.00000000    0.00000000    0.00000000
    0.06935000   -0.09464600    0.10774800   -0.14321800    0.00000000
    0.00000000    0.00000000    0.00000000
    0.14955900   -0.21565900    0.27899700   -0.44533000    0.00000000
    0.00000000    0.00000000    0.00000000
    0.00000000    0.00000000    0.00000000    0.00000000    0.00000000
    0.00000000    0.00000000    1.00000000
    0.00000000    0.00000000    0.00000000    0.00000000    0.00000000
    0.00000000    1.00000000    0.00000000
    0.23958800   -0.32246900    0.31454300   -0.13669300    0.00000000
    0.00000000    0.00000000    0.00000000
    0.28674400   -0.19752900   -0.24192600    0.92782300    0.00000000
    0.00000000    0.00000000    0.00000000
    0.27145900    0.16444800   -0.60241500    0.14320400    0.00000000
    0.00000000    0.00000000    0.00000000
    0.20242600    0.41001700   -0.11801300   -1.06020200    0.00000000
    0.00000000    0.00000000    0.00000000
    0.10330700    0.32783800    0.54548200    0.16045200    0.00000000
    0.00000000    0.00000000    0.00000000
    0.02321100    0.10574900    0.36382900    0.65854200    1.00000000
    0.00000000    0.00000000    0.00000000
    0.00000000    0.00000000    0.00000000    0.00000000    0.00000000
    1.00000000    0.00000000    0.00000000

     9.250405     5.193386     2.855136     0.881237     0.271994

    0.00000000    0.00000000    0.00000000    1.00000000    0.00000000
    0.00000000    0.00000000    0.00000000    0.00000000    1.00000000
    0.00000000    0.00000000    1.00000000    0.00000000    0.00000000
    0.00000000    1.00000000    0.00000000    0.00000000    0.00000000
    1.00000000    0.00000000    0.00000000    0.00000000    0.00000000

     7.952907     7.061991     2.097503     0.622986

    0.00000000    0.00000000    0.00000000    1.00000000
    0.00000000    0.00000000    1.00000000    0.00000000
    0.00000000    1.00000000    0.00000000    0.00000000
    1.00000000    0.00000000    0.00000000    0.00000000

     9.808424     4.405055     1.655939

    0.00000000    0.00000000    1.00000000
    0.00000000    1.00000000    0.00000000
    1.00000000    0.00000000    0.00000000

Zn:aug-cc-pCVTZ-ccECP
ccECP aug-cc-pCVTZ for Zn | source recipes/Zn/ccECP/Zn.aug-cc-pCVTZ.gamess | ccECP from A. Annaberdiyev et al. Journal of Chemical Physics 149, 134108 (2018) https://doi.org/10.1063/1.5040472

  5
    0    1    2    3    4
    8    8    7    4    3
   16   16   14    4    3

   114.485022    61.996430    40.117132    20.119649    10.171676
     5.601641     4.949808     2.864122     2.070009     1.592779
     0.826525     0.263975     0.145302     0.068195     0.031465
     0.015000

    0.00042900   -0.00010900    0.00066600    0.00070400    0.00000000
    0.00000000    0.00000000    0.00000000
   -0.01933900    0.00445900    0.00626900    0.01284100    0.00000000
    0.00000000    0.00000000    0.00000000
    0.08625400   -0.02006700   -0.04660300   -0.08591000    0.00000000
    0.00000000    0.00000000    0.00000000
   -0.08895500    0.02233800    0.05039900    0.11798200    0.00000000
    0.00000000    0.00000000    0.00000000
   -0.40267100    0.09669800    0.36349300    0.63016400    0.00000000
    0.00000000    0.00000000    0.00000000
    0.06730400   -0.02196600   -0.24284000   -0.60034400    0.00000000
    0.00000000    0.00000000    0.00000000
    0.00000000    0.00000000    0.00000000    0.00000000    0.00000000
    0.00000000    0.00000000    1.00000000
    0.47921500   -0.12876800   -0.38228100   -1.24906000    0.00000000
    0.00000000    0.00000000    0.00000000
    0.00000000    0.00000000    0.00000000    0.00000000    0.00000000
    0.00000000    1.00000000    0.00000000
    0.50396000   -0.18170600   -0.86156700   -0.32949800    0.00000000
    0.00000000    0.00000000    0.00000000
    0.22208800   -0.16231100    0.70607700    2.59246900    0.00000000
    0.00000000    0.00000000    0.00000000
    0.01220300    0.11626400    1.49500100   -1.00448100    0.00000000
    0.00000000    0.00000000    0.00000000
   -0.00430000    0.41131400   -0.45399400   -1.37951400    0.00000000
    0.00000000    0.00000000    0.00000000
    0.00124300    0.49425700   -0.59782200    1.04684200    0.00000000
    0.00000000    0.00000000    0.00000000
   -0.00026700    0.13810300   -0.25611700    0.32467600    1.00000000
    0.00000000    0.00000000    0.00000000
    0.00000000    0.00000000    0.00000000    0.00000000    0.00000000
    1.00000000    0.00000000    0.00000000

   158.770986    75.802876    44.547824    31.445269    13.080125
     9.481024     7.788616     4.195040     2.419925     2.362276
     1.302584     0.660704     0.249042     0.091781     0.048931
     0.024000

   -0.00015300    0.00005300   -0.00017000   -0.00078100    0.00000000
    0.00000000    0.00000000    0.00000000
    0.00189300   -0.00057100    0.00060400    0.00785500    0.00000000
    0.00000000    0.00000000    0.00000000
    0.01046100   -0.00107300   -0.01998700   -0.00867100    0.00000000
    0.00000000    0.00000000    0.00000000
   -0.04514100    0.00746300    0.06115300   -0.04055300    0.00000000
    0.00000000    0.00000000    0.00000000
   -0.08420100    0.01867600    0.06731700   -0.20006200    0.00000000
    0.00000000    0.00000000    0.00000000
    0.00000000    0.00000000    0.00000000    0.00000000    0.00000000
    0.00000000    0.00000000    1.00000000
    0.10497300   -0.02809000   -0.13921100    0.52859900    0.00000000
    0.00000000    0.00000000    0.00000000
    0.30771400   -0.05443800   -0.52704100    0.52855200    0.00000000
    0.00000000    0.00000000    0.00000000
    0.00000000    0.00000000    0.00000000    0.00000000    0.00000000
    0.00000000    1.00000000    0.00000000
    0.36856300   -0.09374400   -0.17619400    0.24357600    0.00000000
    0.00000000    0.00000000    0.00000000
    0.28633600   -0.05416900    0.03712900   -1.80718200    0.00000000
    0.00000000    0.00000000    0.00000000
    0.09515600   -0.00797200    1.07932200    0.62949600    0.00000000
    0.00000000    0.00000000    0.00000000
    0.00585100    0.35619800   -0.05014900    1.13761300    0.00000000
    0.00000000    0.00000000    0.00000000
   -0.00003400    0.41239900   -0.68897100   -1.06715000    0.00000000
    0.00000000    0.00000000    0.00000000
    0.00025200    0.36132100    0.03733100    0.02219000    1.00000000
    0.00000000    0.00000000    0.00000000
    0.00000000    0.00000000    0.00000000    0.00000000    0.00000000
    1.00000000    0.00000000    0.00000000

   270.014061   100.161579    43.530609    21.262419    10.577821
     6.122191     5.343620     3.443296     2.704857     1.353018
     0.660873     0.309149     0.133879     0.060000

   -0.00001600    0.00001300    0.00000700    0.00000000    0.00000000
    0.00000000    0.00000000
    0.00069600   -0.00088900    0.00086800    0.00000000    0.00000000
    0.00000000    0.00000000
    0.01353600   -0.01864000    0.02163100    0.00000000    0.00000000
    0.00000000    0.00000000
    0.06935000   -0.09464600    0.10774800    0.00000000    0.00000000
    0.00000000    0.00000000
    0.14955900   -0.21565900    0.27899700    0.00000000    0.00000000
    0.00000000    0.00000000
    0.00000000    0.00000000    0.00000000    0.00000000    0.00000000
    0.00000000    1.00000000
    0.23958800   -0.32246900    0.31454300    0.00000000    0.00000000
    0.00000000    0.00000000
    0.00000000    0.00000000    0.00000000    0.00000000    0.00000000
    1.00000000    0.00000000
    0.28674400   -0.19752900   -0.24192600    0.00000000    0.00000000
    0.00000000    0.00000000
    0.27145900    0.16444800   -0.60241500    0.00000000    0.00000000
    0.00000000    0.00000000
    0.20242600    0.41001700   -0.11801300    0.00000000    0.00000000
    0.00000000    0.00000000
    0.10330700    0.32783800    0.54548200    0.00000000    0.00000000
    0.00000000    0.00000000
    0.02321100    0.10574900    0.36382900    1.00000000    0.00000000
    0.00000000    0.00000000
    0.00000000    0.00000000    0.00000000    0.00000000    1.00000000
    0.00000000    0.00000000

    11.180611     6.000349     1.520399     0.385246

    0.00000000    0.00000000    0.00000000    1.00000000
    0.00000000    0.00000000    1.00000000    0.00000000
    0.00000000    1.00000000    0.00000000    0.00000000
    1.00000000    0.00000000    0.00000000    0.00000000

     9.295253     4.099533     1.418972

    0.00000000    0.00000000    1.00000000
    0.00000000    1.00000000    0.00000000
    1.00000000    0.00000000    0.00000000

Zn:aug-cc-pV5Z-ccECP
ccECP aug-cc-pV5Z for Zn | source recipes/Zn/ccECP/Zn.aug-cc-pV5Z.gamess | ccECP from A. Annaberdiyev et al. Journal of Chemical Physics 149, 134108 (2018) https://doi.org/10.1063/1.5040472

  7
    0    1    2    3    4    5    6
    8    8    7    5    4    3    2
   14   14   12    5    4    3    2

   114.485022    61.996430    40.117132    20.119649    10.171676
     5.601641     2.864122     1.592779     0.826525     0.263975
     0.145302     0.068195     0.031465     0.015000

    0.00042900   -0.00010900    0.00066600    0.00070400    0.00561400
   -0.00145800    0.00000000    0.00000000
   -0.01933900    0.00445900    0.00626900    0.01284100   -0.06659000
    0.05360200    0.00000000    0.00000000
    0.08625400   -0.02006700   -0.04660300   -0.08591000    0.24276300
   -0.29854900    0.00000000    0.00000000
   -0.08895500    0.02233800    0.05039900    0.11798200   -0.43396800
    0.71066200    0.00000000    0.00000000
   -0.40267100    0.09669800    0.36349300    0.63016400   -0.79971200
    1.69169500    0.00000000    0.00000000
    0.06730400   -0.02196600   -0.24284000   -0.60034400    1.54215100
   -6.87135200    0.00000000    0.00000000
    0.47921500   -0.12876800   -0.38228100   -1.24906000    3.08029900
    6.72361500    0.00000000    0.00000000
    0.50396000   -0.18170600   -0.86156700   -0.32949800   -6.19825000
    0.19685400    0.00000000    0.00000000
    0.22208800   -0.16231100    0.70607700    2.59246900    2.58176600
   -4.99731400    0.00000000    0.00000000
    0.01220300    0.11626400    1.49500100   -1.00448100    3.21198800
    7.57331800    0.00000000    0.00000000
   -0.00430000    0.41131400   -0.45399400   -1.37951400   -4.76745700
   -6.94339000    0.00000000    0.00000000
    0.00124300    0.49425700   -0.59782200    1.04684200    1.67656100
    1.83160800    0.00000000    0.00000000
   -0.00026700    0.13810300   -0.25611700    0.32467600    0.27090900
    0.26083500    1.00000000    0.00000000
    0.00000000    0.00000000    0.00000000    0.00000000    0.00000000
    0.00000000    0.00000000    1.00000000

   158.770986    75.802876    44.547824    31.445269    13.080125
     7.788616     4.195040     2.362276     1.302584     0.660704
     0.249042     0.091781     0.048931     0.024000

   -0.00015300    0.00005300   -0.00017000   -0.00078100   -0.00030400
    0.00325100    0.00000000    0.00000000
    0.00189300   -0.00057100    0.00060400    0.00785500    0.00006000
   -0.02360900    0.00000000    0.00000000
    0.01046100   -0.00107300   -0.01998700   -0.00867100   -0.03693100
    0.15491100    0.00000000    0.00000000
   -0.04514100    0.00746300    0.06115300   -0.04055300    0.14601900
   -0.38553900    0.00000000    0.00000000
   -0.08420100    0.01867600    0.06731700   -0.20006200    0.22210400
    0.04302800    0.00000000    0.00000000
    0.10497300   -0.02809000   -0.13921100    0.52859900   -1.20631000
    2.49137200    0.00000000    0.00000000
    0.30771400   -0.05443800   -0.52704100    0.52855200   -0.64408400
   -2.76365900    0.00000000    0.00000000
    0.36856300   -0.09374400   -0.17619400    0.24357600    2.39813600
   -1.61456300    0.00000000    0.00000000
    0.28633600   -0.05416900    0.03712900   -1.80718200   -0.30444100
    5.18203200    0.00000000    0.00000000
    0.09515600   -0.00797200    1.07932200    0.62949600   -1.96089400
   -4.10536000    0.00000000    0.00000000
    0.00585100    0.35619800   -0.05014900    1.13761300    1.89540000
    1.71270200    0.00000000    0.00000000
   -0.00003400    0.41239900   -0.68897100   -1.06715000   -0.82157700
   -0.16883700    0.00000000    0.00000000
    0.00025200    0.36132100    0.03733100    0.02219000   -0.13247100
   -0.45499800    1.00000000    0.00000000
    0.00000000    0.00000000    0.00000000    0.00000000    0.00000000
    0.00000000    0.00000000    1.00000000

   270.014061   100.161579    43.530609    21.262419    10.577821
     5.343620     2.704857     1.353018     0.660873     0.309149
     0.133879     0.060000

   -0.00001600    0.00001300    0.00000700   -0.00008800    0.00011500
    0.00000000    0.00000000
    0.00069600   -0.00088900    0.00086800   -0.00067400    0.00099700
    0.00000000    0.00000000
    0.01353600   -0.01864000    0.02163100   -0.03072600    0.04174200
    0.00000000    0.00000000
    0.06935000   -0.09464600    0.10774800   -0.14321800    0.22376100
    0.00000000    0.00000000
    0.14955900   -0.21565900    0.27899700   -0.44533000    0.73092800
    0.00000000    0.00000000
    0.23958800   -0.32246900    0.31454300   -0.13669300   -0.86990000
    0.00000000    0.00000000
    0.28674400   -0.19752900   -0.24192600    0.92782300   -0.85052900
    0.00000000    0.00000000
    0.27145900    0.16444800   -0.60241500    0.14320400    1.81569400
    0.00000000    0.00000000
    0.20242600    0.41001700   -0.11801300   -1.06020200   -0.68110900
    0.00000000    0.00000000
    0.10330700    0.32783800    0.54548200    0.16045200   -0.81728000
    0.00000000    0.00000000
    0.02321100    0.10574900    0.36382900    0.65854200    0.88730900
    1.00000000    0.00000000
    0.00000000    0.00000000    0.00000000    0.00000000    0.00000000
    0.00000000    1.00000000

    12.859800     4.600166     1.645556     0.588643     0.210567

    0.00000000    0.00000000    0.00000000    0.00000000    1.00000000
    0.00000000    0.00000000    0.00000000    1.00000000    0.00000000
    0.00000000    0.00000000    1.00000000    0.00000000    0.00000000
    0.00000000    1.00000000    0.00000000    0.00000000    0.00000000
    1.00000000    0.00000000    0.00000000    0.00000000    0.00000000

    10.238310     3.621387     1.280919     0.453073

    0.00000000    0.00000000    0.00000000    1.00000000
    0.00000000    0.00000000    1.00000000    0.00000000
    0.00000000    1.00000000    0.00000000    0.00000000
    1.00000000    0.00000000    0.00000000    0.00000000

     7.511113     2.421611     0.780736

    0.00000000    0.00000000    1.00000000
    0.00000000    1.00000000    0.00000000
    1.00000000    0.00000000    0.00000000

     5.639501     2.439342

    0.00000000    1.00000000
    1.00000000    0.00000000

Zn:aug-cc-pVDZ-ccECP
ccECP aug-cc-pVDZ for Zn | source recipes/Zn/ccECP/Zn.aug-cc-pVDZ.gamess | ccECP from A. Annaberdiyev et al. Journal of Chemical Physics 149, 134108 (2018) https://doi.org/10.1063/1.5040472

  4
    0    1    2    3
    5    5    4    2
   14   14   12    2

   114.485022    61.996430    40.117132    20.119649    10.171676
     5.601641     2.864122     1.592779     0.826525     0.263975
     0.145302     0.068195     0.031465     0.015000

    0.00042900   -0.00010900    0.00066600    0.00000000    0.00000000
   -0.01933900    0.00445900    0.00626900    0.00000000    0.00000000
    0.08625400   -0.02006700   -0.04660300    0.00000000    0.00000000
   -0.08895500    0.02233800    0.05039900    0.00000000    0.00000000
   -0.40267100    0.09669800    0.36349300    0.00000000    0.00000000
    0.06730400   -0.02196600   -0.24284000    0.00000000    0.00000000
    0.47921500   -0.12876800   -0.38228100    0.00000000    0.00000000
    0.50396000   -0.18170600   -0.86156700    0.00000000    0.00000000
    0.22208800   -0.16231100    0.70607700    0.00000000    0.00000000
    0.01220300    0.11626400    1.49500100    0.00000000    0.00000000
   -0.00430000    0.41131400   -0.45399400    0.00000000    0.00000000
    0.00124300    0.49425700   -0.59782200    0.00000000    0.00000000
   -0.00026700    0.13810300   -0.25611700    1.00000000    0.00000000
    0.00000000    0.00000000    0.00000000    0.00000000    1.00000000

   158.770986    75.802876    44.547824    31.445269    13.080125
     7.788616     4.195040     2.362276     1.302584     0.660704
     0.249042     0.091781     0.048931     0.024000

   -0.00015300    0.00005300   -0.00017000    0.00000000    0.00000000
    0.00189300   -0.00057100    0.00060400    0.00000000    0.00000000
    0.01046100   -0.00107300   -0.01998700    0.00000000    0.00000000
   -0.04514100    0.00746300    0.06115300    0.00000000    0.00000000
   -0.08420100    0.01867600    0.06731700    0.00000000    0.00000000
    0.10497300   -0.02809000   -0.13921100    0.00000000    0.00000000
    0.30771400   -0.05443800   -0.52704100    0.00000000    0.00000000
    0.36856300   -0.09374400   -0.17619400    0.00000000    0.00000000
    0.28633600   -0.05416900    0.03712900    0.00000000    0.00000000
    0.09515600   -0.00797200    1.07932200    0.00000000    0.00000000
    0.00585100    0.35619800   -0.05014900    0.00000000    0.00000000
   -0.00003400    0.41239900   -0.68897100    0.00000000    0.00000000
    0.00025200    0.36132100    0.03733100    1.00000000    0.00000000
    0.00000000    0.00000000    0.00000000    0.00000000    1.00000000

   270.014061   100.161579    43.530609    21.262419    10.577821
     5.343620     2.704857     1.353018     0.660873     0.309149
     0.133879     0.060000

   -0.00001600    0.00001300    0.00000000    0.00000000
    0.00069600   -0.00088900    0.00000000    0.00000000
    0.01353600   -0.01864000    0.00000000    0.00000000
    0.06935000   -0.09464600    0.00000000    0.00000000
    0.14955900   -0.21565900    0.00000000    0.00000000
    0.23958800   -0.32246900    0.00000000    0.00000000
    0.28674400   -0.19752900    0.00000000    0.00000000
    0.27145900    0.16444800    0.00000000    0.00000000
    0.20242600    0.41001700    0.00000000    0.00000000
    0.10330700    0.32783800    0.00000000    0.00000000
    0.02321100    0.10574900    1.00000000    0.00000000
    0.00000000    0.00000000    0.00000000    1.00000000

     3.171936     0.893402

    0.00000000    1.00000000
    1.00000000    0.00000000

Zn:aug-cc-pVQZ-ccECP
ccECP aug-cc-pVQZ for Zn | source recipes/Zn/ccECP/Zn.aug-cc-pVQZ.gamess | ccECP from A. Annaberdiyev et al. Journal of Chemical Physics 149, 134108 (2018) https://doi.org/10.1063/1.5040472

  6
    0    1    2    3    4    5
    7    7    6    4    3    2
   14   14   12    4    3    2

   114.485022    61.996430    40.117132    20.119649    10.171676
     5.601641     2.864122     1.592779     0.826525     0.263975
     0.145302     0.068195     0.031465     0.015000

    0.00042900   -0.00010900    0.00066600    0.00070400    0.00561400
    0.00000000    0.00000000
   -0.01933900    0.00445900    0.00626900    0.01284100   -0.06659000
    0.00000000    0.00000000
    0.08625400   -0.02006700   -0.04660300   -0.08591000    0.24276300
    0.00000000    0.00000000
   -0.08895500    0.02233800    0.05039900    0.11798200   -0.43396800
    0.00000000    0.00000000
   -0.40267100    0.09669800    0.36349300    0.63016400   -0.79971200
    0.00000000    0.00000000
    0.06730400   -0.02196600   -0.24284000   -0.60034400    1.54215100
    0.00000000    0.00000000
    0.47921500   -0.12876800   -0.38228100   -1.24906000    3.08029900
    0.00000000    0.00000000
    0.50396000   -0.18170600   -0.86156700   -0.32949800   -6.19825000
    0.00000000    0.00000000
    0.22208800   -0.16231100    0.70607700    2.59246900    2.58176600
    0.00000000    0.00000000
    0.01220300    0.11626400    1.49500100   -1.00448100    3.21198800
    0.00000000    0.00000000
   -0.00430000    0.41131400   -0.45399400   -1.37951400   -4.76745700
    0.00000000    0.00000000
    0.00124300    0.49425700   -0.59782200    1.04684200    1.67656100
    0.00000000    0.00000000
   -0.00026700    0.13810300   -0.25611700    0.32467600    0.27090900
    1.00000000    0.00000000
    0.00000000    0.00000000    0.00000000    0.00000000    0.00000000
    0.00000000    1.00000000

   158.770986    75.802876    44.547824    31.445269    13.080125
     7.788616     4.195040     2.362276     1.302584     0.660704
     0.249042     0.091781     0.048931     0.024000

   -0.00015300    0.00005300   -0.00017000   -0.00078100   -0.00030400
    0.00000000    0.00000000
    0.00189300   -0.00057100    0.00060400    0.00785500    0.00006000
    0.00000000    0.00000000
    0.01046100   -0.00107300   -0.01998700   -0.00867100   -0.03693100
    0.00000000    0.00000000
   -0.04514100    0.00746300    0.06115300   -0.04055300    0.14601900
    0.00000000    0.00000000
   -0.08420100    0.01867600    0.06731700   -0.20006200    0.22210400
    0.00000000    0.00000000
    0.10497300   -0.02809000   -0.13921100    0.52859900   -1.20631000
    0.00000000    0.00000000
    0.30771400   -0.05443800   -0.52704100    0.52855200   -0.64408400
    0.00000000    0.00000000
    0.36856300   -0.09374400   -0.17619400    0.24357600    2.39813600
    0.00000000    0.00000000
    0.28633600   -0.05416900    0.03712900   -1.80718200   -0.30444100
    0.00000000    0.00000000
    0.09515600   -0.00797200    1.07932200    0.62949600   -1.96089400
    0.00000000    0.00000000
    0.00585100    0.35619800   -0.05014900    1.13761300    1.89540000
    0.00000000    0.00000000
   -0.00003400    0.41239900   -0.68897100   -1.06715000   -0.82157700
    0.00000000    0.00000000
    0.00025200    0.36132100    0.03733100    0.02219000   -0.13247100
    1.00000000    0.00000000
    0.00000000    0.00000000    0.00000000    0.00000000    0.00000000
    0.00000000    1.00000000

   270.014061   100.161579    43.530609    21.262419    10.577821
     5.343620     2.704857     1.353018     0.660873     0.309149
     0.133879     0.060000

   -0.00001600    0.00001300    0.00000700   -0.00008800    0.00000000
    0.00000000
    0.00069600   -0.00088900    0.00086800   -0.00067400    0.00000000
    0.00000000
    0.01353600   -0.01864000    0.02163100   -0.03072600    0.00000000
    0.00000000
    0.06935000   -0.09464600    0.10774800   -0.14321800    0.00000000
    0.00000000
    0.14955900   -0.21565900    0.27899700   -0.44533000    0.00000000
    0.00000000
    0.23958800   -0.32246900    0.31454300   -0.13669300    0.00000000
    0.00000000
    0.28674400   -0.19752900   -0.24192600    0.92782300    0.00000000
    0.00000000
    0.27145900    0.16444800   -0.60241500    0.14320400    0.00000000
    0.00000000
    0.20242600    0.41001700   -0.11801300   -1.06020200    0.00000000
    0.00000000
    0.10330700    0.32783800    0.54548200    0.16045200    0.00000000
    0.00000000
    0.02321100    0.10574900    0.36382900    0.65854200    1.00000000
    0.00000000
    0.00000000    0.00000000    0.00000000    0.00000000    0.00000000
    1.00000000

     9.250405     2.855136     0.881237     0.271994

    0.00000000    0.00000000    0.00000000    1.00000000
    0.00000000    0.00000000    1.00000000    0.00000000
    0.00000000    1.00000000    0.00000000    0.00000000
    1.00000000    0.00000000    0.00000000    0.00000000

     7.061991     2.097503     0.622986

    0.00000000    0.00000000    1.00000000
    0.00000000    1.00000000    0.00000000
    1.00000000    0.00000000    0.00000000

     4.405055     1.655939

    0.00000000    1.00000000
    1.00000000    0.00000000

Zn:aug-cc-pVTZ-ccECP
ccECP aug-cc-pVTZ for Zn | source recipes/Zn/ccECP/Zn.aug-cc-pVTZ.gamess | ccECP from A. Annaberdiyev et al. Journal of Chemical Physics 149, 134108 (2018) https://doi.org/10.1063/1.5040472

  5
    0    1    2    3    4
    6    6    5    3    2
   14   14   12    3    2

   114.485022    61.996430    40.117132    20.119649    10.171676
     5.601641     2.864122     1.592779     0.826525     0.263975
     0.145302     0.068195     0.031465     0.015000

    0.00042900   -0.00010900    0.00066600    0.00070400    0.00000000
    0.00000000
   -0.01933900    0.00445900    0.00626900    0.01284100    0.00000000
    0.00000000
    0.08625400   -0.02006700   -0.04660300   -0.08591000    0.00000000
    0.00000000
   -0.08895500    0.02233800    0.05039900    0.11798200    0.00000000
    0.00000000
   -0.40267100    0.09669800    0.36349300    0.63016400    0.00000000
    0.00000000
    0.06730400   -0.02196600   -0.24284000   -0.60034400    0.00000000
    0.00000000
    0.47921500   -0.12876800   -0.38228100   -1.24906000    0.00000000
    0.00000000
    0.50396000   -0.18170600   -0.86156700   -0.32949800    0.00000000
    0.00000000
    0.22208800   -0.16231100    0.70607700    2.59246900    0.00000000
    0.00000000
    0.01220300    0.11626400    1.49500100   -1.00448100    0.00000000
    0.00000000
   -0.00430000    0.41131400   -0.45399400   -1.37951400    0.00000000
    0.00000000
    0.00124300    0.49425700   -0.59782200    1.04684200    0.00000000
    0.00000000
   -0.00026700    0.13810300   -0.25611700    0.32467600    1.00000000
    0.00000000
    0.00000000    0.00000000    0.00000000    0.00000000    0.00000000
    1.00000000

   158.770986    75.802876    44.547824    31.445269    13.080125
     7.788616     4.195040     2.362276     1.302584     0.660704
     0.249042     0.091781     0.048931     0.024000

   -0.00015300    0.00005300   -0.00017000   -0.00078100    0.00000000
    0.00000000
    0.00189300   -0.00057100    0.00060400    0.00785500    0.00000000
    0.00000000
    0.01046100   -0.00107300   -0.01998700   -0.00867100    0.00000000
    0.00000000
   -0.04514100    0.00746300    0.06115300   -0.04055300    0.00000000
    0.00000000
   -0.08420100    0.01867600    0.06731700   -0.20006200    0.00000000
    0.00000000
    0.10497300   -0.02809000   -0.13921100    0.52859900    0.00000000
    0.00000000
    0.30771400   -0.05443800   -0.52704100    0.52855200    0.00000000
    0.00000000
    0.36856300   -0.09374400   -0.17619400    0.24357600    0.00000000
    0.00000000
    0.28633600   -0.05416900    0.03712900   -1.80718200    0.00000000
    0.00000000
    0.09515600   -0.00797200    1.07932200    0.62949600    0.00000000
    0.00000000
    0.00585100    0.35619800   -0.05014900    1.13761300    0.00000000
    0.00000000
   -0.00003400    0.41239900   -0.68897100   -1.06715000    0.00000000
    0.00000000
    0.00025200    0.36132100    0.03733100    0.02219000    1.00000000
    0.00000000
    0.00000000    0.00000000    0.00000000    0.00000000    0.00000000
    1.00000000

   270.014061   100.161579    43.530609    21.262419    10.577821
     5.343620     2.704857     1.353018     0.660873     0.309149
     0.133879     0.060000

   -0.00001600    0.00001300    0.00000700    0.00000000    0.00000000
    0.00069600   -0.00088900    0.00086800    0.00000000    0.00000000
    0.01353600   -0.01864000    0.02163100    0.00000000    0.00000000
    0.06935000   -0.09464600    0.10774800    0.00000000    0.00000000
    0.14955900   -0.21565900    0.27899700    0.00000000    0.00000000
    0.23958800   -0.32246900    0.31454300    0.00000000    0.00000000
    0.28674400   -0.19752900   -0.24192600    0.00000000    0.00000000
    0.27145900    0.16444800   -0.60241500    0.00000000    0.00000000
    0.20242600    0.41001700   -0.11801300    0.00000000    0.00000000
    0.10330700    0.32783800    0.54548200    0.00000000    0.00000000
    0.02321100    0.10574900    0.36382900    1.00000000    0.00000000
    0.00000000    0.00000000    0.00000000    0.00000000    1.00000000

     6.000349     1.520399     0.385246

    0.00000000    0.00000000    1.00000000
    0.00000000    1.00000000    0.00000000
    1.00000000    0.00000000    0.00000000

     4.099533     1.418972

    0.00000000    1.00000000
    1.00000000    0.00000000

Zn:cc-pCV5Z-ccECP
ccECP cc-pCV5Z for Zn | source recipes/Zn/ccECP/Zn.cc-pCV5Z.gamess | ccECP from A. Annaberdiyev et al. Journal of Chemical Physics 149, 134108 (2018) https://doi.org/10.1063/1.5040472

  7
    0    1    2    3    4    5    6
    9    9    8    5    4    3    2
   15   15   13    5    4    3    2

   114.485022    61.996430    40.117132    20.119649    10.171676
     5.601641     5.414352     5.112162     2.864122     1.592779
     0.826525     0.263975     0.145302     0.068195     0.031465

    0.00042900   -0.00010900    0.00066600    0.00070400    0.00561400
   -0.00145800    0.00000000    0.00000000    0.00000000
   -0.01933900    0.00445900    0.00626900    0.01284100   -0.06659000
    0.05360200    0.00000000    0.00000000    0.00000000
    0.08625400   -0.02006700   -0.04660300   -0.08591000    0.24276300
   -0.29854900    0.00000000    0.00000000    0.00000000
   -0.08895500    0.02233800    0.05039900    0.11798200   -0.43396800
    0.71066200    0.00000000    0.00000000    0.00000000
   -0.40267100    0.09669800    0.36349300    0.63016400   -0.79971200
    1.69169500    0.00000000    0.00000000    0.00000000
    0.06730400   -0.02196600   -0.24284000   -0.60034400    1.54215100
   -6.87135200    0.00000000    0.00000000    0.00000000
    0.00000000    0.00000000    0.00000000    0.00000000    0.00000000
    0.00000000    0.00000000    0.00000000    1.00000000
    0.00000000    0.00000000    0.00000000    0.00000000    0.00000000
    0.00000000    0.00000000    1.00000000    0.00000000
    0.47921500   -0.12876800   -0.38228100   -1.24906000    3.08029900
    6.72361500    0.00000000    0.00000000    0.00000000
    0.50396000   -0.18170600   -0.86156700   -0.32949800   -6.19825000
    0.19685400    0.00000000    0.00000000    0.00000000
    0.22208800   -0.16231100    0.70607700    2.59246900    2.58176600
   -4.99731400    0.00000000    0.00000000    0.00000000
    0.01220300    0.11626400    1.49500100   -1.00448100    3.21198800
    7.57331800    0.00000000    0.00000000    0.00000000
   -0.00430000    0.41131400   -0.45399400   -1.37951400   -4.76745700
   -6.94339000    0.00000000    0.00000000    0.00000000
    0.00124300    0.49425700   -0.59782200    1.04684200    1.67656100
    1.83160800    0.00000000    0.00000000    0.00000000
   -0.00026700    0.13810300   -0.25611700    0.32467600    0.27090900
    0.26083500    1.00000000    0.00000000    0.00000000

   158.770986    75.802876    44.547824    31.445269    13.080125
    13.016090     7.788616     4.949443     4.195040     2.362276
     1.302584     0.660704     0.249042     0.091781     0.048931

   -0.00015300    0.00005300   -0.00017000   -0.00078100   -0.00030400
    0.00325100    0.00000000    0.00000000    0.00000000
    0.00189300   -0.00057100    0.00060400    0.00785500    0.00006000
   -0.02360900    0.00000000    0.00000000    0.00000000
    0.01046100   -0.00107300   -0.01998700   -0.00867100   -0.03693100
    0.15491100    0.00000000    0.00000000    0.00000000
   -0.04514100    0.00746300    0.06115300   -0.04055300    0.14601900
   -0.38553900    0.00000000    0.00000000    0.00000000
   -0.08420100    0.01867600    0.06731700   -0.20006200    0.22210400
    0.04302800    0.00000000    0.00000000    0.00000000
    0.00000000    0.00000000    0.00000000    0.00000000    0.00000000
    0.00000000    0.00000000    0.00000000    1.00000000
    0.10497300   -0.02809000   -0.13921100    0.52859900   -1.20631000
    2.49137200    0.00000000    0.00000000    0.00000000
    0.00000000    0.00000000    0.00000000    0.00000000    0.00000000
    0.00000000    0.00000000    1.00000000    0.00000000
    0.30771400   -0.05443800   -0.52704100    0.52855200   -0.64408400
   -2.76365900    0.00000000    0.00000000    0.00000000
    0.36856300   -0.09374400   -0.17619400    0.24357600    2.39813600
   -1.61456300    0.00000000    0.00000000    0.00000000
    0.28633600   -0.05416900    0.03712900   -1.80718200   -0.30444100
    5.18203200    0.00000000    0.00000000    0.00000000
    0.09515600   -0.00797200    1.07932200    0.62949600   -1.96089400
   -4.10536000    0.00000000    0.00000000    0.00000000
    0.00585100    0.35619800   -0.05014900    1.13761300    1.89540000
    1.71270200    0.00000000    0.00000000    0.00000000
   -0.00003400    0.41239900   -0.68897100   -1.06715000   -0.82157700
   -0.16883700    0.00000000    0.00000000    0.00000000
    0.00025200    0.36132100    0.03733100    0.02219000   -0.13247100
   -0.45499800    1.00000000    0.00000000    0.00000000

   270.014061   100.161579    43.530609    21.262419    10.577821
     8.775120     7.377237     5.343620     2.704857     1.353018
     0.660873     0.309149     0.133879

   -0.00001600    0.00001300    0.00000700   -0.00008800    0.00011500
    0.00000000    0.00000000    0.00000000
    0.00069600   -0.00088900    0.00086800   -0.00067400    0.00099700
    0.00000000    0.00000000    0.00000000
    0.01353600   -0.01864000    0.02163100   -0.03072600    0.04174200
    0.00000000    0.00000000    0.00000000
    0.06935000   -0.09464600    0.10774800   -0.14321800    0.22376100
    0.00000000    0.00000000    0.00000000
    0.14955900   -0.21565900    0.27899700   -0.44533000    0.73092800
    0.00000000    0.00000000    0.00000000
    0.00000000    0.00000000    0.00000000    0.00000000    0.00000000
    0.00000000    0.00000000    1.00000000
    0.00000000    0.00000000    0.00000000    0.00000000    0.00000000
    0.00000000    1.00000000    0.00000000
    0.23958800   -0.32246900    0.31454300   -0.13669300   -0.86990000
    0.00000000    0.00000000    0.00000000
    0.28674400   -0.19752900   -0.24192600    0.92782300   -0.85052900
    0.00000000    0.00000000    0.00000000
    0.27145900    0.16444800   -0.60241500    0.14320400    1.81569400
    0.00000000    0.00000000    0.00000000
    0.20242600    0.41001700   -0.11801300   -1.06020200   -0.68110900
    0.00000000    0.00000000    0.00000000
    0.10330700    0.32783800    0.54548200    0.16045200   -0.81728000
    0.00000000    0.00000000    0.00000000
    0.02321100    0.10574900    0.36382900    0.65854200    0.88730900
    1.00000000    0.00000000    0.00000000

    12.859800     6.326622     4.600166     1.645556     0.588643

    0.00000000    0.00000000    0.00000000    1.00000000    0.00000000
    0.00000000    0.00000000    0.00000000    0.00000000    1.00000000
    0.00000000    0.00000000    1.00000000    0.00000000    0.00000000
    0.00000000    1.00000000    0.00000000    0.00000000    0.00000000
    1.00000000    0.00000000    0.00000000    0.00000000    0.00000000

    10.238310     7.599484     3.621387     1.280919

    0.00000000    0.00000000    1.00000000    0.00000000
    0.00000000    0.00000000    0.00000000    1.00000000
    0.00000000    1.00000000    0.00000000    0.00000000
    1.00000000    0.00000000    0.00000000    0.00000000

     9.972769     7.511113     2.421611

    0.00000000    0.00000000    1.00000000
    0.00000000    1.00000000    0.00000000
    1.00000000    0.00000000    0.00000000

    11.154097     5.639501

    0.00000000    1.00000000
    1.00000000    0.00000000

Zn:cc-pCVDZ-ccECP
ccECP cc-pCVDZ for Zn | source recipes/Zn/ccECP/Zn.cc-pCVDZ.gamess | ccECP from A. Annaberdiyev et al. Journal of Chemical Physics 149, 134108 (2018) https://doi.org/10.1063/1.5040472

  4
    0    1    2    3
    6    6    5    2
   15   15   13    2

   114.485022    61.996430    40.117132    20.119649    10.171676
     5.601641     5.098898     2.864122     1.592779     1.375940
     0.826525     0.263975     0.145302     0.068195     0.031465

    0.00042900   -0.00010900    0.00066600    0.00000000    0.00000000
    0.00000000
   -0.01933900    0.00445900    0.00626900    0.00000000    0.00000000
    0.00000000
    0.08625400   -0.02006700   -0.04660300    0.00000000    0.00000000
    0.00000000
   -0.08895500    0.02233800    0.05039900    0.00000000    0.00000000
    0.00000000
   -0.40267100    0.09669800    0.36349300    0.00000000    0.00000000
    0.00000000
    0.06730400   -0.02196600   -0.24284000    0.00000000    0.00000000
    0.00000000
    0.00000000    0.00000000    0.00000000    0.00000000    0.00000000
    1.00000000
    0.47921500   -0.12876800   -0.38228100    0.00000000    0.00000000
    0.00000000
    0.50396000   -0.18170600   -0.86156700    0.00000000    0.00000000
    0.00000000
    0.00000000    0.00000000    0.00000000    0.00000000    1.00000000
    0.00000000
    0.22208800   -0.16231100    0.70607700    0.00000000    0.00000000
    0.00000000
    0.01220300    0.11626400    1.49500100    0.00000000    0.00000000
    0.00000000
   -0.00430000    0.41131400   -0.45399400    0.00000000    0.00000000
    0.00000000
    0.00124300    0.49425700   -0.59782200    0.00000000    0.00000000
    0.00000000
   -0.00026700    0.13810300   -0.25611700    1.00000000    0.00000000
    0.00000000

   158.770986    75.802876    44.547824    31.445269    13.080125
     7.892989     7.788616     4.195040     2.362276     1.706665
     1.302584     0.660704     0.249042     0.091781     0.048931

   -0.00015300    0.00005300   -0.00017000    0.00000000    0.00000000
    0.00000000
    0.00189300   -0.00057100    0.00060400    0.00000000    0.00000000
    0.00000000
    0.01046100   -0.00107300   -0.01998700    0.00000000    0.00000000
    0.00000000
   -0.04514100    0.00746300    0.06115300    0.00000000    0.00000000
    0.00000000
   -0.08420100    0.01867600    0.06731700    0.00000000    0.00000000
    0.00000000
    0.00000000    0.00000000    0.00000000    0.00000000    0.00000000
    1.00000000
    0.10497300   -0.02809000   -0.13921100    0.00000000    0.00000000
    0.00000000
    0.30771400   -0.05443800   -0.52704100    0.00000000    0.00000000
    0.00000000
    0.36856300   -0.09374400   -0.17619400    0.00000000    0.00000000
    0.00000000
    0.00000000    0.00000000    0.00000000    0.00000000    1.00000000
    0.00000000
    0.28633600   -0.05416900    0.03712900    0.00000000    0.00000000
    0.00000000
    0.09515600   -0.00797200    1.07932200    0.00000000    0.00000000
    0.00000000
    0.00585100    0.35619800   -0.05014900    0.00000000    0.00000000
    0.00000000
   -0.00003400    0.41239900   -0.68897100    0.00000000    0.00000000
    0.00000000
    0.00025200    0.36132100    0.03733100    1.00000000    0.00000000
    0.00000000

   270.014061   100.161579    43.530609    21.262419    10.577821
     5.343620     4.655140     2.704857     2.029918     1.353018
     0.660873     0.309149     0.133879

   -0.00001600    0.00001300    0.00000000    0.00000000    0.00000000
    0.00069600   -0.00088900    0.00000000    0.00000000    0.00000000
    0.01353600   -0.01864000    0.00000000    0.00000000    0.00000000
    0.06935000   -0.09464600    0.00000000    0.00000000    0.00000000
    0.14955900   -0.21565900    0.00000000    0.00000000    0.00000000
    0.23958800   -0.32246900    0.00000000    0.00000000    0.00000000
    0.00000000    0.00000000    0.00000000    0.00000000    1.00000000
    0.28674400   -0.19752900    0.00000000    0.00000000    0.00000000
    0.00000000    0.00000000    0.00000000    1.00000000    0.00000000
    0.27145900    0.16444800    0.00000000    0.00000000    0.00000000
    0.20242600    0.41001700    0.00000000    0.00000000    0.00000000
    0.10330700    0.32783800    0.00000000    0.00000000    0.00000000
    0.02321100    0.10574900    1.00000000    0.00000000    0.00000000

     8.867564     3.171936

    0.00000000    1.00000000
    1.00000000    0.00000000

Zn:cc-pCVQZ-ccECP
ccECP cc-pCVQZ for Zn | source recipes/Zn/ccECP/Zn.cc-pCVQZ.gamess | ccECP from A. Annaberdiyev et al. Journal of Chemical Physics 149, 134108 (2018) https://doi.org/10.1063/1.5040472

  6
    0    1    2    3    4    5
    8    8    7    4    3    2
   15   15   13    4    3    2

   114.485022    61.996430    40.117132    20.119649    10.171676
     5.601641     4.596407     3.627705     2.864122     1.592779
     0.826525     0.263975     0.145302     0.068195     0.031465

    0.00042900   -0.00010900    0.00066600    0.00070400    0.00561400
    0.00000000    0.00000000    0.00000000
   -0.01933900    0.00445900    0.00626900    0.01284100   -0.06659000
    0.00000000    0.00000000    0.00000000
    0.08625400   -0.02006700   -0.04660300   -0.08591000    0.24276300
    0.00000000    0.00000000    0.00000000
   -0.08895500    0.02233800    0.05039900    0.11798200   -0.43396800
    0.00000000    0.00000000    0.00000000
   -0.40267100    0.09669800    0.36349300    0.63016400   -0.79971200
    0.00000000    0.00000000    0.00000000
    0.06730400   -0.02196600   -0.24284000   -0.60034400    1.54215100
    0.00000000    0.00000000    0.00000000
    0.00000000    0.00000000    0.00000000    0.00000000    0.00000000
    0.00000000    0.00000000    1.00000000
    0.00000000    0.00000000    0.00000000    0.00000000    0.00000000
    0.00000000    1.00000000    0.00000000
    0.47921500   -0.12876800   -0.38228100   -1.24906000    3.08029900
    0.00000000    0.00000000    0.00000000
    0.50396000   -0.18170600   -0.86156700   -0.32949800   -6.19825000
    0.00000000    0.00000000    0.00000000
    0.22208800   -0.16231100    0.70607700    2.59246900    2.58176600
    0.00000000    0.00000000    0.00000000
    0.01220300    0.11626400    1.49500100   -1.00448100    3.21198800
    0.00000000    0.00000000    0.00000000
   -0.00430000    0.41131400   -0.45399400   -1.37951400   -4.76745700
    0.00000000    0.00000000    0.00000000
    0.00124300    0.49425700   -0.59782200    1.04684200    1.67656100
    0.00000000    0.00000000    0.00000000
   -0.00026700    0.13810300   -0.25611700    0.32467600    0.27090900
    1.00000000    0.00000000    0.00000000

   158.770986    75.802876    44.547824    31.445269    13.080125
    10.763329     7.788616     4.195040     3.439684     2.362276
     1.302584     0.660704     0.249042     0.091781     0.048931

   -0.00015300    0.00005300   -0.00017000   -0.00078100   -0.00030400
    0.00000000    0.00000000    0.00000000
    0.00189300   -0.00057100    0.00060400    0.00785500    0.00006000
    0.00000000    0.00000000    0.00000000
    0.01046100   -0.00107300   -0.01998700   -0.00867100   -0.03693100
    0.00000000    0.00000000    0.00000000
   -0.04514100    0.00746300    0.06115300   -0.04055300    0.14601900
    0.00000000    0.00000000    0.00000000
   -0.08420100    0.01867600    0.06731700   -0.20006200    0.22210400
    0.00000000    0.00000000    0.00000000
    0.00000000    0.00000000    0.00000000    0.00000000    0.00000000
    0.00000000    0.00000000    1.00000000
    0.10497300   -0.02809000   -0.13921100    0.52859900   -1.20631000
    0.00000000    0.00000000    0.00000000
    0.30771400   -0.05443800   -0.52704100    0.52855200   -0.64408400
    0.00000000    0.00000000    0.00000000
    0.00000000    0.00000000    0.00000000    0.00000000    0.00000000
    0.00000000    1.00000000    0.00000000
    0.36856300   -0.09374400   -0.17619400    0.24357600    2.39813600
    0.00000000    0.00000000    0.00000000
    0.28633600   -0.05416900    0.03712900   -1.80718200   -0.30444100
    0.00000000    0.00000000    0.00000000
    0.09515600   -0.00797200    1.07932200    0.62949600   -1.96089400
    0.00000000    0.00000000    0.00000000
    0.00585100    0.35619800   -0.05014900    1.13761300    1.89540000
    0.00000000    0.00000000    0.00000000
   -0.00003400    0.41239900   -0.68897100   -1.06715000   -0.82157700
    0.00000000    0.00000000    0.00000000
    0.00025200    0.36132100    0.03733100    0.02219000   -0.13247100
    1.00000000    0.00000000    0.00000000

   270.014061   100.161579    43.530609    21.262419    10.577821
     6.223852     5.872018     5.343620     2.704857     1.353018
     0.660873     0.309149     0.133879

   -0.00001600    0.00001300    0.00000700   -0.00008800    0.00000000
    0.00000000    0.00000000
    0.00069600   -0.00088900    0.00086800   -0.00067400    0.00000000
    0.00000000    0.00000000
    0.01353600   -0.01864000    0.02163100   -0.03072600    0.00000000
    0.00000000    0.00000000
    0.06935000   -0.09464600    0.10774800   -0.14321800    0.00000000
    0.00000000    0.00000000
    0.14955900   -0.21565900    0.27899700   -0.44533000    0.00000000
    0.00000000    0.00000000
    0.00000000    0.00000000    0.00000000    0.00000000    0.00000000
    0.00000000    1.00000000
    0.00000000    0.00000000    0.00000000    0.00000000    0.00000000
    1.00000000    0.00000000
    0.23958800   -0.32246900    0.31454300   -0.13669300    0.00000000
    0.00000000    0.00000000
    0.28674400   -0.19752900   -0.24192600    0.92782300    0.00000000
    0.00000000    0.00000000
    0.27145900    0.16444800   -0.60241500    0.14320400    0.00000000
    0.00000000    0.00000000
    0.20242600    0.41001700   -0.11801300   -1.06020200    0.00000000
    0.00000000    0.00000000
    0.10330700    0.32783800    0.54548200    0.16045200    0.00000000
    0.00000000    0.00000000
    0.02321100    0.10574900    0.36382900    0.65854200    1.00000000
    0.00000000    0.00000000

     9.250405     5.193386     2.855136     0.881237

    0.00000000    0.00000000    1.00000000    0.00000000
    0.00000000    0.00000000    0.00000000    1.00000000
    0.00000000    1.00000000    0.00000000    0.00000000
    1.00000000    0.00000000    0.00000000    0.00000000

     7.952907     7.061991     2.097503

    0.00000000    0.00000000    1.00000000
    0.00000000    1.00000000    0.00000000
    1.00000000    0.00000000    0.00000000

     9.808424     4.405055

    0.00000000    1.00000000
    1.00000000    0.00000000

Zn:cc-pCVTZ-ccECP
ccECP cc-pCVTZ for Zn | source recipes/Zn/ccECP/Zn.cc-pCVTZ.gamess | ccECP from A. Annaberdiyev et al. Journal of Chemical Physics 149, 134108 (2018) https://doi.org/10.1063/1.5040472

  5
    0    1    2    3    4
    7    7    6    3    2
   15   15   13    3    2

   114.485022    61.996430    40.117132    20.119649    10.171676
     5.601641     4.949808     2.864122     2.070009     1.592779
     0.826525     0.263975     0.145302     0.068195     0.031465

    0.00042900   -0.00010900    0.00066600    0.00070400    0.00000000
    0.00000000    0.00000000
   -0.01933900    0.00445900    0.00626900    0.01284100    0.00000000
    0.00000000    0.00000000
    0.08625400   -0.02006700   -0.04660300   -0.08591000    0.00000000
    0.00000000    0.00000000
   -0.08895500    0.02233800    0.05039900    0.11798200    0.00000000
    0.00000000    0.00000000
   -0.40267100    0.09669800    0.36349300    0.63016400    0.00000000
    0.00000000    0.00000000
    0.06730400   -0.02196600   -0.24284000   -0.60034400    0.00000000
    0.00000000    0.00000000
    0.00000000    0.00000000    0.00000000    0.00000000    0.00000000
    0.00000000    1.00000000
    0.47921500   -0.12876800   -0.38228100   -1.24906000    0.00000000
    0.00000000    0.00000000
    0.00000000    0.00000000    0.00000000    0.00000000    0.00000000
    1.00000000    0.00000000
    0.50396000   -0.18170600   -0.86156700   -0.32949800    0.00000000
    0.00000000    0.00000000
    0.22208800   -0.16231100    0.70607700    2.59246900    0.00000000
    0.00000000    0.00000000
    0.01220300    0.11626400    1.49500100   -1.00448100    0.00000000
    0.00000000    0.00000000
   -0.00430000    0.41131400   -0.45399400   -1.37951400    0.00000000
    0.00000000    0.00000000
    0.00124300    0.49425700   -0.59782200    1.04684200    0.00000000
    0.00000000    0.00000000
   -0.00026700    0.13810300   -0.25611700    0.32467600    1.00000000
    0.00000000    0.00000000

   158.770986    75.802876    44.547824    31.445269    13.080125
     9.481024     7.788616     4.195040     2.419925     2.362276
     1.302584     0.660704     0.249042     0.091781     0.048931

   -0.00015300    0.00005300   -0.00017000   -0.00078100    0.00000000
    0.00000000    0.00000000
    0.00189300   -0.00057100    0.00060400    0.00785500    0.00000000
    0.00000000    0.00000000
    0.01046100   -0.00107300   -0.01998700   -0.00867100    0.00000000
    0.00000000    0.00000000
   -0.04514100    0.00746300    0.06115300   -0.04055300    0.00000000
    0.00000000    0.00000000
   -0.08420100    0.01867600    0.06731700   -0.20006200    0.00000000
    0.00000000    0.00000000
    0.00000000    0.00000000    0.00000000    0.00000000    0.00000000
    0.00000000    1.00000000
    0.10497300   -0.02809000   -0.13921100    0.52859900    0.00000000
    0.00000000    0.00000000
    0.30771400   -0.05443800   -0.52704100    0.52855200    0.00000000
    0.00000000    0.00000000
    0.00000000    0.00000000    0.00000000    0.00000000    0.00000000
    1.00000000    0.00000000
    0.36856300   -0.09374400   -0.17619400    0.24357600    0.00000000
    0.00000000    0.00000000
    0.28633600   -0.05416900    0.03712900   -1.80718200    0.00000000
    0.00000000    0.00000000
    0.09515600   -0.00797200    1.07932200    0.62949600    0.00000000
    0.00000000    0.00000000
    0.00585100    0.35619800   -0.05014900    1.13761300    0.00000000
    0.00000000    0.00000000
   -0.00003400    0.41239900   -0.68897100   -1.06715000    0.00000000
    0.00000000    0.00000000
    0.00025200    0.36132100    0.03733100    0.02219000    1.00000000
    0.00000000    0.00000000

   270.014061   100.161579    43.530609    21.262419    10.577821
     6.122191     5.343620     3.443296     2.704857     1.353018
     0.660873     0.309149     0.133879

   -0.00001600    0.00001300    0.00000700    0.00000000    0.00000000
    0.00000000
    0.00069600   -0.00088900    0.00086800    0.00000000    0.00000000
    0.00000000
    0.01353600   -0.01864000    0.02163100    0.00000000    0.00000000
    0.00000000
    0.06935000   -0.09464600    0.10774800    0.00000000    0.00000000
    0.00000000
    0.14955900   -0.21565900    0.27899700    0.00000000    0.00000000
    0.00000000
    0.00000000    0.00000000    0.00000000    0.00000000    0.00000000
    1.00000000
    0.23958800   -0.32246900    0.31454300    0.00000000    0.00000000
    0.00000000
    0.00000000    0.00000000    0.00000000    0.00000000    1.00000000
    0.00000000
    0.28674400   -0.19752900   -0.24192600    0.00000000    0.00000000
    0.00000000
    0.27145900    0.16444800   -0.60241500    0.00000000    0.00000000
    0.00000000
    0.20242600    0.41001700   -0.11801300    0.00000000    0.00000000
    0.00000000
    0.10330700    0.32783800    0.54548200    0.00000000    0.00000000
    0.00000000
    0.02321100    0.10574900    0.36382900    1.00000000    0.00000000
    0.00000000

    11.180611     6.000349     1.520399

    0.00000000    0.00000000    1.00000000
    0.00000000    1.00000000    0.00000000
    1.00000000    0.00000000    0.00000000

     9.295253     4.099533

    0.00000000    1.00000000
    1.00000000    0.00000000

Zn:cc-pV5Z-ccECP
ccECP cc-pV5Z for Zn | source recipes/Zn/ccECP/Zn.cc-pV5Z.gamess | ccECP from A. Annaberdiyev et al. Journal of Chemical Physics 149, 134108 (2018) https://doi.org/10.1063/1.5040472

  7
    0    1    2    3    4    5    6
    7    7    6    4    3    2    1
   13   13   11    4    3    2    1

   114.485022    61.996430    40.117132    20.119649    10.171676
     5.601641     2.864122     1.592779     0.826525     0.263975
     0.145302     0.068195     0.031465

    0.00042900   -0.00010900    0.00066600    0.00070400    0.00561400
   -0.00145800    0.00000000
   -0.01933900    0.00445900    0.00626900    0.01284100   -0.06659000
    0.05360200    0.00000000
    0.08625400   -0.02006700   -0.04660300   -0.08591000    0.24276300
   -0.29854900    0.00000000
   -0.08895500    0.02233800    0.05039900    0.11798200   -0.43396800
    0.71066200    0.00000000
   -0.40267100    0.09669800    0.36349300    0.63016400   -0.79971200
    1.69169500    0.00000000
    0.06730400   -0.02196600   -0.24284000   -0.60034400    1.54215100
   -6.87135200    0.00000000
    0.47921500   -0.12876800   -0.38228100   -1.24906000    3.08029900
    6.72361500    0.00000000
    0.50396000   -0.18170600   -0.86156700   -0.32949800   -6.19825000
    0.19685400    0.00000000
    0.22208800   -0.16231100    0.70607700    2.59246900    2.58176600
   -4.99731400    0.00000000
    0.01220300    0.11626400    1.49500100   -1.00448100    3.21198800
    7.57331800    0.00000000
   -0.00430000    0.41131400   -0.45399400   -1.37951400   -4.76745700
   -6.94339000    0.00000000
    0.00124300    0.49425700   -0.59782200    1.04684200    1.67656100
    1.83160800    0.00000000
   -0.00026700    0.13810300   -0.25611700    0.32467600    0.27090900
    0.26083500    1.00000000

   158.770986    75.802876    44.547824    31.445269    13.080125
     7.788616     4.195040     2.362276     1.302584     0.660704
     0.249042     0.091781     0.048931

   -0.00015300    0.00005300   -0.00017000   -0.00078100   -0.00030400
    0.00325100    0.00000000
    0.00189300   -0.00057100    0.00060400    0.00785500    0.00006000
   -0.02360900    0.00000000
    0.01046100   -0.00107300   -0.01998700   -0.00867100   -0.03693100
    0.15491100    0.00000000
   -0.04514100    0.00746300    0.06115300   -0.04055300    0.14601900
   -0.38553900    0.00000000
   -0.08420100    0.01867600    0.06731700   -0.20006200    0.22210400
    0.04302800    0.00000000
    0.10497300   -0.02809000   -0.13921100    0.52859900   -1.20631000
    2.49137200    0.00000000
    0.30771400   -0.05443800   -0.52704100    0.52855200   -0.64408400
   -2.76365900    0.00000000
    0.36856300   -0.09374400   -0.17619400    0.24357600    2.39813600
   -1.61456300    0.00000000
    0.28633600   -0.05416900    0.03712900   -1.80718200   -0.30444100
    5.18203200    0.00000000
    0.09515600   -0.00797200    1.07932200    0.62949600   -1.96089400
   -4.10536000    0.00000000
    0.00585100    0.35619800   -0.05014900    1.13761300    1.89540000
    1.71270200    0.00000000
   -0.00003400    0.41239900   -0.68897100   -1.06715000   -0.82157700
   -0.16883700    0.00000000
    0.00025200    0.36132100    0.03733100    0.02219000   -0.13247100
   -0.45499800    1.00000000

   270.014061   100.161579    43.530609    21.262419    10.577821
     5.343620     2.704857     1.353018     0.660873     0.309149
     0.133879

   -0.00001600    0.00001300    0.00000700   -0.00008800    0.00011500
    0.00000000
    0.00069600   -0.00088900    0.00086800   -0.00067400    0.00099700
    0.00000000
    0.01353600   -0.01864000    0.02163100   -0.03072600    0.04174200
    0.00000000
    0.06935000   -0.09464600    0.10774800   -0.14321800    0.22376100
    0.00000000
    0.14955900   -0.21565900    0.27899700   -0.44533000    0.73092800
    0.00000000
    0.23958800   -0.32246900    0.31454300   -0.13669300   -0.86990000
    0.00000000
    0.28674400   -0.19752900   -0.24192600    0.92782300   -0.85052900
    0.00000000
    0.27145900    0.16444800   -0.60241500    0.14320400    1.81569400
    0.00000000
    0.20242600    0.41001700   -0.11801300   -1.06020200   -0.68110900
    0.00000000
    0.10330700    0.32783800    0.54548200    0.16045200   -0.81728000
    0.00000000
    0.02321100    0.10574900    0.36382900    0.65854200    0.88730900
    1.00000000

    12.859800     4.600166     1.645556     0.588643

    0.00000000    0.00000000    0.00000000    1.00000000
    0.00000000    0.00000000    1.00000000    0.00000000
    0.00000000    1.00000000    0.00000000    0.00000000
    1.00000000    0.00000000    0.00000000    0.00000000

    10.238310     3.621387     1.280919

    0.00000000    0.00000000    1.00000000
    0.00000000    1.00000000    0.00000000
    1.00000000    0.00000000    0.00000000

     7.511113     2.421611

    0.00000000    1.00000000
    1.00000000    0.00000000

     5.639501

    1.00000000

Zn:cc-pVDZ-ccECP
ccECP cc-pVDZ for Zn | source recipes/Zn/ccECP/Zn.cc-pVDZ.gamess | ccECP from A. Annaberdiyev et al. Journal of Chemical Physics 149, 134108 (2018) https://doi.org/10.1063/1.5040472

  4
    0    1    2    3
    4    4    3    1
   13   13   11    1

   114.485022    61.996430    40.117132    20.119649    10.171676
     5.601641     2.864122     1.592779     0.826525     0.263975
     0.145302     0.068195     0.031465

    0.00042900   -0.00010900    0.00066600    0.00000000
   -0.01933900    0.00445900    0.00626900    0.00000000
    0.08625400   -0.02006700   -0.04660300    0.00000000
   -0.08895500    0.02233800    0.05039900    0.00000000
   -0.40267100    0.09669800    0.36349300    0.00000000
    0.06730400   -0.02196600   -0.24284000    0.00000000
    0.47921500   -0.12876800   -0.38228100    0.00000000
    0.50396000   -0.18170600   -0.86156700    0.00000000
    0.22208800   -0.16231100    0.70607700    0.00000000
    0.01220300    0.11626400    1.49500100    0.00000000
   -0.00430000    0.41131400   -0.45399400    0.00000000
    0.00124300    0.49425700   -0.59782200    0.00000000
   -0.00026700    0.13810300   -0.25611700    1.00000000

   158.770986    75.802876    44.547824    31.445269    13.080125
     7.788616     4.195040     2.362276     1.302584     0.660704
     0.249042     0.091781     0.048931

   -0.00015300    0.00005300   -0.00017000    0.00000000
    0.00189300   -0.00057100    0.00060400    0.00000000
    0.01046100   -0.00107300   -0.01998700    0.00000000
   -0.04514100    0.00746300    0.06115300    0.00000000
   -0.08420100    0.01867600    0.06731700    0.00000000
    0.10497300   -0.02809000   -0.13921100    0.00000000
    0.30771400   -0.05443800   -0.52704100    0.00000000
    0.36856300   -0.09374400   -0.17619400    0.00000000
    0.28633600   -0.05416900    0.03712900    0.00000000
    0.09515600   -0.00797200    1.07932200    0.00000000
    0.00585100    0.35619800   -0.05014900    0.00000000
   -0.00003400    0.41239900   -0.68897100    0.00000000
    0.00025200    0.36132100    0.03733100    1.00000000

   270.014061   100.161579    43.530609    21.262419    10.577821
     5.343620     2.704857     1.353018     0.660873     0.309149
     0.133879

   -0.00001600    0.00001300    0.00000000
    0.00069600   -0.00088900    0.00000000
    0.01353600   -0.01864000    0.00000000
    0.06935000   -0.09464600    0.00000000
    0.14955900   -0.21565900    0.00000000
    0.23958800   -0.32246900    0.00000000
    0.28674400   -0.19752900    0.00000000
    0.27145900    0.16444800    0.00000000
    0.20242600    0.41001700    0.00000000
    0.10330700    0.32783800    0.00000000
    0.02321100    0.10574900    1.00000000

     3.171936

    1.00000000

Zn:cc-pVQZ-ccECP
ccECP cc-pVQZ for Zn | source recipes/Zn/ccECP/Zn.cc-pVQZ.gamess | ccECP from A. Annaberdiyev et al. Journal of Chemical Physics 149, 134108 (2018) https://doi.org/10.1063/1.5040472

  6
    0    1    2    3    4    5
    6    6    5    3    2    1
   13   13   11    3    2    1

   114.485022    61.996430    40.117132    20.119649    10.171676
     5.601641     2.864122     1.592779     0.826525     0.263975
     0.145302     0.068195     0.031465

    0.00042900   -0.00010900    0.00066600    0.00070400    0.00561400
    0.00000000
   -0.01933900    0.00445900    0.00626900    0.01284100   -0.06659000
    0.00000000
    0.08625400   -0.02006700   -0.04660300   -0.08591000    0.24276300
    0.00000000
   -0.08895500    0.02233800    0.05039900    0.11798200   -0.43396800
    0.00000000
   -0.40267100    0.09669800    0.36349300    0.63016400   -0.79971200
    0.00000000
    0.06730400   -0.02196600   -0.24284000   -0.60034400    1.54215100
    0.00000000
    0.47921500   -0.12876800   -0.38228100   -1.24906000    3.08029900
    0.00000000
    0.50396000   -0.18170600   -0.86156700   -0.32949800   -6.19825000
    0.00000000
    0.22208800   -0.16231100    0.70607700    2.59246900    2.58176600
    0.00000000
    0.01220300    0.11626400    1.49500100   -1.00448100    3.21198800
    0.00000000
   -0.00430000    0.41131400   -0.45399400   -1.37951400   -4.76745700
    0.00000000
    0.00124300    0.49425700   -0.59782200    1.04684200    1.67656100
    0.00000000
   -0.00026700    0.13810300   -0.25611700    0.32467600    0.27090900
    1.00000000

   158.770986    75.802876    44.547824    31.445269    13.080125
     7.788616     4.195040     2.362276     1.302584     0.660704
     0.249042     0.091781     0.048931

   -0.00015300    0.00005300   -0.00017000   -0.00078100   -0.00030400
    0.00000000
    0.00189300   -0.00057100    0.00060400    0.00785500    0.00006000
    0.00000000
    0.01046100   -0.00107300   -0.01998700   -0.00867100   -0.03693100
    0.00000000
   -0.04514100    0.00746300    0.06115300   -0.04055300    0.14601900
    0.00000000
   -0.08420100    0.01867600    0.06731700   -0.20006200    0.22210400
    0.00000000
    0.10497300   -0.02809000   -0.13921100    0.52859900   -1.20631000
    0.00000000
    0.30771400   -0.05443800   -0.52704100    0.52855200   -0.64408400
    0.00000000
    0.36856300   -0.09374400   -0.17619400    0.24357600    2.39813600
    0.00000000
    0.28633600   -0.05416900    0.03712900   -1.80718200   -0.30444100
    0.00000000
    0.09515600   -0.00797200    1.07932200    0.62949600   -1.96089400
    0.00000000
    0.00585100    0.35619800   -0.05014900    1.13761300    1.89540000
    0.00000000
   -0.00003400    0.41239900   -0.68897100   -1.06715000   -0.82157700
    0.00000000
    0.00025200    0.36132100    0.03733100    0.02219000   -0.13247100
    1.00000000

   270.014061   100.161579    43.530609    21.262419    10.577821
     5.343620     2.704857     1.353018     0.660873     0.309149
     0.133879

   -0.00001600    0.00001300    0.00000700   -0.00008800    0.00000000
    0.00069600   -0.00088900    0.00086800   -0.00067400    0.00000000
    0.01353600   -0.01864000    0.02163100   -0.03072600    0.00000000
    0.06935000   -0.09464600    0.10774800   -0.14321800    0.00000000
    0.14955900   -0.21565900    0.27899700   -0.44533000    0.00000000
    0.23958800   -0.32246900    0.31454300   -0.13669300    0.00000000
    0.28674400   -0.19752900   -0.24192600    0.92782300    0.00000000
    0.27145900    0.16444800   -0.60241500    0.14320400    0.00000000
    0.20242600    0.41001700   -0.11801300   -1.06020200    0.00000000
    0.10330700    0.32783800    0.54548200    0.16045200    0.00000000
    0.02321100    0.10574900    0.36382900    0.65854200    1.00000000

     9.250405     2.855136     0.881237

    0.00000000    0.00000000    1.00000000
    0.00000000    1.00000000    0.00000000
    1.00000000    0.00000000    0.00000000

     7.061991     2.097503

    0.00000000    1.00000000
    1.00000000    0.00000000

     4.405055

    1.00000000

Zn:cc-pVTZ-ccECP
ccECP cc-pVTZ for Zn | source recipes/Zn/ccECP/Zn.cc-pVTZ.gamess | ccECP from A. Annaberdiyev et al. Journal of Chemical Physics 149, 134108 (2018) https://doi.org/10.1063/1.5040472

  5
    0    1    2    3    4
    5    5    4    2    1
   13   13   11    2    1

   114.485022    61.996430    40.117132    20.119649    10.171676
     5.601641     2.864122     1.592779     0.826525     0.263975
     0.145302     0.068195     0.031465

    0.00042900   -0.00010900    0.00066600    0.00070400    0.00000000
   -0.01933900    0.00445900    0.00626900    0.01284100    0.00000000
    0.08625400   -0.02006700   -0.04660300   -0.08591000    0.00000000
   -0.08895500    0.02233800    0.05039900    0.11798200    0.00000000
   -0.40267100    0.09669800    0.36349300    0.63016400    0.00000000
    0.06730400   -0.02196600   -0.24284000   -0.60034400    0.00000000
    0.47921500   -0.12876800   -0.38228100   -1.24906000    0.00000000
    0.50396000   -0.18170600   -0.86156700   -0.32949800    0.00000000
    0.22208800   -0.16231100    0.70607700    2.59246900    0.00000000
    0.01220300    0.11626400    1.49500100   -1.00448100    0.00000000
   -0.00430000    0.41131400   -0.45399400   -1.37951400    0.00000000
    0.00124300    0.49425700   -0.59782200    1.04684200    0.00000000
   -0.00026700    0.13810300   -0.25611700    0.32467600    1.00000000

   158.770986    75.802876    44.547824    31.445269    13.080125
     7.788616     4.195040     2.362276     1.302584     0.660704
     0.249042     0.091781     0.048931

   -0.00015300    0.00005300   -0.00017000   -0.00078100    0.00000000
    0.00189300   -0.00057100    0.00060400    0.00785500    0.00000000
    0.01046100   -0.00107300   -0.01998700   -0.00867100    0.00000000
   -0.04514100    0.00746300    0.06115300   -0.04055300    0.00000000
   -0.08420100    0.01867600    0.06731700   -0.20006200    0.00000000
    0.10497300   -0.02809000   -0.13921100    0.52859900    0.00000000
    0.30771400   -0.05443800   -0.52704100    0.52855200    0.00000000
    0.36856300   -0.09374400   -0.17619400    0.24357600    0.00000000
    0.28633600   -0.05416900    0.03712900   -1.80718200    0.00000000
    0.09515600   -0.00797200    1.07932200    0.62949600    0.00000000
    0.00585100    0.35619800   -0.05014900    1.13761300    0.00000000
   -0.00003400    0.41239900   -0.68897100   -1.06715000    0.00000000
    0.00025200    0.36132100    0.03733100    0.02219000    1.00000000

   270.014061   100.161579    43.530609    21.262419    10.577821
     5.343620     2.704857     1.353018     0.660873     0.309149
     0.133879

   -0.00001600    0.00001300    0.00000700    0.00000000
    0.00069600   -0.00088900    0.00086800    0.00000000
    0.01353600   -0.01864000    0.02163100    0.00000000
    0.06935000   -0.09464600    0.10774800    0.00000000
    0.14955900   -0.21565900    0.27899700    0.00000000
    0.23958800   -0.32246900    0.31454300    0.00000000
    0.28674400   -0.19752900   -0.24192600    0.00000000
    0.27145900    0.16444800   -0.60241500    0.00000000
    0.20242600    0.41001700   -0.11801300    0.00000000
    0.10330700    0.32783800    0.54548200    0.00000000
    0.02321100    0.10574900    0.36382900    1.00000000

     6.000349     1.520399

    0.00000000    1.00000000
    1.00000000    0.00000000

     4.099533

    1.00000000

