
Ti:aug-cc-pCV5Z-ccECP
ccECP aug-cc-pCV5Z for Ti | source recipes/Ti/ccECP/Ti.aug-cc-pCV5Z.gamess | ccECP from A. Annaberdiyev et al. Journal of Chemical Physics 149, 134108 (2018) https://doi.org/10.1063/1.5040472

  7
    0    1    2    3    4    5    6
   10   10    9    6    5    4    3
   16   16   14    6    5    4    3

   68.910511   33.720700   18.159676   12.419305    7.532195
    3.504444    2.432281    1.915355    1.910727    0.888840
    0.447198    0.281192    0.100258    0.046525    0.021840
    0.010000

    0.00061600   -0.00015600    0.00063500   -0.00117800    0.00011500
   -0.00502200    0.00000000    0.00000000    0.00000000    0.00000000
   -0.00750100    0.00196600   -0.00646800    0.01187700    0.00283300
    0.04581200    0.00000000    0.00000000    0.00000000    0.00000000
    0.01221800   -0.00399400    0.02344400   -0.04724000    0.00614100
   -0.22302100    0.00000000    0.00000000    0.00000000    0.00000000
    0.14473900   -0.03637700    0.03892100   -0.05092200   -0.20968200
    0.09844300    0.00000000    0.00000000    0.00000000    0.00000000
   -0.32862100    0.08859300   -0.14118000    0.23774600    0.51836700
    0.47843000    0.00000000    0.00000000    0.00000000    0.00000000
   -0.31751700    0.08563000   -0.21476500    0.40318500    0.30416400
    1.06108500    0.00000000    0.00000000    0.00000000    0.00000000
    0.00000000    0.00000000    0.00000000    0.00000000    0.00000000
    0.00000000    0.00000000    0.00000000    0.00000000    1.00000000
    0.00000000    0.00000000    0.00000000    0.00000000    0.00000000
    0.00000000    0.00000000    0.00000000    1.00000000    0.00000000
    0.35742200   -0.10599300    0.32015100   -0.79096100   -1.23286300
   -4.89319600    0.00000000    0.00000000    0.00000000    0.00000000
    0.67140600   -0.23742100    0.45106200   -1.10227600   -2.09050800
    4.88955200    0.00000000    0.00000000    0.00000000    0.00000000
    0.28222600   -0.23535900    0.85519100    0.20944600    7.09271500
    2.48209600    0.00000000    0.00000000    0.00000000    0.00000000
    0.03867300   -0.01296000   -1.20922400    2.52735200   -4.54374400
   -7.42136100    0.00000000    0.00000000    0.00000000    0.00000000
    0.00455900    0.43358200   -1.31948100   -1.78904100   -2.24827000
    7.32453500    0.00000000    0.00000000    0.00000000    0.00000000
   -0.00156500    0.57787300    0.86651700   -0.86784200    4.47391800
   -6.28225700    0.00000000    0.00000000    0.00000000    0.00000000
    0.00039800    0.16436000    0.61891600    1.42739500   -2.42629600
    2.41326500    1.00000000    0.00000000    0.00000000    0.00000000
    0.00000000    0.00000000    0.00000000    0.00000000    0.00000000
    0.00000000    0.00000000    1.00000000    0.00000000    0.00000000

   84.914002   42.855051   21.700131   12.214690    8.319164
    4.835111    4.091071    2.286543    1.303007    1.159810
    0.591343    0.312862    0.184828    0.068590    0.026791
    0.013000

    0.00009300    0.00002000    0.00001900   -0.00025700    0.00027100
   -0.00374600    0.00000000    0.00000000    0.00000000    0.00000000
   -0.00083600   -0.00004900    0.00013800    0.00172500   -0.00190200
    0.02080700    0.00000000    0.00000000    0.00000000    0.00000000
    0.00867900   -0.00076100   -0.00462200   -0.01264600    0.01541200
   -0.09320200    0.00000000    0.00000000    0.00000000    0.00000000
   -0.01117800   -0.00057500    0.00446500    0.02906200   -0.03758600
    0.32919000    0.00000000    0.00000000    0.00000000    0.00000000
   -0.07776700    0.01828400    0.06576000    0.05897900   -0.12453600
   -0.26508700    0.00000000    0.00000000    0.00000000    0.00000000
    0.00000000    0.00000000    0.00000000    0.00000000    0.00000000
    0.00000000    0.00000000    0.00000000    0.00000000    1.00000000
   -0.00611300   -0.00594300   -0.01892700    0.03080600    0.04081200
    0.35306800    0.00000000    0.00000000    0.00000000    0.00000000
    0.27182800   -0.04321200   -0.22252400   -0.52437300    1.34382300
   -2.77876500    0.00000000    0.00000000    0.00000000    0.00000000
    0.00000000    0.00000000    0.00000000    0.00000000    0.00000000
    0.00000000    0.00000000    0.00000000    1.00000000    0.00000000
    0.45958500   -0.11251300   -0.52389000   -0.72096800   -0.26941100
    4.95982700    0.00000000    0.00000000    0.00000000    0.00000000
    0.31590000   -0.05207300   -0.07127700    1.02320400   -3.72959000
   -3.87445400    0.00000000    0.00000000    0.00000000    0.00000000
    0.07168300   -0.09226300    0.81271200    1.97387400    5.88498300
   -0.17839700    0.00000000    0.00000000    0.00000000    0.00000000
    0.01054100    0.24394600    0.62549800   -2.80509200   -3.11385300
    2.64474200    0.00000000    0.00000000    0.00000000    0.00000000
    0.00004500    0.41310100   -0.81218900    0.60795400   -0.25697300
   -2.41663200    0.00000000    0.00000000    0.00000000    0.00000000
   -0.00083700    0.54398500   -0.18579600    0.44765300    0.71073300
    1.41897300    1.00000000    0.00000000    0.00000000    0.00000000
    0.00000000    0.00000000    0.00000000    0.00000000    0.00000000
    0.00000000    0.00000000    1.00000000    0.00000000    0.00000000

   77.434559   27.708477   12.914284    6.062674    2.864191
    2.863898    2.162081    1.386559    0.677058    0.329864
    0.159474    0.076174    0.028570    0.014000

    0.00002200   -0.00002500    0.00001000    0.00001100   -0.00001300
    0.00000000    0.00000000    0.00000000    0.00000000
    0.00421800   -0.00431100    0.00618700   -0.00802600   -0.01172700
    0.00000000    0.00000000    0.00000000    0.00000000
    0.03008700   -0.03091300    0.04263000   -0.05387500   -0.08166200
    0.00000000    0.00000000    0.00000000    0.00000000
    0.08482100   -0.08804900    0.12752400   -0.16879500   -0.26347400
    0.00000000    0.00000000    0.00000000    0.00000000
    0.00000000    0.00000000    0.00000000    0.00000000    0.00000000
    0.00000000    0.00000000    0.00000000    1.00000000
    0.17111000   -0.17833000    0.24828900   -0.31234400   -0.44608900
    0.00000000    0.00000000    0.00000000    0.00000000
    0.00000000    0.00000000    0.00000000    0.00000000    0.00000000
    0.00000000    0.00000000    1.00000000    0.00000000
    0.24745100   -0.23433500    0.25976100   -0.17203100    0.34288500
    0.00000000    0.00000000    0.00000000    0.00000000
    0.27731000   -0.19577500   -0.07079400    0.58763300    1.15809700
    0.00000000    0.00000000    0.00000000    0.00000000
    0.26107700    0.06587200   -0.51939600    0.52859200   -1.39803900
    0.00000000    0.00000000    0.00000000    0.00000000
    0.19033600    0.33053600   -0.37365800   -0.85964400   -0.13932000
    0.00000000    0.00000000    0.00000000    0.00000000
    0.11938500    0.46122900    0.45506700   -0.27383100    1.17395400
    0.00000000    0.00000000    0.00000000    0.00000000
    0.03129700    0.18427300    0.48958600    0.80275400   -0.80232000
    1.00000000    0.00000000    0.00000000    0.00000000
    0.00000000    0.00000000    0.00000000    0.00000000    0.00000000
    0.00000000    1.00000000    0.00000000    0.00000000

    3.744629    2.480939    1.257932    0.422577    0.141956
    0.047687

    0.00000000    0.00000000    0.00000000    0.00000000    1.00000000
    0.00000000
    0.00000000    0.00000000    0.00000000    0.00000000    0.00000000
    1.00000000
    0.00000000    0.00000000    0.00000000    1.00000000    0.00000000
    0.00000000
    0.00000000    0.00000000    1.00000000    0.00000000    0.00000000
    0.00000000
    0.00000000    1.00000000    0.00000000    0.00000000    0.00000000
    0.00000000
    1.00000000    0.00000000    0.00000000    0.00000000    0.00000000
    0.00000000

    3.647632    2.636172    0.841165    0.268404    0.085644

    0.00000000    0.00000000    0.00000000    0.00000000    1.00000000
    0.00000000    0.00000000    0.00000000    1.00000000    0.00000000
    0.00000000    0.00000000    1.00000000    0.00000000    0.00000000
    0.00000000    1.00000000    0.00000000    0.00000000    0.00000000
    1.00000000    0.00000000    0.00000000    0.00000000    0.00000000

    3.922726    1.872404    0.518283    0.143461

    0.00000000    0.00000000    0.00000000    1.00000000
    0.00000000    0.00000000    1.00000000    0.00000000
    0.00000000    1.00000000    0.00000000    0.00000000
    1.00000000    0.00000000    0.00000000    0.00000000

    3.318603    0.927112    0.372799

    0.00000000    0.00000000    1.00000000
    0.00000000    1.00000000    0.00000000
    1.00000000    0.00000000    0.00000000

Ti:aug-cc-pCVDZ-ccECP
ccECP aug-cc-pCVDZ for Ti | source recipes/Ti/ccECP/Ti.aug-cc-pCVDZ.gamess | ccECP from A. Annaberdiyev et al. Journal of Chemical Physics 149, 134108 (2018) https://doi.org/10.1063/1.5040472

  4
    0    1    2    3
    7    7    6    3
   16   16   14    3

   68.910511   33.720700   18.159676   12.419305    7.532195
    3.504444    2.205011    1.910727    0.888840    0.591537
    0.447198    0.281192    0.100258    0.046525    0.021840
    0.010000

    0.00061600   -0.00015600    0.00063500    0.00000000    0.00000000
    0.00000000    0.00000000
   -0.00750100    0.00196600   -0.00646800    0.00000000    0.00000000
    0.00000000    0.00000000
    0.01221800   -0.00399400    0.02344400    0.00000000    0.00000000
    0.00000000    0.00000000
    0.14473900   -0.03637700    0.03892100    0.00000000    0.00000000
    0.00000000    0.00000000
   -0.32862100    0.08859300   -0.14118000    0.00000000    0.00000000
    0.00000000    0.00000000
   -0.31751700    0.08563000   -0.21476500    0.00000000    0.00000000
    0.00000000    0.00000000
    0.00000000    0.00000000    0.00000000    0.00000000    0.00000000
    0.00000000    1.00000000
    0.35742200   -0.10599300    0.32015100    0.00000000    0.00000000
    0.00000000    0.00000000
    0.67140600   -0.23742100    0.45106200    0.00000000    0.00000000
    0.00000000    0.00000000
    0.00000000    0.00000000    0.00000000    0.00000000    0.00000000
    1.00000000    0.00000000
    0.28222600   -0.23535900    0.85519100    0.00000000    0.00000000
    0.00000000    0.00000000
    0.03867300   -0.01296000   -1.20922400    0.00000000    0.00000000
    0.00000000    0.00000000
    0.00455900    0.43358200   -1.31948100    0.00000000    0.00000000
    0.00000000    0.00000000
   -0.00156500    0.57787300    0.86651700    0.00000000    0.00000000
    0.00000000    0.00000000
    0.00039800    0.16436000    0.61891600    1.00000000    0.00000000
    0.00000000    0.00000000
    0.00000000    0.00000000    0.00000000    0.00000000    1.00000000
    0.00000000    0.00000000

   84.914002   42.855051   21.700131   12.214690    8.319164
    4.091071    3.138882    2.286543    1.159810    0.675360
    0.591343    0.312862    0.184828    0.068590    0.026791
    0.013000

    0.00009300    0.00002000    0.00001900    0.00000000    0.00000000
    0.00000000    0.00000000
   -0.00083600   -0.00004900    0.00013800    0.00000000    0.00000000
    0.00000000    0.00000000
    0.00867900   -0.00076100   -0.00462200    0.00000000    0.00000000
    0.00000000    0.00000000
   -0.01117800   -0.00057500    0.00446500    0.00000000    0.00000000
    0.00000000    0.00000000
   -0.07776700    0.01828400    0.06576000    0.00000000    0.00000000
    0.00000000    0.00000000
   -0.00611300   -0.00594300   -0.01892700    0.00000000    0.00000000
    0.00000000    0.00000000
    0.00000000    0.00000000    0.00000000    0.00000000    0.00000000
    0.00000000    1.00000000
    0.27182800   -0.04321200   -0.22252400    0.00000000    0.00000000
    0.00000000    0.00000000
    0.45958500   -0.11251300   -0.52389000    0.00000000    0.00000000
    0.00000000    0.00000000
    0.00000000    0.00000000    0.00000000    0.00000000    0.00000000
    1.00000000    0.00000000
    0.31590000   -0.05207300   -0.07127700    0.00000000    0.00000000
    0.00000000    0.00000000
    0.07168300   -0.09226300    0.81271200    0.00000000    0.00000000
    0.00000000    0.00000000
    0.01054100    0.24394600    0.62549800    0.00000000    0.00000000
    0.00000000    0.00000000
    0.00004500    0.41310100   -0.81218900    0.00000000    0.00000000
    0.00000000    0.00000000
   -0.00083700    0.54398500   -0.18579600    1.00000000    0.00000000
    0.00000000    0.00000000
    0.00000000    0.00000000    0.00000000    0.00000000    1.00000000
    0.00000000    0.00000000

   77.434559   27.708477   12.914284    6.062674    5.086016
    2.863898    1.759833    1.386559    0.677058    0.329864
    0.159474    0.076174    0.028570    0.014000

    0.00002200   -0.00002500    0.00000000    0.00000000    0.00000000
    0.00000000
    0.00421800   -0.00431100    0.00000000    0.00000000    0.00000000
    0.00000000
    0.03008700   -0.03091300    0.00000000    0.00000000    0.00000000
    0.00000000
    0.08482100   -0.08804900    0.00000000    0.00000000    0.00000000
    0.00000000
    0.00000000    0.00000000    0.00000000    0.00000000    0.00000000
    1.00000000
    0.17111000   -0.17833000    0.00000000    0.00000000    0.00000000
    0.00000000
    0.00000000    0.00000000    0.00000000    0.00000000    1.00000000
    0.00000000
    0.24745100   -0.23433500    0.00000000    0.00000000    0.00000000
    0.00000000
    0.27731000   -0.19577500    0.00000000    0.00000000    0.00000000
    0.00000000
    0.26107700    0.06587200    0.00000000    0.00000000    0.00000000
    0.00000000
    0.19033600    0.33053600    0.00000000    0.00000000    0.00000000
    0.00000000
    0.11938500    0.46122900    0.00000000    0.00000000    0.00000000
    0.00000000
    0.03129700    0.18427300    1.00000000    0.00000000    0.00000000
    0.00000000
    0.00000000    0.00000000    0.00000000    1.00000000    0.00000000
    0.00000000

    2.117563    0.499717    0.146931

    0.00000000    0.00000000    1.00000000
    0.00000000    1.00000000    0.00000000
    1.00000000    0.00000000    0.00000000

Ti:aug-cc-pCVQZ-ccECP
ccECP aug-cc-pCVQZ for Ti | source recipes/Ti/ccECP/Ti.aug-cc-pCVQZ.gamess | ccECP from A. Annaberdiyev et al. Journal of Chemical Physics 149, 134108 (2018) https://doi.org/10.1063/1.5040472

  6
    0    1    2    3    4    5
    9    9    8    5    4    3
   16   16   14    5    4    3

   68.910511   33.720700   18.159676   12.419305    7.532195
    3.504444    1.910727    1.707554    1.523349    0.888840
    0.447198    0.281192    0.100258    0.046525    0.021840
    0.010000

    0.00061600   -0.00015600    0.00063500   -0.00117800    0.00011500
    0.00000000    0.00000000    0.00000000    0.00000000
   -0.00750100    0.00196600   -0.00646800    0.01187700    0.00283300
    0.00000000    0.00000000    0.00000000    0.00000000
    0.01221800   -0.00399400    0.02344400   -0.04724000    0.00614100
    0.00000000    0.00000000    0.00000000    0.00000000
    0.14473900   -0.03637700    0.03892100   -0.05092200   -0.20968200
    0.00000000    0.00000000    0.00000000    0.00000000
   -0.32862100    0.08859300   -0.14118000    0.23774600    0.51836700
    0.00000000    0.00000000    0.00000000    0.00000000
   -0.31751700    0.08563000   -0.21476500    0.40318500    0.30416400
    0.00000000    0.00000000    0.00000000    0.00000000
    0.35742200   -0.10599300    0.32015100   -0.79096100   -1.23286300
    0.00000000    0.00000000    0.00000000    0.00000000
    0.00000000    0.00000000    0.00000000    0.00000000    0.00000000
    0.00000000    0.00000000    0.00000000    1.00000000
    0.00000000    0.00000000    0.00000000    0.00000000    0.00000000
    0.00000000    0.00000000    1.00000000    0.00000000
    0.67140600   -0.23742100    0.45106200   -1.10227600   -2.09050800
    0.00000000    0.00000000    0.00000000    0.00000000
    0.28222600   -0.23535900    0.85519100    0.20944600    7.09271500
    0.00000000    0.00000000    0.00000000    0.00000000
    0.03867300   -0.01296000   -1.20922400    2.52735200   -4.54374400
    0.00000000    0.00000000    0.00000000    0.00000000
    0.00455900    0.43358200   -1.31948100   -1.78904100   -2.24827000
    0.00000000    0.00000000    0.00000000    0.00000000
   -0.00156500    0.57787300    0.86651700   -0.86784200    4.47391800
    0.00000000    0.00000000    0.00000000    0.00000000
    0.00039800    0.16436000    0.61891600    1.42739500   -2.42629600
    1.00000000    0.00000000    0.00000000    0.00000000
    0.00000000    0.00000000    0.00000000    0.00000000    0.00000000
    0.00000000    1.00000000    0.00000000    0.00000000

   84.914002   42.855051   21.700131   12.214690    8.319164
    4.415783    4.091071    2.286543    1.270037    1.159810
    0.591343    0.312862    0.184828    0.068590    0.026791
    0.013000

    0.00009300    0.00002000    0.00001900   -0.00025700    0.00027100
    0.00000000    0.00000000    0.00000000    0.00000000
   -0.00083600   -0.00004900    0.00013800    0.00172500   -0.00190200
    0.00000000    0.00000000    0.00000000    0.00000000
    0.00867900   -0.00076100   -0.00462200   -0.01264600    0.01541200
    0.00000000    0.00000000    0.00000000    0.00000000
   -0.01117800   -0.00057500    0.00446500    0.02906200   -0.03758600
    0.00000000    0.00000000    0.00000000    0.00000000
   -0.07776700    0.01828400    0.06576000    0.05897900   -0.12453600
    0.00000000    0.00000000    0.00000000    0.00000000
    0.00000000    0.00000000    0.00000000    0.00000000    0.00000000
    0.00000000    0.00000000    0.00000000    1.00000000
   -0.00611300   -0.00594300   -0.01892700    0.03080600    0.04081200
    0.00000000    0.00000000    0.00000000    0.00000000
    0.27182800   -0.04321200   -0.22252400   -0.52437300    1.34382300
    0.00000000    0.00000000    0.00000000    0.00000000
    0.00000000    0.00000000    0.00000000    0.00000000    0.00000000
    0.00000000    0.00000000    1.00000000    0.00000000
    0.45958500   -0.11251300   -0.52389000   -0.72096800   -0.26941100
    0.00000000    0.00000000    0.00000000    0.00000000
    0.31590000   -0.05207300   -0.07127700    1.02320400   -3.72959000
    0.00000000    0.00000000    0.00000000    0.00000000
    0.07168300   -0.09226300    0.81271200    1.97387400    5.88498300
    0.00000000    0.00000000    0.00000000    0.00000000
    0.01054100    0.24394600    0.62549800   -2.80509200   -3.11385300
    0.00000000    0.00000000    0.00000000    0.00000000
    0.00004500    0.41310100   -0.81218900    0.60795400   -0.25697300
    0.00000000    0.00000000    0.00000000    0.00000000
   -0.00083700    0.54398500   -0.18579600    0.44765300    0.71073300
    1.00000000    0.00000000    0.00000000    0.00000000
    0.00000000    0.00000000    0.00000000    0.00000000    0.00000000
    0.00000000    1.00000000    0.00000000    0.00000000

   77.434559   27.708477   12.914284    6.062674    2.863898
    2.503695    1.527212    1.386559    0.677058    0.329864
    0.159474    0.076174    0.028570    0.014000

    0.00002200   -0.00002500    0.00001000    0.00001100    0.00000000
    0.00000000    0.00000000    0.00000000
    0.00421800   -0.00431100    0.00618700   -0.00802600    0.00000000
    0.00000000    0.00000000    0.00000000
    0.03008700   -0.03091300    0.04263000   -0.05387500    0.00000000
    0.00000000    0.00000000    0.00000000
    0.08482100   -0.08804900    0.12752400   -0.16879500    0.00000000
    0.00000000    0.00000000    0.00000000
    0.17111000   -0.17833000    0.24828900   -0.31234400    0.00000000
    0.00000000    0.00000000    0.00000000
    0.00000000    0.00000000    0.00000000    0.00000000    0.00000000
    0.00000000    0.00000000    1.00000000
    0.00000000    0.00000000    0.00000000    0.00000000    0.00000000
    0.00000000    1.00000000    0.00000000
    0.24745100   -0.23433500    0.25976100   -0.17203100    0.00000000
    0.00000000    0.00000000    0.00000000
    0.27731000   -0.19577500   -0.07079400    0.58763300    0.00000000
    0.00000000    0.00000000    0.00000000
    0.26107700    0.06587200   -0.51939600    0.52859200    0.00000000
    0.00000000    0.00000000    0.00000000
    0.19033600    0.33053600   -0.37365800   -0.85964400    0.00000000
    0.00000000    0.00000000    0.00000000
    0.11938500    0.46122900    0.45506700   -0.27383100    0.00000000
    0.00000000    0.00000000    0.00000000
    0.03129700    0.18427300    0.48958600    0.80275400    1.00000000
    0.00000000    0.00000000    0.00000000
    0.00000000    0.00000000    0.00000000    0.00000000    0.00000000
    1.00000000    0.00000000    0.00000000

    3.304687    2.356279    0.675430    0.193613    0.055499

    0.00000000    0.00000000    0.00000000    0.00000000    1.00000000
    0.00000000    0.00000000    0.00000000    1.00000000    0.00000000
    0.00000000    0.00000000    1.00000000    0.00000000    0.00000000
    0.00000000    1.00000000    0.00000000    0.00000000    0.00000000
    1.00000000    0.00000000    0.00000000    0.00000000    0.00000000

    3.520886    1.597247    0.402576    0.101467

    0.00000000    0.00000000    0.00000000    1.00000000
    0.00000000    0.00000000    1.00000000    0.00000000
    0.00000000    1.00000000    0.00000000    0.00000000
    1.00000000    0.00000000    0.00000000    0.00000000

    2.900797    0.848174    0.316183

    0.00000000    0.00000000    1.00000000
    0.00000000    1.00000000    0.00000000
    1.00000000    0.00000000    0.00000000

Ti:aug-cc-pCVTZ-ccECP
ccECP aug-cc-pCVTZ for Ti | source recipes/Ti/ccECP/Ti.aug-cc-pCVTZ.gamess | ccECP from A. Annaberdiyev et al. Journal of Chemical Physics 149, 134108 (2018) https://doi.org/10.1063/1.5040472

  5
    0    1    2    3    4
    8    8    7    4    3
   16   16   14    4    3

   68.910511   33.720700   18.159676   12.419305    7.532195
    3.504444    2.191541    1.910727    0.888840    0.790662
    0.447198    0.281192    0.100258    0.046525    0.021840
    0.010000

    0.00061600   -0.00015600    0.00063500   -0.00117800    0.00000000
    0.00000000    0.00000000    0.00000000
   -0.00750100    0.00196600   -0.00646800    0.01187700    0.00000000
    0.00000000    0.00000000    0.00000000
    0.01221800   -0.00399400    0.02344400   -0.04724000    0.00000000
    0.00000000    0.00000000    0.00000000
    0.14473900   -0.03637700    0.03892100   -0.05092200    0.00000000
    0.00000000    0.00000000    0.00000000
   -0.32862100    0.08859300   -0.14118000    0.23774600    0.00000000
    0.00000000    0.00000000    0.00000000
   -0.31751700    0.08563000   -0.21476500    0.40318500    0.00000000
    0.00000000    0.00000000    0.00000000
    0.00000000    0.00000000    0.00000000    0.00000000    0.00000000
    0.00000000    0.00000000    1.00000000
    0.35742200   -0.10599300    0.32015100   -0.79096100    0.00000000
    0.00000000    0.00000000    0.00000000
    0.67140600   -0.23742100    0.45106200   -1.10227600    0.00000000
    0.00000000    0.00000000    0.00000000
    0.00000000    0.00000000    0.00000000    0.00000000    0.00000000
    0.00000000    1.00000000    0.00000000
    0.28222600   -0.23535900    0.85519100    0.20944600    0.00000000
    0.00000000    0.00000000    0.00000000
    0.03867300   -0.01296000   -1.20922400    2.52735200    0.00000000
    0.00000000    0.00000000    0.00000000
    0.00455900    0.43358200   -1.31948100   -1.78904100    0.00000000
    0.00000000    0.00000000    0.00000000
   -0.00156500    0.57787300    0.86651700   -0.86784200    0.00000000
    0.00000000    0.00000000    0.00000000
    0.00039800    0.16436000    0.61891600    1.42739500    1.00000000
    0.00000000    0.00000000    0.00000000
    0.00000000    0.00000000    0.00000000    0.00000000    0.00000000
    1.00000000    0.00000000    0.00000000

   84.914002   42.855051   21.700131   12.214690    8.319164
    4.091071    3.650546    2.286543    1.159810    0.902705
    0.591343    0.312862    0.184828    0.068590    0.026791
    0.013000

    0.00009300    0.00002000    0.00001900   -0.00025700    0.00000000
    0.00000000    0.00000000    0.00000000
   -0.00083600   -0.00004900    0.00013800    0.00172500    0.00000000
    0.00000000    0.00000000    0.00000000
    0.00867900   -0.00076100   -0.00462200   -0.01264600    0.00000000
    0.00000000    0.00000000    0.00000000
   -0.01117800   -0.00057500    0.00446500    0.02906200    0.00000000
    0.00000000    0.00000000    0.00000000
   -0.07776700    0.01828400    0.06576000    0.05897900    0.00000000
    0.00000000    0.00000000    0.00000000
   -0.00611300   -0.00594300   -0.01892700    0.03080600    0.00000000
    0.00000000    0.00000000    0.00000000
    0.00000000    0.00000000    0.00000000    0.00000000    0.00000000
    0.00000000    0.00000000    1.00000000
    0.27182800   -0.04321200   -0.22252400   -0.52437300    0.00000000
    0.00000000    0.00000000    0.00000000
    0.45958500   -0.11251300   -0.52389000   -0.72096800    0.00000000
    0.00000000    0.00000000    0.00000000
    0.00000000    0.00000000    0.00000000    0.00000000    0.00000000
    0.00000000    1.00000000    0.00000000
    0.31590000   -0.05207300   -0.07127700    1.02320400    0.00000000
    0.00000000    0.00000000    0.00000000
    0.07168300   -0.09226300    0.81271200    1.97387400    0.00000000
    0.00000000    0.00000000    0.00000000
    0.01054100    0.24394600    0.62549800   -2.80509200    0.00000000
    0.00000000    0.00000000    0.00000000
    0.00004500    0.41310100   -0.81218900    0.60795400    0.00000000
    0.00000000    0.00000000    0.00000000
   -0.00083700    0.54398500   -0.18579600    0.44765300    1.00000000
    0.00000000    0.00000000    0.00000000
    0.00000000    0.00000000    0.00000000    0.00000000    0.00000000
    1.00000000    0.00000000    0.00000000

   77.434559   27.708477   12.914284    6.062674    5.672148
    2.863898    2.318162    1.386559    0.677058    0.329864
    0.159474    0.076174    0.028570    0.014000

    0.00002200   -0.00002500    0.00001000    0.00000000    0.00000000
    0.00000000    0.00000000
    0.00421800   -0.00431100    0.00618700    0.00000000    0.00000000
    0.00000000    0.00000000
    0.03008700   -0.03091300    0.04263000    0.00000000    0.00000000
    0.00000000    0.00000000
    0.08482100   -0.08804900    0.12752400    0.00000000    0.00000000
    0.00000000    0.00000000
    0.00000000    0.00000000    0.00000000    0.00000000    0.00000000
    0.00000000    1.00000000
    0.17111000   -0.17833000    0.24828900    0.00000000    0.00000000
    0.00000000    0.00000000
    0.00000000    0.00000000    0.00000000    0.00000000    0.00000000
    1.00000000    0.00000000
    0.24745100   -0.23433500    0.25976100    0.00000000    0.00000000
    0.00000000    0.00000000
    0.27731000   -0.19577500   -0.07079400    0.00000000    0.00000000
    0.00000000    0.00000000
    0.26107700    0.06587200   -0.51939600    0.00000000    0.00000000
    0.00000000    0.00000000
    0.19033600    0.33053600   -0.37365800    0.00000000    0.00000000
    0.00000000    0.00000000
    0.11938500    0.46122900    0.45506700    0.00000000    0.00000000
    0.00000000    0.00000000
    0.03129700    0.18427300    0.48958600    1.00000000    0.00000000
    0.00000000    0.00000000
    0.00000000    0.00000000    0.00000000    0.00000000    1.00000000
    0.00000000    0.00000000

    3.186116    1.269061    0.291553    0.066981

    0.00000000    0.00000000    0.00000000    1.00000000
    0.00000000    0.00000000    1.00000000    0.00000000
    0.00000000    1.00000000    0.00000000    0.00000000
    1.00000000    0.00000000    0.00000000    0.00000000

    2.521341    0.707265    0.227422

    0.00000000    0.00000000    1.00000000
    0.00000000    1.00000000    0.00000000
    1.00000000    0.00000000    0.00000000

Ti:aug-cc-pV5Z-ccECP
ccECP aug-cc-pV5Z for Ti | source recipes/Ti/ccECP/Ti.aug-cc-pV5Z.gamess | ccECP from A. Annaberdiyev et al. Journal of Chemical Physics 149, 134108 (2018) https://doi.org/10.1063/1.5040472

  7
    0    1    2    3    4    5    6
    8    8    7    5    4    3    2
   14   14   12    5    4    3    2

   68.910511   33.720700   18.159676   12.419305    7.532195
    3.504444    1.910727    0.888840    0.447198    0.281192
    0.100258    0.046525    0.021840    0.010000

    0.00061600   -0.00015600    0.00063500   -0.00117800    0.00011500
   -0.00502200    0.00000000    0.00000000
   -0.00750100    0.00196600   -0.00646800    0.01187700    0.00283300
    0.04581200    0.00000000    0.00000000
    0.01221800   -0.00399400    0.02344400   -0.04724000    0.00614100
   -0.22302100    0.00000000    0.00000000
    0.14473900   -0.03637700    0.03892100   -0.05092200   -0.20968200
    0.09844300    0.00000000    0.00000000
   -0.32862100    0.08859300   -0.14118000    0.23774600    0.51836700
    0.47843000    0.00000000    0.00000000
   -0.31751700    0.08563000   -0.21476500    0.40318500    0.30416400
    1.06108500    0.00000000    0.00000000
    0.35742200   -0.10599300    0.32015100   -0.79096100   -1.23286300
   -4.89319600    0.00000000    0.00000000
    0.67140600   -0.23742100    0.45106200   -1.10227600   -2.09050800
    4.88955200    0.00000000    0.00000000
    0.28222600   -0.23535900    0.85519100    0.20944600    7.09271500
    2.48209600    0.00000000    0.00000000
    0.03867300   -0.01296000   -1.20922400    2.52735200   -4.54374400
   -7.42136100    0.00000000    0.00000000
    0.00455900    0.43358200   -1.31948100   -1.78904100   -2.24827000
    7.32453500    0.00000000    0.00000000
   -0.00156500    0.57787300    0.86651700   -0.86784200    4.47391800
   -6.28225700    0.00000000    0.00000000
    0.00039800    0.16436000    0.61891600    1.42739500   -2.42629600
    2.41326500    1.00000000    0.00000000
    0.00000000    0.00000000    0.00000000    0.00000000    0.00000000
    0.00000000    0.00000000    1.00000000

   84.914002   42.855051   21.700131   12.214690    8.319164
    4.091071    2.286543    1.159810    0.591343    0.312862
    0.184828    0.068590    0.026791    0.013000

    0.00009300    0.00002000    0.00001900   -0.00025700    0.00027100
   -0.00374600    0.00000000    0.00000000
   -0.00083600   -0.00004900    0.00013800    0.00172500   -0.00190200
    0.02080700    0.00000000    0.00000000
    0.00867900   -0.00076100   -0.00462200   -0.01264600    0.01541200
   -0.09320200    0.00000000    0.00000000
   -0.01117800   -0.00057500    0.00446500    0.02906200   -0.03758600
    0.32919000    0.00000000    0.00000000
   -0.07776700    0.01828400    0.06576000    0.05897900   -0.12453600
   -0.26508700    0.00000000    0.00000000
   -0.00611300   -0.00594300   -0.01892700    0.03080600    0.04081200
    0.35306800    0.00000000    0.00000000
    0.27182800   -0.04321200   -0.22252400   -0.52437300    1.34382300
   -2.77876500    0.00000000    0.00000000
    0.45958500   -0.11251300   -0.52389000   -0.72096800   -0.26941100
    4.95982700    0.00000000    0.00000000
    0.31590000   -0.05207300   -0.07127700    1.02320400   -3.72959000
   -3.87445400    0.00000000    0.00000000
    0.07168300   -0.09226300    0.81271200    1.97387400    5.88498300
   -0.17839700    0.00000000    0.00000000
    0.01054100    0.24394600    0.62549800   -2.80509200   -3.11385300
    2.64474200    0.00000000    0.00000000
    0.00004500    0.41310100   -0.81218900    0.60795400   -0.25697300
   -2.41663200    0.00000000    0.00000000
   -0.00083700    0.54398500   -0.18579600    0.44765300    0.71073300
    1.41897300    1.00000000    0.00000000
    0.00000000    0.00000000    0.00000000    0.00000000    0.00000000
    0.00000000    0.00000000    1.00000000

   77.434559   27.708477   12.914284    6.062674    2.863898
    1.386559    0.677058    0.329864    0.159474    0.076174
    0.028570    0.014000

    0.00002200   -0.00002500    0.00001000    0.00001100   -0.00001300
    0.00000000    0.00000000
    0.00421800   -0.00431100    0.00618700   -0.00802600   -0.01172700
    0.00000000    0.00000000
    0.03008700   -0.03091300    0.04263000   -0.05387500   -0.08166200
    0.00000000    0.00000000
    0.08482100   -0.08804900    0.12752400   -0.16879500   -0.26347400
    0.00000000    0.00000000
    0.17111000   -0.17833000    0.24828900   -0.31234400   -0.44608900
    0.00000000    0.00000000
    0.24745100   -0.23433500    0.25976100   -0.17203100    0.34288500
    0.00000000    0.00000000
    0.27731000   -0.19577500   -0.07079400    0.58763300    1.15809700
    0.00000000    0.00000000
    0.26107700    0.06587200   -0.51939600    0.52859200   -1.39803900
    0.00000000    0.00000000
    0.19033600    0.33053600   -0.37365800   -0.85964400   -0.13932000
    0.00000000    0.00000000
    0.11938500    0.46122900    0.45506700   -0.27383100    1.17395400
    0.00000000    0.00000000
    0.03129700    0.18427300    0.48958600    0.80275400   -0.80232000
    1.00000000    0.00000000
    0.00000000    0.00000000    0.00000000    0.00000000    0.00000000
    0.00000000    1.00000000

    3.744629    1.257932    0.422577    0.141956    0.047687

    0.00000000    0.00000000    0.00000000    0.00000000    1.00000000
    0.00000000    0.00000000    0.00000000    1.00000000    0.00000000
    0.00000000    0.00000000    1.00000000    0.00000000    0.00000000
    0.00000000    1.00000000    0.00000000    0.00000000    0.00000000
    1.00000000    0.00000000    0.00000000    0.00000000    0.00000000

    2.636172    0.841165    0.268404    0.085644

    0.00000000    0.00000000    0.00000000    1.00000000
    0.00000000    0.00000000    1.00000000    0.00000000
    0.00000000    1.00000000    0.00000000    0.00000000
    1.00000000    0.00000000    0.00000000    0.00000000

    1.872404    0.518283    0.143461

    0.00000000    0.00000000    1.00000000
    0.00000000    1.00000000    0.00000000
    1.00000000    0.00000000    0.00000000

    0.927112    0.372799

    0.00000000    1.00000000
    1.00000000    0.00000000

Ti:aug-cc-pVDZ-ccECP
ccECP aug-cc-pVDZ for Ti | source recipes/Ti/ccECP/Ti.aug-cc-pVDZ.gamess | ccECP from A. Annaberdiyev et al. Journal of Chemical Physics 149, 134108 (2018) https://doi.org/10.1063/1.5040472

  4
    0    1    2    3
    5    5    4    2
   14   14   12    2

   68.910511   33.720700   18.159676   12.419305    7.532195
    3.504444    1.910727    0.888840    0.447198    0.281192
    0.100258    0.046525    0.021840    0.010000

    0.00061600   -0.00015600    0.00063500    0.00000000    0.00000000
   -0.00750100    0.00196600   -0.00646800    0.00000000    0.00000000
    0.01221800   -0.00399400    0.02344400    0.00000000    0.00000000
    0.14473900   -0.03637700    0.03892100    0.00000000    0.00000000
   -0.32862100    0.08859300   -0.14118000    0.00000000    0.00000000
   -0.31751700    0.08563000   -0.21476500    0.00000000    0.00000000
    0.35742200   -0.10599300    0.32015100    0.00000000    0.00000000
    0.67140600   -0.23742100    0.45106200    0.00000000    0.00000000
    0.28222600   -0.23535900    0.85519100    0.00000000    0.00000000
    0.03867300   -0.01296000   -1.20922400    0.00000000    0.00000000
    0.00455900    0.43358200   -1.31948100    0.00000000    0.00000000
   -0.00156500    0.57787300    0.86651700    0.00000000    0.00000000
    0.00039800    0.16436000    0.61891600    1.00000000    0.00000000
    0.00000000    0.00000000    0.00000000    0.00000000    1.00000000

   84.914002   42.855051   21.700131   12.214690    8.319164
    4.091071    2.286543    1.159810    0.591343    0.312862
    0.184828    0.068590    0.026791    0.013000

    0.00009300    0.00002000    0.00001900    0.00000000    0.00000000
   -0.00083600   -0.00004900    0.00013800    0.00000000    0.00000000
    0.00867900   -0.00076100   -0.00462200    0.00000000    0.00000000
   -0.01117800   -0.00057500    0.00446500    0.00000000    0.00000000
   -0.07776700    0.01828400    0.06576000    0.00000000    0.00000000
   -0.00611300   -0.00594300   -0.01892700    0.00000000    0.00000000
    0.27182800   -0.04321200   -0.22252400    0.00000000    0.00000000
    0.45958500   -0.11251300   -0.52389000    0.00000000    0.00000000
    0.31590000   -0.05207300   -0.07127700    0.00000000    0.00000000
    0.07168300   -0.09226300    0.81271200    0.00000000    0.00000000
    0.01054100    0.24394600    0.62549800    0.00000000    0.00000000
    0.00004500    0.41310100   -0.81218900    0.00000000    0.00000000
   -0.00083700    0.54398500   -0.18579600    1.00000000    0.00000000
    0.00000000    0.00000000    0.00000000    0.00000000    1.00000000

   77.434559   27.708477   12.914284    6.062674    2.863898
    1.386559    0.677058    0.329864    0.159474    0.076174
    0.028570    0.014000

    0.00002200   -0.00002500    0.00000000    0.00000000
    0.00421800   -0.00431100    0.00000000    0.00000000
    0.03008700   -0.03091300    0.00000000    0.00000000
    0.08482100   -0.08804900    0.00000000    0.00000000
    0.17111000   -0.17833000    0.00000000    0.00000000
    0.24745100   -0.23433500    0.00000000    0.00000000
    0.27731000   -0.19577500    0.00000000    0.00000000
    0.26107700    0.06587200    0.00000000    0.00000000
    0.19033600    0.33053600    0.00000000    0.00000000
    0.11938500    0.46122900    0.00000000    0.00000000
    0.03129700    0.18427300    1.00000000    0.00000000
    0.00000000    0.00000000    0.00000000    1.00000000

    0.499717    0.146931

    0.00000000    1.00000000
    1.00000000    0.00000000

Ti:aug-cc-pVQZ-ccECP
ccECP aug-cc-pVQZ for Ti | source recipes/Ti/ccECP/Ti.aug-cc-pVQZ.gamess | ccECP from A. Annaberdiyev et al. Journal of Chemical Physics 149, 134108 (2018) https://doi.org/10.1063/1.5040472

  6
    0    1    2    3    4    5
    7    7    6    4    3    2
   14   14   12    4    3    2

   68.910511   33.720700   18.159676   12.419305    7.532195
    3.504444    1.910727    0.888840    0.447198    0.281192
    0.100258    0.046525    0.021840    0.010000

    0.00061600   -0.00015600    0.00063500   -0.00117800    0.00011500
    0.00000000    0.00000000
   -0.00750100    0.00196600   -0.00646800    0.01187700    0.00283300
    0.00000000    0.00000000
    0.01221800   -0.00399400    0.02344400   -0.04724000    0.00614100
    0.00000000    0.00000000
    0.14473900   -0.03637700    0.03892100   -0.05092200   -0.20968200
    0.00000000    0.00000000
   -0.32862100    0.08859300   -0.14118000    0.23774600    0.51836700
    0.00000000    0.00000000
   -0.31751700    0.08563000   -0.21476500    0.40318500    0.30416400
    0.00000000    0.00000000
    0.35742200   -0.10599300    0.32015100   -0.79096100   -1.23286300
    0.00000000    0.00000000
    0.67140600   -0.23742100    0.45106200   -1.10227600   -2.09050800
    0.00000000    0.00000000
    0.28222600   -0.23535900    0.85519100    0.20944600    7.09271500
    0.00000000    0.00000000
    0.03867300   -0.01296000   -1.20922400    2.52735200   -4.54374400
    0.00000000    0.00000000
    0.00455900    0.43358200   -1.31948100   -1.78904100   -2.24827000
    0.00000000    0.00000000
   -0.00156500    0.57787300    0.86651700   -0.86784200    4.47391800
    0.00000000    0.00000000
    0.00039800    0.16436000    0.61891600    1.42739500   -2.42629600
    1.00000000    0.00000000
    0.00000000    0.00000000    0.00000000    0.00000000    0.00000000
    0.00000000    1.00000000

   84.914002   42.855051   21.700131   12.214690    8.319164
    4.091071    2.286543    1.159810    0.591343    0.312862
    0.184828    0.068590    0.026791    0.013000

    0.00009300    0.00002000    0.00001900   -0.00025700    0.00027100
    0.00000000    0.00000000
   -0.00083600   -0.00004900    0.00013800    0.00172500   -0.00190200
    0.00000000    0.00000000
    0.00867900   -0.00076100   -0.00462200   -0.01264600    0.01541200
    0.00000000    0.00000000
   -0.01117800   -0.00057500    0.00446500    0.02906200   -0.03758600
    0.00000000    0.00000000
   -0.07776700    0.01828400    0.06576000    0.05897900   -0.12453600
    0.00000000    0.00000000
   -0.00611300   -0.00594300   -0.01892700    0.03080600    0.04081200
    0.00000000    0.00000000
    0.27182800   -0.04321200   -0.22252400   -0.52437300    1.34382300
    0.00000000    0.00000000
    0.45958500   -0.11251300   -0.52389000   -0.72096800   -0.26941100
    0.00000000    0.00000000
    0.31590000   -0.05207300   -0.07127700    1.02320400   -3.72959000
    0.00000000    0.00000000
    0.07168300   -0.09226300    0.81271200    1.97387400    5.88498300
    0.00000000    0.00000000
    0.01054100    0.24394600    0.62549800   -2.80509200   -3.11385300
    0.00000000    0.00000000
    0.00004500    0.41310100   -0.81218900    0.60795400   -0.25697300
    0.00000000    0.00000000
   -0.00083700    0.54398500   -0.18579600    0.44765300    0.71073300
    1.00000000    0.00000000
    0.00000000    0.00000000    0.00000000    0.00000000    0.00000000
    0.00000000    1.00000000

   77.434559   27.708477   12.914284    6.062674    2.863898
    1.386559    0.677058    0.329864    0.159474    0.076174
    0.028570    0.014000

    0.00002200   -0.00002500    0.00001000    0.00001100    0.00000000
    0.00000000
    0.00421800   -0.00431100    0.00618700   -0.00802600    0.00000000
    0.00000000
    0.03008700   -0.03091300    0.04263000   -0.05387500    0.00000000
    0.00000000
    0.08482100   -0.08804900    0.12752400   -0.16879500    0.00000000
    0.00000000
    0.17111000   -0.17833000    0.24828900   -0.31234400    0.00000000
    0.00000000
    0.24745100   -0.23433500    0.25976100   -0.17203100    0.00000000
    0.00000000
    0.27731000   -0.19577500   -0.07079400    0.58763300    0.00000000
    0.00000000
    0.26107700    0.06587200   -0.51939600    0.52859200    0.00000000
    0.00000000
    0.19033600    0.33053600   -0.37365800   -0.85964400    0.00000000
    0.00000000
    0.11938500    0.46122900    0.45506700   -0.27383100    0.00000000
    0.00000000
    0.03129700    0.18427300    0.48958600    0.80275400    1.00000000
    0.00000000
    0.00000000    0.00000000    0.00000000    0.00000000    0.00000000
    1.00000000

    2.356279    0.675430    0.193613    0.055499

    0.00000000    0.00000000    0.00000000    1.00000000
    0.00000000    0.00000000    1.00000000    0.00000000
    0.00000000    1.00000000    0.00000000    0.00000000
    1.00000000    0.00000000    0.00000000    0.00000000

    1.597247    0.402576    0.101467

    0.00000000    0.00000000    1.00000000
    0.00000000    1.00000000    0.00000000
    1.00000000    0.00000000    0.00000000

    0.848174    0.316183

    0.00000000    1.00000000
    1.00000000    0.00000000

Ti:aug-cc-pVTZ-ccECP
ccECP aug-cc-pVTZ for Ti | source recipes/Ti/ccECP/Ti.aug-cc-pVTZ.gamess | ccECP from A. Annaberdiyev et al. Journal of Chemical Physics 149, 134108 (2018) https://doi.org/10.1063/1.5040472

  5
    0    1    2    3    4
    6    6    5    3    2
   14   14   12    3    2

   68.910511   33.720700   18.159676   12.419305    7.532195
    3.504444    1.910727    0.888840    0.447198    0.281192
    0.100258    0.046525    0.021840    0.010000

    0.00061600   -0.00015600    0.00063500   -0.00117800    0.00000000
    0.00000000
   -0.00750100    0.00196600   -0.00646800    0.01187700    0.00000000
    0.00000000
    0.01221800   -0.00399400    0.02344400   -0.04724000    0.00000000
    0.00000000
    0.14473900   -0.03637700    0.03892100   -0.05092200    0.00000000
    0.00000000
   -0.32862100    0.08859300   -0.14118000    0.23774600    0.00000000
    0.00000000
   -0.31751700    0.08563000   -0.21476500    0.40318500    0.00000000
    0.00000000
    0.35742200   -0.10599300    0.32015100   -0.79096100    0.00000000
    0.00000000
    0.67140600   -0.23742100    0.45106200   -1.10227600    0.00000000
    0.00000000
    0.28222600   -0.23535900    0.85519100    0.20944600    0.00000000
    0.00000000
    0.03867300   -0.01296000   -1.20922400    2.52735200    0.00000000
    0.00000000
    0.00455900    0.43358200   -1.31948100   -1.78904100    0.00000000
    0.00000000
   -0.00156500    0.57787300    0.86651700   -0.86784200    0.00000000
    0.00000000
    0.00039800    0.16436000    0.61891600    1.42739500    1.00000000
    0.00000000
    0.00000000    0.00000000    0.00000000    0.00000000    0.00000000
    1.00000000

   84.914002   42.855051   21.700131   12.214690    8.319164
    4.091071    2.286543    1.159810    0.591343    0.312862
    0.184828    0.068590    0.026791    0.013000

    0.00009300    0.00002000    0.00001900   -0.00025700    0.00000000
    0.00000000
   -0.00083600   -0.00004900    0.00013800    0.00172500    0.00000000
    0.00000000
    0.00867900   -0.00076100   -0.00462200   -0.01264600    0.00000000
    0.00000000
   -0.01117800   -0.00057500    0.00446500    0.02906200    0.00000000
    0.00000000
   -0.07776700    0.01828400    0.06576000    0.05897900    0.00000000
    0.00000000
   -0.00611300   -0.00594300   -0.01892700    0.03080600    0.00000000
    0.00000000
    0.27182800   -0.04321200   -0.22252400   -0.52437300    0.00000000
    0.00000000
    0.45958500   -0.11251300   -0.52389000   -0.72096800    0.00000000
    0.00000000
    0.31590000   -0.05207300   -0.07127700    1.02320400    0.00000000
    0.00000000
    0.07168300   -0.09226300    0.81271200    1.97387400    0.00000000
    0.00000000
    0.01054100    0.24394600    0.62549800   -2.80509200    0.00000000
    0.00000000
    0.00004500    0.41310100   -0.81218900    0.60795400    0.00000000
    0.00000000
   -0.00083700    0.54398500   -0.18579600    0.44765300    1.00000000
    0.00000000
    0.00000000    0.00000000    0.00000000    0.00000000    0.00000000
    1.00000000

   77.434559   27.708477   12.914284    6.062674    2.863898
    1.386559    0.677058    0.329864    0.159474    0.076174
    0.028570    0.014000

    0.00002200   -0.00002500    0.00001000    0.00000000    0.00000000
    0.00421800   -0.00431100    0.00618700    0.00000000    0.00000000
    0.03008700   -0.03091300    0.04263000    0.00000000    0.00000000
    0.08482100   -0.08804900    0.12752400    0.00000000    0.00000000
    0.17111000   -0.17833000    0.24828900    0.00000000    0.00000000
    0.24745100   -0.23433500    0.25976100    0.00000000    0.00000000
    0.27731000   -0.19577500   -0.07079400    0.00000000    0.00000000
    0.26107700    0.06587200   -0.51939600    0.00000000    0.00000000
    0.19033600    0.33053600   -0.37365800    0.00000000    0.00000000
    0.11938500    0.46122900    0.45506700    0.00000000    0.00000000
    0.03129700    0.18427300    0.48958600    1.00000000    0.00000000
    0.00000000    0.00000000    0.00000000    0.00000000    1.00000000

    1.269061    0.291553    0.066981

    0.00000000    0.00000000    1.00000000
    0.00000000    1.00000000    0.00000000
    1.00000000    0.00000000    0.00000000

    0.707265    0.227422

    0.00000000    1.00000000
    1.00000000    0.00000000

Ti:cc-pCV5Z-ccECP
ccECP cc-pCV5Z for Ti | source recipes/Ti/ccECP/Ti.cc-pCV5Z.gamess | ccECP from A. Annaberdiyev et al. Journal of Chemical Physics 149, 134108 (2018) https://doi.org/10.1063/1.5040472

  7
    0    1    2    3    4    5    6
    9    9    8    5    4    3    2
   15   15   13    5    4    3    2

   68.910511   33.720700   18.159676   12.419305    7.532195
    3.504444    2.432281    1.915355    1.910727    0.888840
    0.447198    0.281192    0.100258    0.046525    0.021840

    0.00061600   -0.00015600    0.00063500   -0.00117800    0.00011500
   -0.00502200    0.00000000    0.00000000    0.00000000
   -0.00750100    0.00196600   -0.00646800    0.01187700    0.00283300
    0.04581200    0.00000000    0.00000000    0.00000000
    0.01221800   -0.00399400    0.02344400   -0.04724000    0.00614100
   -0.22302100    0.00000000    0.00000000    0.00000000
    0.14473900   -0.03637700    0.03892100   -0.05092200   -0.20968200
    0.09844300    0.00000000    0.00000000    0.00000000
   -0.32862100    0.08859300   -0.14118000    0.23774600    0.51836700
    0.47843000    0.00000000    0.00000000    0.00000000
   -0.31751700    0.08563000   -0.21476500    0.40318500    0.30416400
    1.06108500    0.00000000    0.00000000    0.00000000
    0.00000000    0.00000000    0.00000000    0.00000000    0.00000000
    0.00000000    0.00000000    0.00000000    1.00000000
    0.00000000    0.00000000    0.00000000    0.00000000    0.00000000
    0.00000000    0.00000000    1.00000000    0.00000000
    0.35742200   -0.10599300    0.32015100   -0.79096100   -1.23286300
   -4.89319600    0.00000000    0.00000000    0.00000000
    0.67140600   -0.23742100    0.45106200   -1.10227600   -2.09050800
    4.88955200    0.00000000    0.00000000    0.00000000
    0.28222600   -0.23535900    0.85519100    0.20944600    7.09271500
    2.48209600    0.00000000    0.00000000    0.00000000
    0.03867300   -0.01296000   -1.20922400    2.52735200   -4.54374400
   -7.42136100    0.00000000    0.00000000    0.00000000
    0.00455900    0.43358200   -1.31948100   -1.78904100   -2.24827000
    7.32453500    0.00000000    0.00000000    0.00000000
   -0.00156500    0.57787300    0.86651700   -0.86784200    4.47391800
   -6.28225700    0.00000000    0.00000000    0.00000000
    0.00039800    0.16436000    0.61891600    1.42739500   -2.42629600
    2.41326500    1.00000000    0.00000000    0.00000000

   84.914002   42.855051   21.700131   12.214690    8.319164
    4.835111    4.091071    2.286543    1.303007    1.159810
    0.591343    0.312862    0.184828    0.068590    0.026791

    0.00009300    0.00002000    0.00001900   -0.00025700    0.00027100
   -0.00374600    0.00000000    0.00000000    0.00000000
   -0.00083600   -0.00004900    0.00013800    0.00172500   -0.00190200
    0.02080700    0.00000000    0.00000000    0.00000000
    0.00867900   -0.00076100   -0.00462200   -0.01264600    0.01541200
   -0.09320200    0.00000000    0.00000000    0.00000000
   -0.01117800   -0.00057500    0.00446500    0.02906200   -0.03758600
    0.32919000    0.00000000    0.00000000    0.00000000
   -0.07776700    0.01828400    0.06576000    0.05897900   -0.12453600
   -0.26508700    0.00000000    0.00000000    0.00000000
    0.00000000    0.00000000    0.00000000    0.00000000    0.00000000
    0.00000000    0.00000000    0.00000000    1.00000000
   -0.00611300   -0.00594300   -0.01892700    0.03080600    0.04081200
    0.35306800    0.00000000    0.00000000    0.00000000
    0.27182800   -0.04321200   -0.22252400   -0.52437300    1.34382300
   -2.77876500    0.00000000    0.00000000    0.00000000
    0.00000000    0.00000000    0.00000000    0.00000000    0.00000000
    0.00000000    0.00000000    1.00000000    0.00000000
    0.45958500   -0.11251300   -0.52389000   -0.72096800   -0.26941100
    4.95982700    0.00000000    0.00000000    0.00000000
    0.31590000   -0.05207300   -0.07127700    1.02320400   -3.72959000
   -3.87445400    0.00000000    0.00000000    0.00000000
    0.07168300   -0.09226300    0.81271200    1.97387400    5.88498300
   -0.17839700    0.00000000    0.00000000    0.00000000
    0.01054100    0.24394600    0.62549800   -2.80509200   -3.11385300
    2.64474200    0.00000000    0.00000000    0.00000000
    0.00004500    0.41310100   -0.81218900    0.60795400   -0.25697300
   -2.41663200    0.00000000    0.00000000    0.00000000
   -0.00083700    0.54398500   -0.18579600    0.44765300    0.71073300
    1.41897300    1.00000000    0.00000000    0.00000000

   77.434559   27.708477   12.914284    6.062674    2.864191
    2.863898    2.162081    1.386559    0.677058    0.329864
    0.159474    0.076174    0.028570

    0.00002200   -0.00002500    0.00001000    0.00001100   -0.00001300
    0.00000000    0.00000000    0.00000000
    0.00421800   -0.00431100    0.00618700   -0.00802600   -0.01172700
    0.00000000    0.00000000    0.00000000
    0.03008700   -0.03091300    0.04263000   -0.05387500   -0.08166200
    0.00000000    0.00000000    0.00000000
    0.08482100   -0.08804900    0.12752400   -0.16879500   -0.26347400
    0.00000000    0.00000000    0.00000000
    0.00000000    0.00000000    0.00000000    0.00000000    0.00000000
    0.00000000    0.00000000    1.00000000
    0.17111000   -0.17833000    0.24828900   -0.31234400   -0.44608900
    0.00000000    0.00000000    0.00000000
    0.00000000    0.00000000    0.00000000    0.00000000    0.00000000
    0.00000000    1.00000000    0.00000000
    0.24745100   -0.23433500    0.25976100   -0.17203100    0.34288500
    0.00000000    0.00000000    0.00000000
    0.27731000   -0.19577500   -0.07079400    0.58763300    1.15809700
    0.00000000    0.00000000    0.00000000
    0.26107700    0.06587200   -0.51939600    0.52859200   -1.39803900
    0.00000000    0.00000000    0.00000000
    0.19033600    0.33053600   -0.37365800   -0.85964400   -0.13932000
    0.00000000    0.00000000    0.00000000
    0.11938500    0.46122900    0.45506700   -0.27383100    1.17395400
    0.00000000    0.00000000    0.00000000
    0.03129700    0.18427300    0.48958600    0.80275400   -0.80232000
    1.00000000    0.00000000    0.00000000

    3.744629    2.480939    1.257932    0.422577    0.141956

    0.00000000    0.00000000    0.00000000    1.00000000    0.00000000
    0.00000000    0.00000000    0.00000000    0.00000000    1.00000000
    0.00000000    0.00000000    1.00000000    0.00000000    0.00000000
    0.00000000    1.00000000    0.00000000    0.00000000    0.00000000
    1.00000000    0.00000000    0.00000000    0.00000000    0.00000000

    3.647632    2.636172    0.841165    0.268404

    0.00000000    0.00000000    0.00000000    1.00000000
    0.00000000    0.00000000    1.00000000    0.00000000
    0.00000000    1.00000000    0.00000000    0.00000000
    1.00000000    0.00000000    0.00000000    0.00000000

    3.922726    1.872404    0.518283

    0.00000000    0.00000000    1.00000000
    0.00000000    1.00000000    0.00000000
    1.00000000    0.00000000    0.00000000

    3.318603    0.927112

    0.00000000    1.00000000
    1.00000000    0.00000000

Ti:cc-pCVDZ-ccECP
ccECP cc-pCVDZ for Ti | source recipes/Ti/ccECP/Ti.cc-pCVDZ.gamess | ccECP from A. Annaberdiyev et al. Journal of Chemical Physics 149, 134108 (2018) https://doi.org/10.1063/1.5040472

  4
    0    1    2    3
    6    6    5    2
   15   15   13    2

   68.910511   33.720700   18.159676   12.419305    7.532195
    3.504444    2.205011    1.910727    0.888840    0.591537
    0.447198    0.281192    0.100258    0.046525    0.021840

    0.00061600   -0.00015600    0.00063500    0.00000000    0.00000000
    0.00000000
   -0.00750100    0.00196600   -0.00646800    0.00000000    0.00000000
    0.00000000
    0.01221800   -0.00399400    0.02344400    0.00000000    0.00000000
    0.00000000
    0.14473900   -0.03637700    0.03892100    0.00000000    0.00000000
    0.00000000
   -0.32862100    0.08859300   -0.14118000    0.00000000    0.00000000
    0.00000000
   -0.31751700    0.08563000   -0.21476500    0.00000000    0.00000000
    0.00000000
    0.00000000    0.00000000    0.00000000    0.00000000    0.00000000
    1.00000000
    0.35742200   -0.10599300    0.32015100    0.00000000    0.00000000
    0.00000000
    0.67140600   -0.23742100    0.45106200    0.00000000    0.00000000
    0.00000000
    0.00000000    0.00000000    0.00000000    0.00000000    1.00000000
    0.00000000
    0.28222600   -0.23535900    0.85519100    0.00000000    0.00000000
    0.00000000
    0.03867300   -0.01296000   -1.20922400    0.00000000    0.00000000
    0.00000000
    0.00455900    0.43358200   -1.31948100    0.00000000    0.00000000
    0.00000000
   -0.00156500    0.57787300    0.86651700    0.00000000    0.00000000
    0.00000000
    0.00039800    0.16436000    0.61891600    1.00000000    0.00000000
    0.00000000

   84.914002   42.855051   21.700131   12.214690    8.319164
    4.091071    3.138882    2.286543    1.159810    0.675360
    0.591343    0.312862    0.184828    0.068590    0.026791

    0.00009300    0.00002000    0.00001900    0.00000000    0.00000000
    0.00000000
   -0.00083600   -0.00004900    0.00013800    0.00000000    0.00000000
    0.00000000
    0.00867900   -0.00076100   -0.00462200    0.00000000    0.00000000
    0.00000000
   -0.01117800   -0.00057500    0.00446500    0.00000000    0.00000000
    0.00000000
   -0.07776700    0.01828400    0.06576000    0.00000000    0.00000000
    0.00000000
   -0.00611300   -0.00594300   -0.01892700    0.00000000    0.00000000
    0.00000000
    0.00000000    0.00000000    0.00000000    0.00000000    0.00000000
    1.00000000
    0.27182800   -0.04321200   -0.22252400    0.00000000    0.00000000
    0.00000000
    0.45958500   -0.11251300   -0.52389000    0.00000000    0.00000000
    0.00000000
    0.00000000    0.00000000    0.00000000    0.00000000    1.00000000
    0.00000000
    0.31590000   -0.05207300   -0.07127700    0.00000000    0.00000000
    0.00000000
    0.07168300   -0.09226300    0.81271200    0.00000000    0.00000000
    0.00000000
    0.01054100    0.24394600    0.62549800    0.00000000    0.00000000
    0.00000000
    0.00004500    0.41310100   -0.81218900    0.00000000    0.00000000
    0.00000000
   -0.00083700    0.54398500   -0.18579600    1.00000000    0.00000000
    0.00000000

   77.434559   27.708477   12.914284    6.062674    5.086016
    2.863898    1.759833    1.386559    0.677058    0.329864
    0.159474    0.076174    0.028570

    0.00002200   -0.00002500    0.00000000    0.00000000    0.00000000
    0.00421800   -0.00431100    0.00000000    0.00000000    0.00000000
    0.03008700   -0.03091300    0.00000000    0.00000000    0.00000000
    0.08482100   -0.08804900    0.00000000    0.00000000    0.00000000
    0.00000000    0.00000000    0.00000000    0.00000000    1.00000000
    0.17111000   -0.17833000    0.00000000    0.00000000    0.00000000
    0.00000000    0.00000000    0.00000000    1.00000000    0.00000000
    0.24745100   -0.23433500    0.00000000    0.00000000    0.00000000
    0.27731000   -0.19577500    0.00000000    0.00000000    0.00000000
    0.26107700    0.06587200    0.00000000    0.00000000    0.00000000
    0.19033600    0.33053600    0.00000000    0.00000000    0.00000000
    0.11938500    0.46122900    0.00000000    0.00000000    0.00000000
    0.03129700    0.18427300    1.00000000    0.00000000    0.00000000

    2.117563    0.499717

    0.00000000    1.00000000
    1.00000000    0.00000000

Ti:cc-pCVQZ-ccECP
ccECP cc-pCVQZ for Ti | source recipes/Ti/ccECP/Ti.cc-pCVQZ.gamess | ccECP from A. Annaberdiyev et al. Journal of Chemical Physics 149, 134108 (2018) https://doi.org/10.1063/1.5040472

  6
    0    1    2    3    4    5
    8    8    7    4    3    2
   15   15   13    4    3    2

   68.910511   33.720700   18.159676   12.419305    7.532195
    3.504444    1.910727    1.707554    1.523349    0.888840
    0.447198    0.281192    0.100258    0.046525    0.021840

    0.00061600   -0.00015600    0.00063500   -0.00117800    0.00011500
    0.00000000    0.00000000    0.00000000
   -0.00750100    0.00196600   -0.00646800    0.01187700    0.00283300
    0.00000000    0.00000000    0.00000000
    0.01221800   -0.00399400    0.02344400   -0.04724000    0.00614100
    0.00000000    0.00000000    0.00000000
    0.14473900   -0.03637700    0.03892100   -0.05092200   -0.20968200
    0.00000000    0.00000000    0.00000000
   -0.32862100    0.08859300   -0.14118000    0.23774600    0.51836700
    0.00000000    0.00000000    0.00000000
   -0.31751700    0.08563000   -0.21476500    0.40318500    0.30416400
    0.00000000    0.00000000    0.00000000
    0.35742200   -0.10599300    0.32015100   -0.79096100   -1.23286300
    0.00000000    0.00000000    0.00000000
    0.00000000    0.00000000    0.00000000    0.00000000    0.00000000
    0.00000000    0.00000000    1.00000000
    0.00000000    0.00000000    0.00000000    0.00000000    0.00000000
    0.00000000    1.00000000    0.00000000
    0.67140600   -0.23742100    0.45106200   -1.10227600   -2.09050800
    0.00000000    0.00000000    0.00000000
    0.28222600   -0.23535900    0.85519100    0.20944600    7.09271500
    0.00000000    0.00000000    0.00000000
    0.03867300   -0.01296000   -1.20922400    2.52735200   -4.54374400
    0.00000000    0.00000000    0.00000000
    0.00455900    0.43358200   -1.31948100   -1.78904100   -2.24827000
    0.00000000    0.00000000    0.00000000
   -0.00156500    0.57787300    0.86651700   -0.86784200    4.47391800
    0.00000000    0.00000000    0.00000000
    0.00039800    0.16436000    0.61891600    1.42739500   -2.42629600
    1.00000000    0.00000000    0.00000000

   84.914002   42.855051   21.700131   12.214690    8.319164
    4.415783    4.091071    2.286543    1.270037    1.159810
    0.591343    0.312862    0.184828    0.068590    0.026791

    0.00009300    0.00002000    0.00001900   -0.00025700    0.00027100
    0.00000000    0.00000000    0.00000000
   -0.00083600   -0.00004900    0.00013800    0.00172500   -0.00190200
    0.00000000    0.00000000    0.00000000
    0.00867900   -0.00076100   -0.00462200   -0.01264600    0.01541200
    0.00000000    0.00000000    0.00000000
   -0.01117800   -0.00057500    0.00446500    0.02906200   -0.03758600
    0.00000000    0.00000000    0.00000000
   -0.07776700    0.01828400    0.06576000    0.05897900   -0.12453600
    0.00000000    0.00000000    0.00000000
    0.00000000    0.00000000    0.00000000    0.00000000    0.00000000
    0.00000000    0.00000000    1.00000000
   -0.00611300   -0.00594300   -0.01892700    0.03080600    0.04081200
    0.00000000    0.00000000    0.00000000
    0.27182800   -0.04321200   -0.22252400   -0.52437300    1.34382300
    0.00000000    0.00000000    0.00000000
    0.00000000    0.00000000    0.00000000    0.00000000    0.00000000
    0.00000000    1.00000000    0.00000000
    0.45958500   -0.11251300   -0.52389000   -0.72096800   -0.26941100
    0.00000000    0.00000000    0.00000000
    0.31590000   -0.05207300   -0.07127700    1.02320400   -3.72959000
    0.00000000    0.00000000    0.00000000
    0.07168300   -0.09226300    0.81271200    1.97387400    5.88498300
    0.00000000    0.00000000    0.00000000
    0.01054100    0.24394600    0.62549800   -2.80509200   -3.11385300
    0.00000000    0.00000000    0.00000000
    0.00004500    0.41310100   -0.81218900    0.60795400   -0.25697300
    0.00000000    0.00000000    0.00000000
   -0.00083700    0.54398500   -0.18579600    0.44765300    0.71073300
    1.00000000    0.00000000    0.00000000

   77.434559   27.708477   12.914284    6.062674    2.863898
    2.503695    1.527212    1.386559    0.677058    0.329864
    0.159474    0.076174    0.028570

    0.00002200   -0.00002500    0.00001000    0.00001100    0.00000000
    0.00000000    0.00000000
    0.00421800   -0.00431100    0.00618700   -0.00802600    0.00000000
    0.00000000    0.00000000
    0.03008700   -0.03091300    0.04263000   -0.05387500    0.00000000
    0.00000000    0.00000000
    0.08482100   -0.08804900    0.12752400   -0.16879500    0.00000000
    0.00000000    0.00000000
    0.17111000   -0.17833000    0.24828900   -0.31234400    0.00000000
    0.00000000    0.00000000
    0.00000000    0.00000000    0.00000000    0.00000000    0.00000000
    0.00000000    1.00000000
    0.00000000    0.00000000    0.00000000    0.00000000    0.00000000
    1.00000000    0.00000000
    0.24745100   -0.23433500    0.25976100   -0.17203100    0.00000000
    0.00000000    0.00000000
    0.27731000   -0.19577500   -0.07079400    0.58763300    0.00000000
    0.00000000    0.00000000
    0.26107700    0.06587200   -0.51939600    0.52859200    0.00000000
    0.00000000    0.00000000
    0.19033600    0.33053600   -0.37365800   -0.85964400    0.00000000
    0.00000000    0.00000000
    0.11938500    0.46122900    0.45506700   -0.27383100    0.00000000
    0.00000000    0.00000000
    0.03129700    0.18427300    0.48958600    0.80275400    1.00000000
    0.00000000    0.00000000

    3.304687    2.356279    0.675430    0.193613

    0.00000000    0.00000000    0.00000000    1.00000000
    0.00000000    0.00000000    1.00000000    0.00000000
    0.00000000    1.00000000    0.00000000    0.00000000
    1.00000000    0.00000000    0.00000000    0.00000000

    3.520886    1.597247    0.402576

    0.00000000    0.00000000    1.00000000
    0.00000000    1.00000000    0.00000000
    1.00000000    0.00000000    0.00000000

    2.900797    0.848174

    0.00000000    1.00000000
    1.00000000    0.00000000

Ti:cc-pCVTZ-ccECP
ccECP cc-pCVTZ for Ti | source recipes/Ti/ccECP/Ti.cc-pCVTZ.gamess | ccECP from A. Annaberdiyev et al. Journal of Chemical Physics 149, 134108 (2018) https://doi.org/10.1063/1.5040472

  5
    0    1    2    3    4
    7    7    6    3    2
   15   15   13    3    2

   68.910511   33.720700   18.159676   12.419305    7.532195
    3.504444    2.191541    1.910727    0.888840    0.790662
    0.447198    0.281192    0.100258    0.046525    0.021840

    0.00061600   -0.00015600    0.00063500   -0.00117800    0.00000000
    0.00000000    0.00000000
   -0.00750100    0.00196600   -0.00646800    0.01187700    0.00000000
    0.00000000    0.00000000
    0.01221800   -0.00399400    0.02344400   -0.04724000    0.00000000
    0.00000000    0.00000000
    0.14473900   -0.03637700    0.03892100   -0.05092200    0.00000000
    0.00000000    0.00000000
   -0.32862100    0.08859300   -0.14118000    0.23774600    0.00000000
    0.00000000    0.00000000
   -0.31751700    0.08563000   -0.21476500    0.40318500    0.00000000
    0.00000000    0.00000000
    0.00000000    0.00000000    0.00000000    0.00000000    0.00000000
    0.00000000    1.00000000
    0.35742200   -0.10599300    0.32015100   -0.79096100    0.00000000
    0.00000000    0.00000000
    0.67140600   -0.23742100    0.45106200   -1.10227600    0.00000000
    0.00000000    0.00000000
    0.00000000    0.00000000    0.00000000    0.00000000    0.00000000
    1.00000000    0.00000000
    0.28222600   -0.23535900    0.85519100    0.20944600    0.00000000
    0.00000000    0.00000000
    0.03867300   -0.01296000   -1.20922400    2.52735200    0.00000000
    0.00000000    0.00000000
    0.00455900    0.43358200   -1.31948100   -1.78904100    0.00000000
    0.00000000    0.00000000
   -0.00156500    0.57787300    0.86651700   -0.86784200    0.00000000
    0.00000000    0.00000000
    0.00039800    0.16436000    0.61891600    1.42739500    1.00000000
    0.00000000    0.00000000

   84.914002   42.855051   21.700131   12.214690    8.319164
    4.091071    3.650546    2.286543    1.159810    0.902705
    0.591343    0.312862    0.184828    0.068590    0.026791

    0.00009300    0.00002000    0.00001900   -0.00025700    0.00000000
    0.00000000    0.00000000
   -0.00083600   -0.00004900    0.00013800    0.00172500    0.00000000
    0.00000000    0.00000000
    0.00867900   -0.00076100   -0.00462200   -0.01264600    0.00000000
    0.00000000    0.00000000
   -0.01117800   -0.00057500    0.00446500    0.02906200    0.00000000
    0.00000000    0.00000000
   -0.07776700    0.01828400    0.06576000    0.05897900    0.00000000
    0.00000000    0.00000000
   -0.00611300   -0.00594300   -0.01892700    0.03080600    0.00000000
    0.00000000    0.00000000
    0.00000000    0.00000000    0.00000000    0.00000000    0.00000000
    0.00000000    1.00000000
    0.27182800   -0.04321200   -0.22252400   -0.52437300    0.00000000
    0.00000000    0.00000000
    0.45958500   -0.11251300   -0.52389000   -0.72096800    0.00000000
    0.00000000    0.00000000
    0.00000000    0.00000000    0.00000000    0.00000000    0.00000000
    1.00000000    0.00000000
    0.31590000   -0.05207300   -0.07127700    1.02320400    0.00000000
    0.00000000    0.00000000
    0.07168300   -0.09226300    0.81271200    1.97387400    0.00000000
    0.00000000    0.00000000
    0.01054100    0.24394600    0.62549800   -2.80509200    0.00000000
    0.00000000    0.00000000
    0.00004500    0.41310100   -0.81218900    0.60795400    0.00000000
    0.00000000    0.00000000
   -0.00083700    0.54398500   -0.18579600    0.44765300    1.00000000
    0.00000000    0.00000000

   77.434559   27.708477   12.914284    6.062674    5.672148
    2.863898    2.318162    1.386559    0.677058    0.329864
    0.159474    0.076174    0.028570

    0.00002200   -0.00002500    0.00001000    0.00000000    0.00000000
    0.00000000
    0.00421800   -0.00431100    0.00618700    0.00000000    0.00000000
    0.00000000
    0.03008700   -0.03091300    0.04263000    0.00000000    0.00000000
    0.00000000
    0.08482100   -0.08804900    0.12752400    0.00000000    0.00000000
    0.00000000
    0.00000000    0.00000000    0.00000000    0.00000000    0.00000000
    1.00000000
    0.17111000   -0.17833000    0.24828900    0.00000000    0.00000000
    0.00000000
    0.00000000    0.00000000    0.00000000    0.00000000    1.00000000
    0.00000000
    0.24745100   -0.23433500    0.25976100    0.00000000    0.00000000
    0.00000000
    0.27731000   -0.19577500   -0.07079400    0.00000000    0.00000000
    0.00000000
    0.26107700    0.06587200   -0.51939600    0.00000000    0.00000000
    0.00000000
    0.19033600    0.33053600   -0.37365800    0.00000000    0.00000000
    0.00000000
    0.11938500    0.46122900    0.45506700    0.00000000    0.00000000
    0.00000000
    0.03129700    0.18427300    0.48958600    1.00000000    0.00000000
    0.00000000

    3.186116    1.269061    0.291553

    0.00000000    0.00000000    1.00000000
    0.00000000    1.00000000    0.00000000
    1.00000000    0.00000000    0.00000000

    2.521341    0.707265

    0.00000000    1.00000000
    1.00000000    0.00000000

Ti:cc-pV5Z-ccECP
ccECP cc-pV5Z for Ti | source recipes/Ti/ccECP/Ti.cc-pV5Z.gamess | ccECP from A. Annaberdiyev et al. Journal of Chemical Physics 149, 134108 (2018) https://doi.org/10.1063/1.5040472

  7
    0    1    2    3    4    5    6
    7    7    6    4    3    2    1
   13   13   11    4    3    2    1

   68.910511   33.720700   18.159676   12.419305    7.532195
    3.504444    1.910727    0.888840    0.447198    0.281192
    0.100258    0.046525    0.021840

    0.00061600   -0.00015600    0.00063500   -0.00117800    0.00011500
   -0.00502200    0.00000000
   -0.00750100    0.00196600   -0.00646800    0.01187700    0.00283300
    0.04581200    0.00000000
    0.01221800   -0.00399400    0.02344400   -0.04724000    0.00614100
   -0.22302100    0.00000000
    0.14473900   -0.03637700    0.03892100   -0.05092200   -0.20968200
    0.09844300    0.00000000
   -0.32862100    0.08859300   -0.14118000    0.23774600    0.51836700
    0.47843000    0.00000000
   -0.31751700    0.08563000   -0.21476500    0.40318500    0.30416400
    1.06108500    0.00000000
    0.35742200   -0.10599300    0.32015100   -0.79096100   -1.23286300
   -4.89319600    0.00000000
    0.67140600   -0.23742100    0.45106200   -1.10227600   -2.09050800
    4.88955200    0.00000000
    0.28222600   -0.23535900    0.85519100    0.20944600    7.09271500
    2.48209600    0.00000000
    0.03867300   -0.01296000   -1.20922400    2.52735200   -4.54374400
   -7.42136100    0.00000000
    0.00455900    0.43358200   -1.31948100   -1.78904100   -2.24827000
    7.32453500    0.00000000
   -0.00156500    0.57787300    0.86651700   -0.86784200    4.47391800
   -6.28225700    0.00000000
    0.00039800    0.16436000    0.61891600    1.42739500   -2.42629600
    2.41326500    1.00000000

   84.914002   42.855051   21.700131   12.214690    8.319164
    4.091071    2.286543    1.159810    0.591343    0.312862
    0.184828    0.068590    0.026791

    0.00009300    0.00002000    0.00001900   -0.00025700    0.00027100
   -0.00374600    0.00000000
   -0.00083600   -0.00004900    0.00013800    0.00172500   -0.00190200
    0.02080700    0.00000000
    0.00867900   -0.00076100   -0.00462200   -0.01264600    0.01541200
   -0.09320200    0.00000000
   -0.01117800   -0.00057500    0.00446500    0.02906200   -0.03758600
    0.32919000    0.00000000
   -0.07776700    0.01828400    0.06576000    0.05897900   -0.12453600
   -0.26508700    0.00000000
   -0.00611300   -0.00594300   -0.01892700    0.03080600    0.04081200
    0.35306800    0.00000000
    0.27182800   -0.04321200   -0.22252400   -0.52437300    1.34382300
   -2.77876500    0.00000000
    0.45958500   -0.11251300   -0.52389000   -0.72096800   -0.26941100
    4.95982700    0.00000000
    0.31590000   -0.05207300   -0.07127700    1.02320400   -3.72959000
   -3.87445400    0.00000000
    0.07168300   -0.09226300    0.81271200    1.97387400    5.88498300
   -0.17839700    0.00000000
    0.01054100    0.24394600    0.62549800   -2.80509200   -3.11385300
    2.64474200    0.00000000
    0.00004500    0.41310100   -0.81218900    0.60795400   -0.25697300
   -2.41663200    0.00000000
   -0.00083700    0.54398500   -0.18579600    0.44765300    0.71073300
    1.41897300    1.00000000

   77.434559   27.708477   12.914284    6.062674    2.863898
    1.386559    0.677058    0.329864    0.159474    0.076174
    0.028570

    0.00002200   -0.00002500    0.00001000    0.00001100   -0.00001300
    0.00000000
    0.00421800   -0.00431100    0.00618700   -0.00802600   -0.01172700
    0.00000000
    0.03008700   -0.03091300    0.04263000   -0.05387500   -0.08166200
    0.00000000
    0.08482100   -0.08804900    0.12752400   -0.16879500   -0.26347400
    0.00000000
    0.17111000   -0.17833000    0.24828900   -0.31234400   -0.44608900
    0.00000000
    0.24745100   -0.23433500    0.25976100   -0.17203100    0.34288500
    0.00000000
    0.27731000   -0.19577500   -0.07079400    0.58763300    1.15809700
    0.00000000
    0.26107700    0.06587200   -0.51939600    0.52859200   -1.39803900
    0.00000000
    0.19033600    0.33053600   -0.37365800   -0.85964400   -0.13932000
    0.00000000
    0.11938500    0.46122900    0.45506700   -0.27383100    1.17395400
    0.00000000
    0.03129700    0.18427300    0.48958600    0.80275400   -0.80232000
    1.00000000

    3.744629    1.257932    0.422577    0.141956

    0.00000000    0.00000000    0.00000000    1.00000000
    0.00000000    0.00000000    1.00000000    0.00000000
    0.00000000    1.00000000    0.00000000    0.00000000
    1.00000000    0.00000000    0.00000000    0.00000000

    2.636172    0.841165    0.268404

    0.00000000    0.00000000    1.00000000
    0.00000000    1.00000000    0.00000000
    1.00000000    0.00000000    0.00000000

    1.872404    0.518283

    0.00000000    1.00000000
    1.00000000    0.00000000

    0.927112

    1.00000000

Ti:cc-pVDZ-ccECP
ccECP cc-pVDZ for Ti | source recipes/Ti/ccECP/Ti.cc-pVDZ.gamess | ccECP from A. Annaberdiyev et al. Journal of Chemical Physics 149, 134108 (2018) https://doi.org/10.1063/1.5040472

  4
    0    1    2    3
    4    4    3    1
   13   13   11    1

   68.910511   33.720700   18.159676   12.419305    7.532195
    3.504444    1.910727    0.888840    0.447198    0.281192
    0.100258    0.046525    0.021840

    0.00061600   -0.00015600    0.00063500    0.00000000
   -0.00750100    0.00196600   -0.00646800    0.00000000
    0.01221800   -0.00399400    0.02344400    0.00000000
    0.14473900   -0.03637700    0.03892100    0.00000000
   -0.32862100    0.08859300   -0.14118000    0.00000000
   -0.31751700    0.08563000   -0.21476500    0.00000000
    0.35742200   -0.10599300    0.32015100    0.00000000
    0.67140600   -0.23742100    0.45106200    0.00000000
    0.28222600   -0.23535900    0.85519100    0.00000000
    0.03867300   -0.01296000   -1.20922400    0.00000000
    0.00455900    0.43358200   -1.31948100    0.00000000
   -0.00156500    0.57787300    0.86651700    0.00000000
    0.00039800    0.16436000    0.61891600    1.00000000

   84.914002   42.855051   21.700131   12.214690    8.319164
    4.091071    2.286543    1.159810    0.591343    0.312862
    0.184828    0.068590    0.026791

    0.00009300    0.00002000    0.00001900    0.00000000
   -0.00083600   -0.00004900    0.00013800    0.00000000
    0.00867900   -0.00076100   -0.00462200    0.00000000
   -0.01117800   -0.00057500    0.00446500    0.00000000
   -0.07776700    0.01828400    0.06576000    0.00000000
   -0.00611300   -0.00594300   -0.01892700    0.00000000
    0.27182800   -0.04321200   -0.22252400    0.00000000
    0.45958500   -0.11251300   -0.52389000    0.00000000
    0.31590000   -0.05207300   -0.07127700    0.00000000
    0.07168300   -0.09226300    0.81271200    0.00000000
    0.01054100    0.24394600    0.62549800    0.00000000
    0.00004500    0.41310100   -0.81218900    0.00000000
   -0.00083700    0.54398500   -0.18579600    1.00000000

   77.434559   27.708477   12.914284    6.062674    2.863898
    1.386559    0.677058    0.329864    0.159474    0.076174
    0.028570

    0.00002200   -0.00002500    0.00000000
    0.00421800   -0.00431100    0.00000000
    0.03008700   -0.03091300    0.00000000
    0.08482100   -0.08804900    0.00000000
    0.17111000   -0.17833000    0.00000000
    0.24745100   -0.23433500    0.00000000
    0.27731000   -0.19577500    0.00000000
    0.26107700    0.06587200    0.00000000
    0.19033600    0.33053600    0.00000000
    0.11938500    0.46122900    0.00000000
    0.03129700    0.18427300    1.00000000

    0.499717

    1.00000000

Ti:cc-pVQZ-ccECP
ccECP cc-pVQZ for Ti | source recipes/Ti/ccECP/Ti.cc-pVQZ.gamess | ccECP from A. Annaberdiyev et al. Journal of Chemical Physics 149, 134108 (2018) https://doi.org/10.1063/1.5040472

  6
    0    1    2    3    4    5
    6    6    5    3    2    1
   13   13   11    3    2    1

   68.910511   33.720700   18.159676   12.419305    7.532195
    3.504444    1.910727    0.888840    0.447198    0.281192
    0.100258    0.046525    0.021840

    0.00061600   -0.00015600    0.00063500   -0.00117800    0.00011500
    0.00000000
   -0.00750100    0.00196600   -0.00646800    0.01187700    0.00283300
    0.00000000
    0.01221800   -0.00399400    0.02344400   -0.04724000    0.00614100
    0.00000000
    0.14473900   -0.03637700    0.03892100   -0.05092200   -0.20968200
    0.00000000
   -0.32862100    0.08859300   -0.14118000    0.23774600    0.51836700
    0.00000000
   -0.31751700    0.08563000   -0.21476500    0.40318500    0.30416400
    0.00000000
    0.35742200   -0.10599300    0.32015100   -0.79096100   -1.23286300
    0.00000000
    0.67140600   -0.23742100    0.45106200   -1.10227600   -2.09050800
    0.00000000
    0.28222600   -0.23535900    0.85519100    0.20944600    7.09271500
    0.00000000
    0.03867300   -0.01296000   -1.20922400    2.52735200   -4.54374400
    0.00000000
    0.00455900    0.43358200   -1.31948100   -1.78904100   -2.24827000
    0.00000000
   -0.00156500    0.57787300    0.86651700   -0.86784200    4.47391800
    0.00000000
    0.00039800    0.16436000    0.61891600    1.42739500   -2.42629600
    1.00000000

   84.914002   42.855051   21.700131   12.214690    8.319164
    4.091071    2.286543    1.159810    0.591343    0.312862
    0.184828    0.068590    0.026791

    0.00009300    0.00002000    0.00001900   -0.00025700    0.00027100
    0.00000000
   -0.00083600   -0.00004900    0.00013800    0.00172500   -0.00190200
    0.00000000
    0.00867900   -0.00076100   -0.00462200   -0.01264600    0.01541200
    0.00000000
   -0.01117800   -0.00057500    0.00446500    0.02906200   -0.03758600
    0.00000000
   -0.07776700    0.01828400    0.06576000    0.05897900   -0.12453600
    0.00000000
   -0.00611300   -0.00594300   -0.01892700    0.03080600    0.04081200
    0.00000000
    0.27182800   -0.04321200   -0.22252400   -0.52437300    1.34382300
    0.00000000
    0.45958500   -0.11251300   -0.52389000   -0.72096800   -0.26941100
    0.00000000
    0.31590000   -0.05207300   -0.07127700    1.02320400   -3.72959000
    0.00000000
    0.07168300   -0.09226300    0.81271200    1.97387400    5.88498300
    0.00000000
    0.01054100    0.24394600    0.62549800   -2.80509200   -3.11385300
    0.00000000
    0.00004500    0.41310100   -0.81218900    0.60795400   -0.25697300
    0.00000000
   -0.00083700    0.54398500   -0.18579600    0.44765300    0.71073300
    1.00000000

   77.434559   27.708477   12.914284    6.062674    2.863898
    1.386559    0.677058    0.329864    0.159474    0.076174
    0.028570

    0.00002200   -0.00002500    0.00001000    0.00001100    0.00000000
    0.00421800   -0.00431100    0.00618700   -0.00802600    0.00000000
    0.03008700   -0.03091300    0.04263000   -0.05387500    0.00000000
    0.08482100   -0.08804900    0.12752400   -0.16879500    0.00000000
    0.17111000   -0.17833000    0.24828900   -0.31234400    0.00000000
    0.24745100   -0.23433500    0.25976100   -0.17203100    0.00000000
    0.27731000   -0.19577500   -0.07079400    0.58763300    0.00000000
    0.26107700    0.06587200   -0.51939600    0.52859200    0.00000000
    0.19033600    0.33053600   -0.37365800   -0.85964400    0.00000000
    0.11938500    0.46122900    0.45506700   -0.27383100    0.00000000
    0.03129700    0.18427300    0.48958600    0.80275400    1.00000000

    2.356279    0.675430    0.193613

    0.00000000    0.00000000    1.00000000
    0.00000000    1.00000000    0.00000000
    1.00000000    0.00000000    0.00000000

    1.597247    0.402576

    0.00000000    1.00000000
    1.00000000    0.00000000

    0.848174

    1.00000000

Ti:cc-pVTZ-ccECP
ccECP cc-pVTZ for Ti | source recipes/Ti/ccECP/Ti.cc-pVTZ.gamess | ccECP from A. Annaberdiyev et al. Journal of Chemical Physics 149, 134108 (2018) https://doi.org/10.1063/1.5040472

  5
    0    1    2    3    4
    5    5    4    2    1
   13   13   11    2    1

   68.910511   33.720700   18.159676   12.419305    7.532195
    3.504444    1.910727    0.888840    0.447198    0.281192
    0.100258    0.046525    0.021840

    0.00061600   -0.00015600    0.00063500   -0.00117800    0.00000000
   -0.00750100    0.00196600   -0.00646800    0.01187700    0.00000000
    0.01221800   -0.00399400    0.02344400   -0.04724000    0.00000000
    0.14473900   -0.03637700    0.03892100   -0.05092200    0.00000000
   -0.32862100    0.08859300   -0.14118000    0.23774600    0.00000000
   -0.31751700    0.08563000   -0.21476500    0.40318500    0.00000000
    0.35742200   -0.10599300    0.32015100   -0.79096100    0.00000000
    0.67140600   -0.23742100    0.45106200   -1.10227600    0.00000000
    0.28222600   -0.23535900    0.85519100    0.20944600    0.00000000
    0.03867300   -0.01296000   -1.20922400    2.52735200    0.00000000
    0.00455900    0.43358200   -1.31948100   -1.78904100    0.00000000
   -0.00156500    0.57787300    0.86651700   -0.86784200    0.00000000
    0.00039800    0.16436000    0.61891600    1.42739500    1.00000000

   84.914002   42.855051   21.700131   12.214690    8.319164
    4.091071    2.286543    1.159810    0.591343    0.312862
    0.184828    0.068590    0.026791

    0.00009300    0.00002000    0.00001900   -0.00025700    0.00000000
   -0.00083600   -0.00004900    0.00013800    0.00172500    0.00000000
    0.00867900   -0.00076100   -0.00462200   -0.01264600    0.00000000
   -0.01117800   -0.00057500    0.00446500    0.02906200    0.00000000
   -0.07776700    0.01828400    0.06576000    0.05897900    0.00000000
   -0.00611300   -0.00594300   -0.01892700    0.03080600    0.00000000
    0.27182800   -0.04321200   -0.22252400   -0.52437300    0.00000000
    0.45958500   -0.11251300   -0.52389000   -0.72096800    0.00000000
    0.31590000   -0.05207300   -0.07127700    1.02320400    0.00000000
    0.07168300   -0.09226300    0.81271200    1.97387400    0.00000000
    0.01054100    0.24394600    0.62549800   -2.80509200    0.00000000
    0.00004500    0.41310100   -0.81218900    0.60795400    0.00000000
   -0.00083700    0.54398500   -0.18579600    0.44765300    1.00000000

   77.434559   27.708477   12.914284    6.062674    2.863898
    1.386559    0.677058    0.329864    0.159474    0.076174
    0.028570

    0.00002200   -0.00002500    0.00001000    0.00000000
    0.00421800   -0.00431100    0.00618700    0.00000000
    0.03008700   -0.03091300    0.04263000    0.00000000
    0.08482100   -0.08804900    0.12752400    0.00000000
    0.17111000   -0.17833000    0.24828900    0.00000000
    0.24745100   -0.23433500    0.25976100    0.00000000
    0.27731000   -0.19577500   -0.07079400    0.00000000
    0.26107700    0.06587200   -0.51939600    0.00000000
    0.19033600    0.33053600   -0.37365800    0.00000000
    0.11938500    0.46122900    0.45506700    0.00000000
    0.03129700    0.18427300    0.48958600    1.00000000

    1.269061    0.291553

    0.00000000    1.00000000
    1.00000000    0.00000000

    0.707265

    1.00000000

