
Cl:aug-cc-pV5Z-ccECP
ccECP aug-cc-pV5Z for Cl | source recipes/Cl/ccECP/Cl.aug-cc-pV5Z.gamess | ccECP from Chandler Bennett et al. Journal of Chemical Physics 149, 104108 (2018) https://doi.org/10.1063/1.5038135

  6
    0    1    2    3    4    5
    6    6    5    4    3    2
   15   15    5    4    3    2

   15.583847    8.858485    5.035519    2.862391    1.627098
    1.312097    0.924908    0.611646    0.525755    0.298860
    0.285124    0.169884    0.132913    0.096569    0.065045

     0.002501   0.00000000   0.00000000   0.00000000   0.00000000   0.00000000
    -0.010046   0.00000000   0.00000000   0.00000000   0.00000000   0.00000000
     0.085810   0.00000000   0.00000000   0.00000000   0.00000000   0.00000000
    -0.290136   0.00000000   0.00000000   0.00000000   0.00000000   0.00000000
    -0.140314   0.00000000   0.00000000   0.00000000   0.00000000   0.00000000
   0.00000000     1.000000   0.00000000   0.00000000   0.00000000   0.00000000
     0.146839   0.00000000   0.00000000   0.00000000   0.00000000   0.00000000
   0.00000000   0.00000000     1.000000   0.00000000   0.00000000   0.00000000
     0.392484   0.00000000   0.00000000   0.00000000   0.00000000   0.00000000
     0.425061   0.00000000   0.00000000   0.00000000   0.00000000   0.00000000
   0.00000000   0.00000000   0.00000000     1.000000   0.00000000   0.00000000
     0.227195   0.00000000   0.00000000   0.00000000   0.00000000   0.00000000
   0.00000000   0.00000000   0.00000000   0.00000000     1.000000   0.00000000
     0.059828   0.00000000   0.00000000   0.00000000   0.00000000   0.00000000
   0.00000000   0.00000000   0.00000000   0.00000000   0.00000000     1.000000

    7.682894    4.507558    2.989744    2.644587    1.551581
    1.418767    0.910313    0.673268    0.534081    0.319496
    0.313346    0.183840    0.168796    0.107859    0.063281

    -0.004609   0.00000000   0.00000000   0.00000000   0.00000000   0.00000000
    -0.001798   0.00000000   0.00000000   0.00000000   0.00000000   0.00000000
   0.00000000     1.000000   0.00000000   0.00000000   0.00000000   0.00000000
    -0.068614   0.00000000   0.00000000   0.00000000   0.00000000   0.00000000
     0.062352   0.00000000   0.00000000   0.00000000   0.00000000   0.00000000
   0.00000000   0.00000000     1.000000   0.00000000   0.00000000   0.00000000
     0.166337   0.00000000   0.00000000   0.00000000   0.00000000   0.00000000
   0.00000000   0.00000000   0.00000000     1.000000   0.00000000   0.00000000
     0.282292   0.00000000   0.00000000   0.00000000   0.00000000   0.00000000
   0.00000000   0.00000000   0.00000000   0.00000000     1.000000   0.00000000
     0.275967   0.00000000   0.00000000   0.00000000   0.00000000   0.00000000
     0.241328   0.00000000   0.00000000   0.00000000   0.00000000   0.00000000
   0.00000000   0.00000000   0.00000000   0.00000000   0.00000000     1.000000
     0.110223   0.00000000   0.00000000   0.00000000   0.00000000   0.00000000
     0.040289   0.00000000   0.00000000   0.00000000   0.00000000   0.00000000

    3.508629    1.434082    0.586152    0.239578    0.103095

     1.000000   0.00000000   0.00000000   0.00000000   0.00000000
   0.00000000     1.000000   0.00000000   0.00000000   0.00000000
   0.00000000   0.00000000     1.000000   0.00000000   0.00000000
   0.00000000   0.00000000   0.00000000     1.000000   0.00000000
   0.00000000   0.00000000   0.00000000   0.00000000     1.000000

    1.580619    0.721906    0.329711    0.159627

     1.000000   0.00000000   0.00000000   0.00000000
   0.00000000     1.000000   0.00000000   0.00000000
   0.00000000   0.00000000     1.000000   0.00000000
   0.00000000   0.00000000   0.00000000     1.000000

    1.330843    0.560558    0.272474

     1.000000   0.00000000   0.00000000
   0.00000000     1.000000   0.00000000
   0.00000000   0.00000000     1.000000

    1.054587    0.578705

     1.000000   0.00000000
   0.00000000     1.000000

Cl:aug-cc-pV6Z-ccECP
ccECP aug-cc-pV6Z for Cl | source recipes/Cl/ccECP/Cl.aug-cc-pV6Z.gamess | ccECP from Chandler Bennett et al. Journal of Chemical Physics 149, 104108 (2018) https://doi.org/10.1063/1.5038135

  7
    0    1    2    3    4    5    6
    7    7    6    5    4    3    2
   16   16    6    5    4    3    2

   15.583847    8.858485    5.035519    3.171838    2.862391
    1.627098    1.442052    0.924908    0.655618    0.525755
    0.298860    0.298072    0.169884    0.135516    0.096569
    0.061611

    0.00250100    0.00000000    0.00000000    0.00000000    0.00000000
    0.00000000    0.00000000
   -0.01004600    0.00000000    0.00000000    0.00000000    0.00000000
    0.00000000    0.00000000
    0.08581000    0.00000000    0.00000000    0.00000000    0.00000000
    0.00000000    0.00000000
    0.00000000    0.00000000    0.00000000    0.00000000    0.00000000
    0.00000000    1.00000000
   -0.29013600    0.00000000    0.00000000    0.00000000    0.00000000
    0.00000000    0.00000000
   -0.14031400    0.00000000    0.00000000    0.00000000    0.00000000
    0.00000000    0.00000000
    0.00000000    0.00000000    0.00000000    0.00000000    0.00000000
    1.00000000    0.00000000
    0.14683900    0.00000000    0.00000000    0.00000000    0.00000000
    0.00000000    0.00000000
    0.00000000    0.00000000    0.00000000    0.00000000    1.00000000
    0.00000000    0.00000000
    0.39248400    0.00000000    0.00000000    0.00000000    0.00000000
    0.00000000    0.00000000
    0.42506100    0.00000000    0.00000000    0.00000000    0.00000000
    0.00000000    0.00000000
    0.00000000    0.00000000    0.00000000    1.00000000    0.00000000
    0.00000000    0.00000000
    0.22719500    0.00000000    0.00000000    0.00000000    0.00000000
    0.00000000    0.00000000
    0.00000000    0.00000000    1.00000000    0.00000000    0.00000000
    0.00000000    0.00000000
    0.05982800    0.00000000    0.00000000    0.00000000    0.00000000
    0.00000000    0.00000000
    0.00000000    1.00000000    0.00000000    0.00000000    0.00000000
    0.00000000    0.00000000

    7.682894    4.507558    2.644587    1.723119    1.551581
    0.910313    0.814252    0.534081    0.384771    0.313346
    0.183840    0.181822    0.107859    0.085919    0.063281
    0.040601

   -0.00460900    0.00000000    0.00000000    0.00000000    0.00000000
    0.00000000    0.00000000
   -0.00179800    0.00000000    0.00000000    0.00000000    0.00000000
    0.00000000    0.00000000
   -0.06861400    0.00000000    0.00000000    0.00000000    0.00000000
    0.00000000    0.00000000
    0.00000000    0.00000000    0.00000000    0.00000000    0.00000000
    0.00000000    1.00000000
    0.06235200    0.00000000    0.00000000    0.00000000    0.00000000
    0.00000000    0.00000000
    0.16633700    0.00000000    0.00000000    0.00000000    0.00000000
    0.00000000    0.00000000
    0.00000000    0.00000000    0.00000000    0.00000000    0.00000000
    1.00000000    0.00000000
    0.28229200    0.00000000    0.00000000    0.00000000    0.00000000
    0.00000000    0.00000000
    0.00000000    0.00000000    0.00000000    0.00000000    1.00000000
    0.00000000    0.00000000
    0.27596700    0.00000000    0.00000000    0.00000000    0.00000000
    0.00000000    0.00000000
    0.24132800    0.00000000    0.00000000    0.00000000    0.00000000
    0.00000000    0.00000000
    0.00000000    0.00000000    0.00000000    1.00000000    0.00000000
    0.00000000    0.00000000
    0.11022300    0.00000000    0.00000000    0.00000000    0.00000000
    0.00000000    0.00000000
    0.00000000    0.00000000    1.00000000    0.00000000    0.00000000
    0.00000000    0.00000000
    0.04028900    0.00000000    0.00000000    0.00000000    0.00000000
    0.00000000    0.00000000
    0.00000000    1.00000000    0.00000000    0.00000000    0.00000000
    0.00000000    0.00000000

    4.105755    1.917041    0.895096    0.417934    0.195140
    0.091114

    0.00000000    0.00000000    0.00000000    0.00000000    0.00000000
    1.00000000
    0.00000000    0.00000000    0.00000000    0.00000000    1.00000000
    0.00000000
    0.00000000    0.00000000    0.00000000    1.00000000    0.00000000
    0.00000000
    0.00000000    0.00000000    1.00000000    0.00000000    0.00000000
    0.00000000
    0.00000000    1.00000000    0.00000000    0.00000000    0.00000000
    0.00000000
    1.00000000    0.00000000    0.00000000    0.00000000    0.00000000
    0.00000000

    2.039286    1.044636    0.535121    0.274119    0.140419

    0.00000000    0.00000000    0.00000000    0.00000000    1.00000000
    0.00000000    0.00000000    0.00000000    1.00000000    0.00000000
    0.00000000    0.00000000    1.00000000    0.00000000    0.00000000
    0.00000000    1.00000000    0.00000000    0.00000000    0.00000000
    1.00000000    0.00000000    0.00000000    0.00000000    0.00000000

    1.837561    0.915036    0.455653    0.226898

    0.00000000    0.00000000    0.00000000    1.00000000
    0.00000000    0.00000000    1.00000000    0.00000000
    0.00000000    1.00000000    0.00000000    0.00000000
    1.00000000    0.00000000    0.00000000    0.00000000

    1.568124    0.743975    0.352969

    0.00000000    0.00000000    1.00000000
    0.00000000    1.00000000    0.00000000
    1.00000000    0.00000000    0.00000000

    1.258193    0.503277

    0.00000000    1.00000000
    1.00000000    0.00000000

Cl:aug-cc-pVDZ-ccECP
ccECP aug-cc-pVDZ for Cl | source recipes/Cl/ccECP/Cl.aug-cc-pVDZ.gamess | ccECP from Chandler Bennett et al. Journal of Chemical Physics 149, 104108 (2018) https://doi.org/10.1063/1.5038135

  3
    0    1    2
    3    3    2
   12   12    2

   15.583847    8.858485    5.035519    2.862391    1.627098
    0.924908    0.648040    0.525755    0.298860    0.169884
    0.151979    0.096569

     0.002501   0.00000000   0.00000000
    -0.010046   0.00000000   0.00000000
     0.085810   0.00000000   0.00000000
    -0.290136   0.00000000   0.00000000
    -0.140314   0.00000000   0.00000000
     0.146839   0.00000000   0.00000000
   0.00000000     1.000000   0.00000000
     0.392484   0.00000000   0.00000000
     0.425061   0.00000000   0.00000000
     0.227195   0.00000000   0.00000000
   0.00000000   0.00000000     1.000000
     0.059828   0.00000000   0.00000000

    7.682894    4.507558    2.644587    1.551581    0.910313
    0.633351    0.534081    0.405005    0.313346    0.183840
    0.107859    0.063281

    -0.004609   0.00000000   0.00000000
    -0.001798   0.00000000   0.00000000
    -0.068614   0.00000000   0.00000000
     0.062352   0.00000000   0.00000000
     0.166337   0.00000000   0.00000000
   0.00000000     1.000000   0.00000000
     0.282292   0.00000000   0.00000000
   0.00000000   0.00000000     1.000000
     0.275967   0.00000000   0.00000000
     0.241328   0.00000000   0.00000000
     0.110223   0.00000000   0.00000000
     0.040289   0.00000000   0.00000000

    0.633222    0.211734

     1.000000   0.00000000
   0.00000000     1.000000

Cl:aug-cc-pVQZ-ccECP
ccECP aug-cc-pVQZ for Cl | source recipes/Cl/ccECP/Cl.aug-cc-pVQZ.gamess | ccECP from Chandler Bennett et al. Journal of Chemical Physics 149, 104108 (2018) https://doi.org/10.1063/1.5038135

  5
    0    1    2    3    4
    5    5    4    3    2
   14   14    4    3    2

   15.583847    8.858485    5.035519    2.862391    1.627098
    1.038268    0.924908    0.525755    0.418863    0.298860
    0.169884    0.168980    0.096569    0.080650

     0.002501   0.00000000   0.00000000   0.00000000   0.00000000
    -0.010046   0.00000000   0.00000000   0.00000000   0.00000000
     0.085810   0.00000000   0.00000000   0.00000000   0.00000000
    -0.290136   0.00000000   0.00000000   0.00000000   0.00000000
    -0.140314   0.00000000   0.00000000   0.00000000   0.00000000
   0.00000000     1.000000   0.00000000   0.00000000   0.00000000
     0.146839   0.00000000   0.00000000   0.00000000   0.00000000
     0.392484   0.00000000   0.00000000   0.00000000   0.00000000
   0.00000000   0.00000000     1.000000   0.00000000   0.00000000
     0.425061   0.00000000   0.00000000   0.00000000   0.00000000
     0.227195   0.00000000   0.00000000   0.00000000   0.00000000
   0.00000000   0.00000000   0.00000000     1.000000   0.00000000
     0.059828   0.00000000   0.00000000   0.00000000   0.00000000
   0.00000000   0.00000000   0.00000000   0.00000000     1.000000

    7.682894    4.507558    2.644587    2.626653    1.551581
    1.069041    0.910313    0.534081    0.435097    0.313346
    0.204536    0.183840    0.107859    0.063281

    -0.004609   0.00000000   0.00000000   0.00000000   0.00000000
    -0.001798   0.00000000   0.00000000   0.00000000   0.00000000
    -0.068614   0.00000000   0.00000000   0.00000000   0.00000000
   0.00000000     1.000000   0.00000000   0.00000000   0.00000000
     0.062352   0.00000000   0.00000000   0.00000000   0.00000000
   0.00000000   0.00000000     1.000000   0.00000000   0.00000000
     0.166337   0.00000000   0.00000000   0.00000000   0.00000000
     0.282292   0.00000000   0.00000000   0.00000000   0.00000000
   0.00000000   0.00000000   0.00000000     1.000000   0.00000000
     0.275967   0.00000000   0.00000000   0.00000000   0.00000000
   0.00000000   0.00000000   0.00000000   0.00000000     1.000000
     0.241328   0.00000000   0.00000000   0.00000000   0.00000000
     0.110223   0.00000000   0.00000000   0.00000000   0.00000000
     0.040289   0.00000000   0.00000000   0.00000000   0.00000000

    2.102692    0.763188    0.277005    0.110075

     1.000000   0.00000000   0.00000000   0.00000000
   0.00000000     1.000000   0.00000000   0.00000000
   0.00000000   0.00000000     1.000000   0.00000000
   0.00000000   0.00000000   0.00000000     1.000000

    1.139446    0.434852    0.209794

     1.000000   0.00000000   0.00000000
   0.00000000     1.000000   0.00000000
   0.00000000   0.00000000     1.000000

    0.844301    0.374704

     1.000000   0.00000000
   0.00000000     1.000000

Cl:aug-cc-pVTZ-ccECP
ccECP aug-cc-pVTZ for Cl | source recipes/Cl/ccECP/Cl.aug-cc-pVTZ.gamess | ccECP from Chandler Bennett et al. Journal of Chemical Physics 149, 104108 (2018) https://doi.org/10.1063/1.5038135

  4
    0    1    2    3
    4    4    3    2
   13   13    3    2

   15.583847    8.858485    5.035519    2.862391    1.627098
    1.020976    0.924908    0.525755    0.298860    0.186161
    0.169884    0.132342    0.096569

     0.002501   0.00000000   0.00000000   0.00000000
    -0.010046   0.00000000   0.00000000   0.00000000
     0.085810   0.00000000   0.00000000   0.00000000
    -0.290136   0.00000000   0.00000000   0.00000000
    -0.140314   0.00000000   0.00000000   0.00000000
   0.00000000     1.000000   0.00000000   0.00000000
     0.146839   0.00000000   0.00000000   0.00000000
     0.392484   0.00000000   0.00000000   0.00000000
     0.425061   0.00000000   0.00000000   0.00000000
   0.00000000   0.00000000     1.000000   0.00000000
     0.227195   0.00000000   0.00000000   0.00000000
   0.00000000   0.00000000   0.00000000     1.000000
     0.059828   0.00000000   0.00000000   0.00000000

    7.682894    4.507558    2.644587    1.551581    0.910313
    0.899235    0.534081    0.313346    0.183840    0.143669
    0.107859    0.063281    0.051775

    -0.004609   0.00000000   0.00000000   0.00000000
    -0.001798   0.00000000   0.00000000   0.00000000
    -0.068614   0.00000000   0.00000000   0.00000000
     0.062352   0.00000000   0.00000000   0.00000000
     0.166337   0.00000000   0.00000000   0.00000000
   0.00000000     1.000000   0.00000000   0.00000000
     0.282292   0.00000000   0.00000000   0.00000000
     0.275967   0.00000000   0.00000000   0.00000000
     0.241328   0.00000000   0.00000000   0.00000000
   0.00000000   0.00000000     1.000000   0.00000000
     0.110223   0.00000000   0.00000000   0.00000000
     0.040289   0.00000000   0.00000000   0.00000000
   0.00000000   0.00000000   0.00000000     1.000000

    1.172371    0.363254    0.137654

     1.000000   0.00000000   0.00000000
   0.00000000     1.000000   0.00000000
   0.00000000   0.00000000     1.000000

    0.720453    0.300374

     1.000000   0.00000000
   0.00000000     1.000000

Cl:cc-pV5Z-ccECP
ccECP cc-pV5Z for Cl | source recipes/Cl/ccECP/Cl.cc-pV5Z.gamess | ccECP from Chandler Bennett et al. Journal of Chemical Physics 149, 104108 (2018) https://doi.org/10.1063/1.5038135

  6
    0    1    2    3    4    5
    5    5    4    3    2    1
   14   14    4    3    2    1

   15.583847    8.858485    5.035519    2.862391    1.627098
    1.312097    0.924908    0.611646    0.525755    0.298860
    0.285124    0.169884    0.132913    0.096569

     0.002501   0.00000000   0.00000000   0.00000000   0.00000000
    -0.010046   0.00000000   0.00000000   0.00000000   0.00000000
     0.085810   0.00000000   0.00000000   0.00000000   0.00000000
    -0.290136   0.00000000   0.00000000   0.00000000   0.00000000
    -0.140314   0.00000000   0.00000000   0.00000000   0.00000000
   0.00000000     1.000000   0.00000000   0.00000000   0.00000000
     0.146839   0.00000000   0.00000000   0.00000000   0.00000000
   0.00000000   0.00000000     1.000000   0.00000000   0.00000000
     0.392484   0.00000000   0.00000000   0.00000000   0.00000000
     0.425061   0.00000000   0.00000000   0.00000000   0.00000000
   0.00000000   0.00000000   0.00000000     1.000000   0.00000000
     0.227195   0.00000000   0.00000000   0.00000000   0.00000000
   0.00000000   0.00000000   0.00000000   0.00000000     1.000000
     0.059828   0.00000000   0.00000000   0.00000000   0.00000000

    7.682894    4.507558    2.989744    2.644587    1.551581
    1.418767    0.910313    0.673268    0.534081    0.319496
    0.313346    0.183840    0.107859    0.063281

    -0.004609   0.00000000   0.00000000   0.00000000   0.00000000
    -0.001798   0.00000000   0.00000000   0.00000000   0.00000000
   0.00000000     1.000000   0.00000000   0.00000000   0.00000000
    -0.068614   0.00000000   0.00000000   0.00000000   0.00000000
     0.062352   0.00000000   0.00000000   0.00000000   0.00000000
   0.00000000   0.00000000     1.000000   0.00000000   0.00000000
     0.166337   0.00000000   0.00000000   0.00000000   0.00000000
   0.00000000   0.00000000   0.00000000     1.000000   0.00000000
     0.282292   0.00000000   0.00000000   0.00000000   0.00000000
   0.00000000   0.00000000   0.00000000   0.00000000     1.000000
     0.275967   0.00000000   0.00000000   0.00000000   0.00000000
     0.241328   0.00000000   0.00000000   0.00000000   0.00000000
     0.110223   0.00000000   0.00000000   0.00000000   0.00000000
     0.040289   0.00000000   0.00000000   0.00000000   0.00000000

    3.508629    1.434082    0.586152    0.239578

     1.000000   0.00000000   0.00000000   0.00000000
   0.00000000     1.000000   0.00000000   0.00000000
   0.00000000   0.00000000     1.000000   0.00000000
   0.00000000   0.00000000   0.00000000     1.000000

    1.580619    0.721906    0.329711

     1.000000   0.00000000   0.00000000
   0.00000000     1.000000   0.00000000
   0.00000000   0.00000000     1.000000

    1.330843    0.560558

     1.000000   0.00000000
   0.00000000     1.000000

    1.054587

     1.000000

Cl:cc-pV6Z-ccECP
ccECP cc-pV6Z for Cl | source recipes/Cl/ccECP/Cl.cc-pV6Z.gamess | ccECP from Chandler Bennett et al. Journal of Chemical Physics 149, 104108 (2018) https://doi.org/10.1063/1.5038135

  7
    0    1    2    3    4    5    6
    6    6    5    4    3    2    1
   15   15    5    4    3    2    1

   15.583847    8.858485    5.035519    3.171838    2.862391
    1.627098    1.442052    0.924908    0.655618    0.525755
    0.298860    0.298072    0.169884    0.135516    0.096569

    0.00250100    0.00000000    0.00000000    0.00000000    0.00000000
    0.00000000
   -0.01004600    0.00000000    0.00000000    0.00000000    0.00000000
    0.00000000
    0.08581000    0.00000000    0.00000000    0.00000000    0.00000000
    0.00000000
    0.00000000    0.00000000    0.00000000    0.00000000    0.00000000
    1.00000000
   -0.29013600    0.00000000    0.00000000    0.00000000    0.00000000
    0.00000000
   -0.14031400    0.00000000    0.00000000    0.00000000    0.00000000
    0.00000000
    0.00000000    0.00000000    0.00000000    0.00000000    1.00000000
    0.00000000
    0.14683900    0.00000000    0.00000000    0.00000000    0.00000000
    0.00000000
    0.00000000    0.00000000    0.00000000    1.00000000    0.00000000
    0.00000000
    0.39248400    0.00000000    0.00000000    0.00000000    0.00000000
    0.00000000
    0.42506100    0.00000000    0.00000000    0.00000000    0.00000000
    0.00000000
    0.00000000    0.00000000    1.00000000    0.00000000    0.00000000
    0.00000000
    0.22719500    0.00000000    0.00000000    0.00000000    0.00000000
    0.00000000
    0.00000000    1.00000000    0.00000000    0.00000000    0.00000000
    0.00000000
    0.05982800    0.00000000    0.00000000    0.00000000    0.00000000
    0.00000000

    7.682894    4.507558    2.644587    1.723119    1.551581
    0.910313    0.814252    0.534081    0.384771    0.313346
    0.183840    0.181822    0.107859    0.085919    0.063281

   -0.00460900    0.00000000    0.00000000    0.00000000    0.00000000
    0.00000000
   -0.00179800    0.00000000    0.00000000    0.00000000    0.00000000
    0.00000000
   -0.06861400    0.00000000    0.00000000    0.00000000    0.00000000
    0.00000000
    0.00000000    0.00000000    0.00000000    0.00000000    0.00000000
    1.00000000
    0.06235200    0.00000000    0.00000000    0.00000000    0.00000000
    0.00000000
    0.16633700    0.00000000    0.00000000    0.00000000    0.00000000
    0.00000000
    0.00000000    0.00000000    0.00000000    0.00000000    1.00000000
    0.00000000
    0.28229200    0.00000000    0.00000000    0.00000000    0.00000000
    0.00000000
    0.00000000    0.00000000    0.00000000    1.00000000    0.00000000
    0.00000000
    0.27596700    0.00000000    0.00000000    0.00000000    0.00000000
    0.00000000
    0.24132800    0.00000000    0.00000000    0.00000000    0.00000000
    0.00000000
    0.00000000    0.00000000    1.00000000    0.00000000    0.00000000
    0.00000000
    0.11022300    0.00000000    0.00000000    0.00000000    0.00000000
    0.00000000
    0.00000000    1.00000000    0.00000000    0.00000000    0.00000000
    0.00000000
    0.04028900    0.00000000    0.00000000    0.00000000    0.00000000
    0.00000000

    4.105755    1.917041    0.895096    0.417934    0.195140

    0.00000000    0.00000000    0.00000000    0.00000000    1.00000000
    0.00000000    0.00000000    0.00000000    1.00000000    0.00000000
    0.00000000    0.00000000    1.00000000    0.00000000    0.00000000
    0.00000000    1.00000000    0.00000000    0.00000000    0.00000000
    1.00000000    0.00000000    0.00000000    0.00000000    0.00000000

    2.039286    1.044636    0.535121    0.274119

    0.00000000    0.00000000    0.00000000    1.00000000
    0.00000000    0.00000000    1.00000000    0.00000000
    0.00000000    1.00000000    0.00000000    0.00000000
    1.00000000    0.00000000    0.00000000    0.00000000

    1.837561    0.915036    0.455653

    0.00000000    0.00000000    1.00000000
    0.00000000    1.00000000    0.00000000
    1.00000000    0.00000000    0.00000000

    1.568124    0.743975

    0.00000000    1.00000000
    1.00000000    0.00000000

    1.258193

    1.00000000

Cl:cc-pVDZ-ccECP
ccECP cc-pVDZ for Cl | source recipes/Cl/ccECP/Cl.cc-pVDZ.gamess | ccECP from Chandler Bennett et al. Journal of Chemical Physics 149, 104108 (2018) https://doi.org/10.1063/1.5038135

  3
    0    1    2
    2    2    1
   11   11    1

   15.583847    8.858485    5.035519    2.862391    1.627098
    0.924908    0.648040    0.525755    0.298860    0.169884
    0.096569

     0.002501   0.00000000
    -0.010046   0.00000000
     0.085810   0.00000000
    -0.290136   0.00000000
    -0.140314   0.00000000
     0.146839   0.00000000
   0.00000000     1.000000
     0.392484   0.00000000
     0.425061   0.00000000
     0.227195   0.00000000
     0.059828   0.00000000

    7.682894    4.507558    2.644587    1.551581    0.910313
    0.633351    0.534081    0.313346    0.183840    0.107859
    0.063281

    -0.004609   0.00000000
    -0.001798   0.00000000
    -0.068614   0.00000000
     0.062352   0.00000000
     0.166337   0.00000000
   0.00000000     1.000000
     0.282292   0.00000000
     0.275967   0.00000000
     0.241328   0.00000000
     0.110223   0.00000000
     0.040289   0.00000000

    0.633222

     1.000000

Cl:cc-pVQZ-ccECP
ccECP cc-pVQZ for Cl | source recipes/Cl/ccECP/Cl.cc-pVQZ.gamess | ccECP from Chandler Bennett et al. Journal of Chemical Physics 149, 104108 (2018) https://doi.org/10.1063/1.5038135

  5
    0    1    2    3    4
    4    4    3    2    1
   13   13    3    2    1

   15.583847    8.858485    5.035519    2.862391    1.627098
    1.038268    0.924908    0.525755    0.418863    0.298860
    0.169884    0.168980    0.096569

     0.002501   0.00000000   0.00000000   0.00000000
    -0.010046   0.00000000   0.00000000   0.00000000
     0.085810   0.00000000   0.00000000   0.00000000
    -0.290136   0.00000000   0.00000000   0.00000000
    -0.140314   0.00000000   0.00000000   0.00000000
   0.00000000     1.000000   0.00000000   0.00000000
     0.146839   0.00000000   0.00000000   0.00000000
     0.392484   0.00000000   0.00000000   0.00000000
   0.00000000   0.00000000     1.000000   0.00000000
     0.425061   0.00000000   0.00000000   0.00000000
     0.227195   0.00000000   0.00000000   0.00000000
   0.00000000   0.00000000   0.00000000     1.000000
     0.059828   0.00000000   0.00000000   0.00000000

    7.682894    4.507558    2.644587    2.626653    1.551581
    1.069041    0.910313    0.534081    0.435097    0.313346
    0.183840    0.107859    0.063281

    -0.004609   0.00000000   0.00000000   0.00000000
    -0.001798   0.00000000   0.00000000   0.00000000
    -0.068614   0.00000000   0.00000000   0.00000000
   0.00000000     1.000000   0.00000000   0.00000000
     0.062352   0.00000000   0.00000000   0.00000000
   0.00000000   0.00000000     1.000000   0.00000000
     0.166337   0.00000000   0.00000000   0.00000000
     0.282292   0.00000000   0.00000000   0.00000000
   0.00000000   0.00000000   0.00000000     1.000000
     0.275967   0.00000000   0.00000000   0.00000000
     0.241328   0.00000000   0.00000000   0.00000000
     0.110223   0.00000000   0.00000000   0.00000000
     0.040289   0.00000000   0.00000000   0.00000000

    2.102692    0.763188    0.277005

     1.000000   0.00000000   0.00000000
   0.00000000     1.000000   0.00000000
   0.00000000   0.00000000     1.000000

    1.139446    0.434852

     1.000000   0.00000000
   0.00000000     1.000000

    0.844301

     1.000000

Cl:cc-pVTZ-ccECP
ccECP cc-pVTZ for Cl | source recipes/Cl/ccECP/Cl.cc-pVTZ.gamess | ccECP from Chandler Bennett et al. Journal of Chemical Physics 149, 104108 (2018) https://doi.org/10.1063/1.5038135

  4
    0    1    2    3
    3    3    2    1
   12   12    2    1

   15.583847    8.858485    5.035519    2.862391    1.627098
    1.020976    0.924908    0.525755    0.298860    0.186161
    0.169884    0.096569

     0.002501   0.00000000   0.00000000
    -0.010046   0.00000000   0.00000000
     0.085810   0.00000000   0.00000000
    -0.290136   0.00000000   0.00000000
    -0.140314   0.00000000   0.00000000
   0.00000000     1.000000   0.00000000
     0.146839   0.00000000   0.00000000
     0.392484   0.00000000   0.00000000
     0.425061   0.00000000   0.00000000
   0.00000000   0.00000000     1.000000
     0.227195   0.00000000   0.00000000
     0.059828   0.00000000   0.00000000

    7.682894    4.507558    2.644587    1.551581    0.910313
    0.899235    0.534081    0.313346    0.183840    0.143669
    0.107859    0.063281

    -0.004609   0.00000000   0.00000000
    -0.001798   0.00000000   0.00000000
    -0.068614   0.00000000   0.00000000
     0.062352   0.00000000   0.00000000
     0.166337   0.00000000   0.00000000
   0.00000000     1.000000   0.00000000
     0.282292   0.00000000   0.00000000
     0.275967   0.00000000   0.00000000
     0.241328   0.00000000   0.00000000
   0.00000000   0.00000000     1.000000
     0.110223   0.00000000   0.00000000
     0.040289   0.00000000   0.00000000

    1.172371    0.363254

     1.000000   0.00000000
   0.00000000     1.000000

    0.720453

     1.000000

