
Eu:aug-cc-pCVDZ-ccECP
ccECP aug-cc-pCVDZ for Eu | source recipes/Eu/ccECP/Eu.aug-cc-pCVDZ.gamess | ccECP from Omar Madany et al. Journal of Chemical Physics (2025) https://doi.org/10.1063/5.0285320

  5
    0    1    2    3    4
    6    6    5    5    3
   15   15   15   15    3

   68.655348   35.137374   17.983087    9.203630    4.710360
    2.410732    1.233798    0.942391    0.631450    0.323172
    0.165397    0.084649    0.043323    0.022172    0.008869

    -0.003115     0.000999    -0.002193   0.00000000   0.00000000   0.00000000
     0.017581    -0.005685     0.012531   0.00000000   0.00000000   0.00000000
    -0.060990     0.020079    -0.044776   0.00000000   0.00000000   0.00000000
     0.120824    -0.041605     0.096631   0.00000000   0.00000000   0.00000000
     0.124033    -0.037202     0.066674   0.00000000   0.00000000   0.00000000
    -0.789504     0.282752    -0.654893   0.00000000   0.00000000   0.00000000
     0.090688    -0.065595     0.281237   0.00000000   0.00000000   0.00000000
   0.00000000   0.00000000   0.00000000   0.00000000   0.00000000     1.000000
     0.683940    -0.283609     0.759116   0.00000000   0.00000000   0.00000000
     0.549442    -0.302202     0.753298   0.00000000   0.00000000   0.00000000
     0.041548    -0.146631    -1.050855   0.00000000   0.00000000   0.00000000
     0.028191     0.296939    -1.341395   0.00000000   0.00000000   0.00000000
    -0.006707     0.523595     0.444273   0.00000000   0.00000000   0.00000000
     0.006899     0.434555     0.932775     1.000000   0.00000000   0.00000000
   0.00000000   0.00000000   0.00000000   0.00000000     1.000000   0.00000000

   84.000058   42.529818   21.533144   10.902382    5.519952
    2.794790    1.415022    0.793245    0.716436    0.362736
    0.183656    0.092986    0.047080    0.023837    0.009535

     0.000614    -0.000293     0.000113   0.00000000   0.00000000   0.00000000
    -0.002942     0.001415    -0.000439   0.00000000   0.00000000   0.00000000
     0.008959    -0.004510    -0.001992   0.00000000   0.00000000   0.00000000
    -0.025449     0.014691     0.033589   0.00000000   0.00000000   0.00000000
     0.084918    -0.055134    -0.107281   0.00000000   0.00000000   0.00000000
    -0.094468     0.069713    -0.083344   0.00000000   0.00000000   0.00000000
    -0.089700    -0.074402    -0.872751   0.00000000   0.00000000   0.00000000
   0.00000000   0.00000000   0.00000000   0.00000000   0.00000000     1.000000
     0.534764    -0.344851    -0.070129   0.00000000   0.00000000   0.00000000
     0.398178    -0.151875     0.670645   0.00000000   0.00000000   0.00000000
     0.230806     0.180632     0.411593   0.00000000   0.00000000   0.00000000
    -0.006755     0.455870    -0.420960   0.00000000   0.00000000   0.00000000
     0.018357     0.186286    -0.251366   0.00000000   0.00000000   0.00000000
    -0.004507     0.026229    -0.039424     1.000000   0.00000000   0.00000000
   0.00000000   0.00000000   0.00000000   0.00000000     1.000000   0.00000000

   76.296750   38.848863   19.781107   10.072166    5.128557
    2.611364    2.209151    1.329657    0.677036    0.344734
    0.175532    0.089378    0.045509    0.023173    0.009269

     0.000991    -0.001950   0.00000000   0.00000000   0.00000000
    -0.004716     0.009626   0.00000000   0.00000000   0.00000000
     0.015500    -0.035817   0.00000000   0.00000000   0.00000000
    -0.031466     0.106692   0.00000000   0.00000000   0.00000000
    -0.043742     0.002565   0.00000000   0.00000000   0.00000000
     0.105083    -0.386763   0.00000000   0.00000000   0.00000000
   0.00000000   0.00000000   0.00000000   0.00000000     1.000000
     0.239862    -0.496879   0.00000000   0.00000000   0.00000000
     0.464934    -0.061902   0.00000000   0.00000000   0.00000000
     0.260029     0.478370   0.00000000   0.00000000   0.00000000
     0.121686     0.360872   0.00000000   0.00000000   0.00000000
     0.002117     0.089569   0.00000000   0.00000000   0.00000000
     0.006606    -0.005440   0.00000000   0.00000000   0.00000000
    -0.002333     0.000118     1.000000   0.00000000   0.00000000
   0.00000000   0.00000000   0.00000000     1.000000   0.00000000

   98.155346   53.719596   29.400283   16.090528    8.806211
    6.943130    4.819565    2.637707    1.443595    0.790067
    0.432397    0.236647    0.129515    0.070883    0.028353

     0.000047    -0.000008   0.00000000   0.00000000   0.00000000
    -0.000147    -0.000054   0.00000000   0.00000000   0.00000000
    -0.000191     0.001033   0.00000000   0.00000000   0.00000000
     0.009762    -0.014699   0.00000000   0.00000000   0.00000000
     0.207944    -0.256652   0.00000000   0.00000000   0.00000000
   0.00000000   0.00000000   0.00000000   0.00000000     1.000000
     0.312866    -0.290698   0.00000000   0.00000000   0.00000000
     0.242881    -0.150311   0.00000000   0.00000000   0.00000000
     0.241249     0.118473   0.00000000   0.00000000   0.00000000
     0.162469     0.322744   0.00000000   0.00000000   0.00000000
     0.112010     0.311640   0.00000000   0.00000000   0.00000000
     0.052053     0.208712   0.00000000   0.00000000   0.00000000
     0.025043     0.092546   0.00000000   0.00000000   0.00000000
     0.006549     0.031645     1.000000   0.00000000   0.00000000
   0.00000000   0.00000000   0.00000000     1.000000   0.00000000

    9.035816    3.468166    1.387266

   0.00000000     1.000000   0.00000000
     1.000000   0.00000000   0.00000000
   0.00000000   0.00000000     1.000000

Eu:aug-cc-pCVQZ-ccECP
ccECP aug-cc-pCVQZ for Eu | source recipes/Eu/ccECP/Eu.aug-cc-pCVQZ.gamess | ccECP from Omar Madany et al. Journal of Chemical Physics (2025) https://doi.org/10.1063/5.0285320

  7
    0    1    2    3    4    5    6
    8    8    7    7    4    3    3
   15   15   15   15    4    3    3

   68.655348   35.137374   17.983087    9.203630    4.710360
    2.410732    1.233798    0.631450    0.594818    0.323172
    0.165397    0.084649    0.043323    0.022172    0.008869

    -0.003115     0.000999    -0.002193     0.007581    -0.014426   0.00000000
   0.00000000   0.00000000
     0.017581    -0.005685     0.012531    -0.043279     0.082555   0.00000000
   0.00000000   0.00000000
    -0.060990     0.020079    -0.044776     0.157376    -0.308228   0.00000000
   0.00000000   0.00000000
     0.120824    -0.041605     0.096631    -0.391437     0.886864   0.00000000
   0.00000000   0.00000000
     0.124033    -0.037202     0.066674     0.142868    -1.218297   0.00000000
   0.00000000   0.00000000
    -0.789504     0.282752    -0.654893     1.765913    -1.262618   0.00000000
   0.00000000   0.00000000
     0.090688    -0.065595     0.281237    -2.338257     5.437889   0.00000000
   0.00000000   0.00000000
     0.683940    -0.283609     0.759116    -1.522953    -4.460914   0.00000000
   0.00000000   0.00000000
   0.00000000   0.00000000   0.00000000   0.00000000   0.00000000   0.00000000
   0.00000000     1.000000
     0.549442    -0.302202     0.753298     2.607029    -1.241553   0.00000000
   0.00000000   0.00000000
     0.041548    -0.146631    -1.050855     1.263672     4.737559   0.00000000
   0.00000000   0.00000000
     0.028191     0.296939    -1.341395    -2.556952    -2.670978   0.00000000
   0.00000000   0.00000000
    -0.006707     0.523595     0.444273    -0.088255    -0.694712   0.00000000
   0.00000000   0.00000000
     0.006899     0.434555     0.932775     0.979149     0.994722     1.000000
   0.00000000   0.00000000
   0.00000000   0.00000000   0.00000000   0.00000000   0.00000000   0.00000000
     1.000000   0.00000000

   84.000058   42.529818   21.533144   10.902382    5.519952
    2.794790    1.824955    1.415022    0.716436    0.362736
    0.183656    0.092986    0.047080    0.023837    0.009535

     0.000614    -0.000293     0.000113    -0.000591     0.001030   0.00000000
   0.00000000   0.00000000
    -0.002942     0.001415    -0.000439     0.002772    -0.004975   0.00000000
   0.00000000   0.00000000
     0.008959    -0.004510    -0.001992    -0.005722    -0.003586   0.00000000
   0.00000000   0.00000000
    -0.025449     0.014691     0.033589    -0.006755     0.186771   0.00000000
   0.00000000   0.00000000
     0.084918    -0.055134    -0.107281    -0.000616    -0.328409   0.00000000
   0.00000000   0.00000000
    -0.094468     0.069713    -0.083344     0.302800    -1.433854   0.00000000
   0.00000000   0.00000000
   0.00000000   0.00000000   0.00000000   0.00000000   0.00000000   0.00000000
   0.00000000     1.000000
    -0.089700    -0.074402    -0.872751     0.337709     1.853495   0.00000000
   0.00000000   0.00000000
     0.534764    -0.344851    -0.070129    -0.657329     0.577007   0.00000000
   0.00000000   0.00000000
     0.398178    -0.151875     0.670645    -0.316044    -2.386200   0.00000000
   0.00000000   0.00000000
     0.230806     0.180632     0.411593     0.800961     1.246806   0.00000000
   0.00000000   0.00000000
    -0.006755     0.455870    -0.420960     0.137855     0.803514   0.00000000
   0.00000000   0.00000000
     0.018357     0.186286    -0.251366    -0.484778    -0.838523   0.00000000
   0.00000000   0.00000000
    -0.004507     0.026229    -0.039424    -0.071239    -0.112026     1.000000
   0.00000000   0.00000000
   0.00000000   0.00000000   0.00000000   0.00000000   0.00000000   0.00000000
     1.000000   0.00000000

   76.296750   38.848863   19.781107   10.072166    5.128557
    4.838697    2.611364    1.329657    0.677036    0.344734
    0.175532    0.089378    0.045509    0.023173    0.009269

     0.000991    -0.001950     0.002294    -0.001485   0.00000000   0.00000000
   0.00000000
    -0.004716     0.009626    -0.012085     0.005329   0.00000000   0.00000000
   0.00000000
     0.015500    -0.035817     0.056083     0.013397   0.00000000   0.00000000
   0.00000000
    -0.031466     0.106692    -0.265617    -0.372469   0.00000000   0.00000000
   0.00000000
    -0.043742     0.002565     0.326639     1.117467   0.00000000   0.00000000
   0.00000000
   0.00000000   0.00000000   0.00000000   0.00000000   0.00000000   0.00000000
     1.000000
     0.105083    -0.386763     0.808197     0.189398   0.00000000   0.00000000
   0.00000000
     0.239862    -0.496879    -0.111417    -1.343012   0.00000000   0.00000000
   0.00000000
     0.464934    -0.061902    -0.898030     0.375791   0.00000000   0.00000000
   0.00000000
     0.260029     0.478370     0.063457     0.987777   0.00000000   0.00000000
   0.00000000
     0.121686     0.360872     0.551956    -0.501309   0.00000000   0.00000000
   0.00000000
     0.002117     0.089569     0.203623    -0.436686   0.00000000   0.00000000
   0.00000000
     0.006606    -0.005440    -0.005485    -0.067492   0.00000000   0.00000000
   0.00000000
    -0.002333     0.000118     0.001130    -0.000569     1.000000   0.00000000
   0.00000000
   0.00000000   0.00000000   0.00000000   0.00000000   0.00000000     1.000000
   0.00000000

   98.155346   53.719596   29.400283   16.090528    8.806211
    8.695570    4.819565    2.637707    1.443595    0.790067
    0.432397    0.236647    0.129515    0.070883    0.028353

     0.000047    -0.000008    -0.000263     0.001019   0.00000000   0.00000000
   0.00000000
    -0.000147    -0.000054     0.001331    -0.004924   0.00000000   0.00000000
   0.00000000
    -0.000191     0.001033    -0.005431     0.018034   0.00000000   0.00000000
   0.00000000
     0.009762    -0.014699     0.030785    -0.075704   0.00000000   0.00000000
   0.00000000
     0.207944    -0.256652     0.350221    -0.559261   0.00000000   0.00000000
   0.00000000
   0.00000000   0.00000000   0.00000000   0.00000000   0.00000000   0.00000000
     1.000000
     0.312866    -0.290698     0.226918    -0.049588   0.00000000   0.00000000
   0.00000000
     0.242881    -0.150311    -0.146320     0.622631   0.00000000   0.00000000
   0.00000000
     0.241249     0.118473    -0.463509     0.367467   0.00000000   0.00000000
   0.00000000
     0.162469     0.322744    -0.246494    -0.522467   0.00000000   0.00000000
   0.00000000
     0.112010     0.311640     0.138932    -0.477659   0.00000000   0.00000000
   0.00000000
     0.052053     0.208712     0.381825     0.178531   0.00000000   0.00000000
   0.00000000
     0.025043     0.092546     0.284861     0.409834   0.00000000   0.00000000
   0.00000000
     0.006549     0.031645     0.125679     0.223289     1.000000   0.00000000
   0.00000000
   0.00000000   0.00000000   0.00000000   0.00000000   0.00000000     1.000000
   0.00000000

    6.614159    2.226817    0.749712    0.309869

     1.000000   0.00000000   0.00000000   0.00000000
   0.00000000     1.000000   0.00000000   0.00000000
   0.00000000   0.00000000     1.000000   0.00000000
   0.00000000   0.00000000   0.00000000     1.000000

    6.358912    1.963147    0.807560

     1.000000   0.00000000   0.00000000
   0.00000000     1.000000   0.00000000
   0.00000000   0.00000000     1.000000

    5.063306    2.025322    1.487028

     1.000000   0.00000000   0.00000000
   0.00000000     1.000000   0.00000000
   0.00000000   0.00000000     1.000000

Eu:aug-cc-pCVTZ-ccECP
ccECP aug-cc-pCVTZ for Eu | source recipes/Eu/ccECP/Eu.aug-cc-pCVTZ.gamess | ccECP from Omar Madany et al. Journal of Chemical Physics (2025) https://doi.org/10.1063/5.0285320

  6
    0    1    2    3    4    5
    7    7    6    6    3    3
   15   15   15   15    3    3

   68.655348   35.137374   17.983087    9.203630    4.710360
    2.410732    1.233798    0.652088    0.631450    0.323172
    0.165397    0.084649    0.043323    0.022172    0.008869

    -0.003115     0.000999    -0.002193     0.007581   0.00000000   0.00000000
   0.00000000
     0.017581    -0.005685     0.012531    -0.043279   0.00000000   0.00000000
   0.00000000
    -0.060990     0.020079    -0.044776     0.157376   0.00000000   0.00000000
   0.00000000
     0.120824    -0.041605     0.096631    -0.391437   0.00000000   0.00000000
   0.00000000
     0.124033    -0.037202     0.066674     0.142868   0.00000000   0.00000000
   0.00000000
    -0.789504     0.282752    -0.654893     1.765913   0.00000000   0.00000000
   0.00000000
     0.090688    -0.065595     0.281237    -2.338257   0.00000000   0.00000000
   0.00000000
   0.00000000   0.00000000   0.00000000   0.00000000   0.00000000   0.00000000
     1.000000
     0.683940    -0.283609     0.759116    -1.522953   0.00000000   0.00000000
   0.00000000
     0.549442    -0.302202     0.753298     2.607029   0.00000000   0.00000000
   0.00000000
     0.041548    -0.146631    -1.050855     1.263672   0.00000000   0.00000000
   0.00000000
     0.028191     0.296939    -1.341395    -2.556952   0.00000000   0.00000000
   0.00000000
    -0.006707     0.523595     0.444273    -0.088255   0.00000000   0.00000000
   0.00000000
     0.006899     0.434555     0.932775     0.979149     1.000000   0.00000000
   0.00000000
   0.00000000   0.00000000   0.00000000   0.00000000   0.00000000     1.000000
   0.00000000

   84.000058   42.529818   21.533144   10.902382    5.519952
    2.794790    2.697322    1.415022    0.716436    0.362736
    0.183656    0.092986    0.047080    0.023837    0.009535

     0.000614    -0.000293     0.000113    -0.000591   0.00000000   0.00000000
   0.00000000
    -0.002942     0.001415    -0.000439     0.002772   0.00000000   0.00000000
   0.00000000
     0.008959    -0.004510    -0.001992    -0.005722   0.00000000   0.00000000
   0.00000000
    -0.025449     0.014691     0.033589    -0.006755   0.00000000   0.00000000
   0.00000000
     0.084918    -0.055134    -0.107281    -0.000616   0.00000000   0.00000000
   0.00000000
    -0.094468     0.069713    -0.083344     0.302800   0.00000000   0.00000000
   0.00000000
   0.00000000   0.00000000   0.00000000   0.00000000   0.00000000   0.00000000
     1.000000
    -0.089700    -0.074402    -0.872751     0.337709   0.00000000   0.00000000
   0.00000000
     0.534764    -0.344851    -0.070129    -0.657329   0.00000000   0.00000000
   0.00000000
     0.398178    -0.151875     0.670645    -0.316044   0.00000000   0.00000000
   0.00000000
     0.230806     0.180632     0.411593     0.800961   0.00000000   0.00000000
   0.00000000
    -0.006755     0.455870    -0.420960     0.137855   0.00000000   0.00000000
   0.00000000
     0.018357     0.186286    -0.251366    -0.484778   0.00000000   0.00000000
   0.00000000
    -0.004507     0.026229    -0.039424    -0.071239     1.000000   0.00000000
   0.00000000
   0.00000000   0.00000000   0.00000000   0.00000000   0.00000000     1.000000
   0.00000000

   76.296750   38.848863   19.781107   10.072166    5.128557
    3.529146    2.611364    1.329657    0.677036    0.344734
    0.175532    0.089378    0.045509    0.023173    0.009269

     0.000991    -0.001950     0.002294   0.00000000   0.00000000   0.00000000
    -0.004716     0.009626    -0.012085   0.00000000   0.00000000   0.00000000
     0.015500    -0.035817     0.056083   0.00000000   0.00000000   0.00000000
    -0.031466     0.106692    -0.265617   0.00000000   0.00000000   0.00000000
    -0.043742     0.002565     0.326639   0.00000000   0.00000000   0.00000000
   0.00000000   0.00000000   0.00000000   0.00000000   0.00000000     1.000000
     0.105083    -0.386763     0.808197   0.00000000   0.00000000   0.00000000
     0.239862    -0.496879    -0.111417   0.00000000   0.00000000   0.00000000
     0.464934    -0.061902    -0.898030   0.00000000   0.00000000   0.00000000
     0.260029     0.478370     0.063457   0.00000000   0.00000000   0.00000000
     0.121686     0.360872     0.551956   0.00000000   0.00000000   0.00000000
     0.002117     0.089569     0.203623   0.00000000   0.00000000   0.00000000
     0.006606    -0.005440    -0.005485   0.00000000   0.00000000   0.00000000
    -0.002333     0.000118     0.001130     1.000000   0.00000000   0.00000000
   0.00000000   0.00000000   0.00000000   0.00000000     1.000000   0.00000000

   98.155346   53.719596   29.400283   16.090528    8.806211
    7.820136    4.819565    2.637707    1.443595    0.790067
    0.432397    0.236647    0.129515    0.070883    0.028353

     0.000047    -0.000008    -0.000263   0.00000000   0.00000000   0.00000000
    -0.000147    -0.000054     0.001331   0.00000000   0.00000000   0.00000000
    -0.000191     0.001033    -0.005431   0.00000000   0.00000000   0.00000000
     0.009762    -0.014699     0.030785   0.00000000   0.00000000   0.00000000
     0.207944    -0.256652     0.350221   0.00000000   0.00000000   0.00000000
   0.00000000   0.00000000   0.00000000   0.00000000   0.00000000     1.000000
     0.312866    -0.290698     0.226918   0.00000000   0.00000000   0.00000000
     0.242881    -0.150311    -0.146320   0.00000000   0.00000000   0.00000000
     0.241249     0.118473    -0.463509   0.00000000   0.00000000   0.00000000
     0.162469     0.322744    -0.246494   0.00000000   0.00000000   0.00000000
     0.112010     0.311640     0.138932   0.00000000   0.00000000   0.00000000
     0.052053     0.208712     0.381825   0.00000000   0.00000000   0.00000000
     0.025043     0.092546     0.284861   0.00000000   0.00000000   0.00000000
     0.006549     0.031645     0.125679     1.000000   0.00000000   0.00000000
   0.00000000   0.00000000   0.00000000   0.00000000     1.000000   0.00000000

    5.415869    1.498739    0.599496

     1.000000   0.00000000   0.00000000
   0.00000000     1.000000   0.00000000
   0.00000000   0.00000000     1.000000

    4.644907    1.857963    1.283643

     1.000000   0.00000000   0.00000000
   0.00000000     1.000000   0.00000000
   0.00000000   0.00000000     1.000000

Eu:aug-cc-pVDZ-ccECP
ccECP aug-cc-pVDZ for Eu | source recipes/Eu/ccECP/Eu.aug-cc-pVDZ.gamess | ccECP from Omar Madany et al. Journal of Chemical Physics (2025) https://doi.org/10.1063/5.0285320

  5
    0    1    2    3    4
    5    5    4    4    2
   14   14   14   14    2

   68.655348   35.137374   17.983087    9.203630    4.710360
    2.410732    1.233798    0.631450    0.323172    0.165397
    0.084649    0.043323    0.022172    0.008869

    -0.003115     0.000999    -0.002193   0.00000000   0.00000000
     0.017581    -0.005685     0.012531   0.00000000   0.00000000
    -0.060990     0.020079    -0.044776   0.00000000   0.00000000
     0.120824    -0.041605     0.096631   0.00000000   0.00000000
     0.124033    -0.037202     0.066674   0.00000000   0.00000000
    -0.789504     0.282752    -0.654893   0.00000000   0.00000000
     0.090688    -0.065595     0.281237   0.00000000   0.00000000
     0.683940    -0.283609     0.759116   0.00000000   0.00000000
     0.549442    -0.302202     0.753298   0.00000000   0.00000000
     0.041548    -0.146631    -1.050855   0.00000000   0.00000000
     0.028191     0.296939    -1.341395   0.00000000   0.00000000
    -0.006707     0.523595     0.444273   0.00000000   0.00000000
     0.006899     0.434555     0.932775     1.000000   0.00000000
   0.00000000   0.00000000   0.00000000   0.00000000     1.000000

   84.000058   42.529818   21.533144   10.902382    5.519952
    2.794790    1.415022    0.716436    0.362736    0.183656
    0.092986    0.047080    0.023837    0.009535

     0.000614    -0.000293     0.000113   0.00000000   0.00000000
    -0.002942     0.001415    -0.000439   0.00000000   0.00000000
     0.008959    -0.004510    -0.001992   0.00000000   0.00000000
    -0.025449     0.014691     0.033589   0.00000000   0.00000000
     0.084918    -0.055134    -0.107281   0.00000000   0.00000000
    -0.094468     0.069713    -0.083344   0.00000000   0.00000000
    -0.089700    -0.074402    -0.872751   0.00000000   0.00000000
     0.534764    -0.344851    -0.070129   0.00000000   0.00000000
     0.398178    -0.151875     0.670645   0.00000000   0.00000000
     0.230806     0.180632     0.411593   0.00000000   0.00000000
    -0.006755     0.455870    -0.420960   0.00000000   0.00000000
     0.018357     0.186286    -0.251366   0.00000000   0.00000000
    -0.004507     0.026229    -0.039424     1.000000   0.00000000
   0.00000000   0.00000000   0.00000000   0.00000000     1.000000

   76.296750   38.848863   19.781107   10.072166    5.128557
    2.611364    1.329657    0.677036    0.344734    0.175532
    0.089378    0.045509    0.023173    0.009269

     0.000991    -0.001950   0.00000000   0.00000000
    -0.004716     0.009626   0.00000000   0.00000000
     0.015500    -0.035817   0.00000000   0.00000000
    -0.031466     0.106692   0.00000000   0.00000000
    -0.043742     0.002565   0.00000000   0.00000000
     0.105083    -0.386763   0.00000000   0.00000000
     0.239862    -0.496879   0.00000000   0.00000000
     0.464934    -0.061902   0.00000000   0.00000000
     0.260029     0.478370   0.00000000   0.00000000
     0.121686     0.360872   0.00000000   0.00000000
     0.002117     0.089569   0.00000000   0.00000000
     0.006606    -0.005440   0.00000000   0.00000000
    -0.002333     0.000118     1.000000   0.00000000
   0.00000000   0.00000000   0.00000000     1.000000

   98.155346   53.719596   29.400283   16.090528    8.806211
    4.819565    2.637707    1.443595    0.790067    0.432397
    0.236647    0.129515    0.070883    0.028353

     0.000047    -0.000008   0.00000000   0.00000000
    -0.000147    -0.000054   0.00000000   0.00000000
    -0.000191     0.001033   0.00000000   0.00000000
     0.009762    -0.014699   0.00000000   0.00000000
     0.207944    -0.256652   0.00000000   0.00000000
     0.312866    -0.290698   0.00000000   0.00000000
     0.242881    -0.150311   0.00000000   0.00000000
     0.241249     0.118473   0.00000000   0.00000000
     0.162469     0.322744   0.00000000   0.00000000
     0.112010     0.311640   0.00000000   0.00000000
     0.052053     0.208712   0.00000000   0.00000000
     0.025043     0.092546   0.00000000   0.00000000
     0.006549     0.031645     1.000000   0.00000000
   0.00000000   0.00000000   0.00000000     1.000000

    3.468166    1.387266

     1.000000   0.00000000
   0.00000000     1.000000

Eu:aug-cc-pVQZ-ccECP
ccECP aug-cc-pVQZ for Eu | source recipes/Eu/ccECP/Eu.aug-cc-pVQZ.gamess | ccECP from Omar Madany et al. Journal of Chemical Physics (2025) https://doi.org/10.1063/5.0285320

  7
    0    1    2    3    4    5    6
    7    7    6    6    4    3    2
   14   14   14   14    4    3    2

   68.655348   35.137374   17.983087    9.203630    4.710360
    2.410732    1.233798    0.631450    0.323172    0.165397
    0.084649    0.043323    0.022172    0.008869

    -0.003115     0.000999    -0.002193     0.007581    -0.014426   0.00000000
   0.00000000
     0.017581    -0.005685     0.012531    -0.043279     0.082555   0.00000000
   0.00000000
    -0.060990     0.020079    -0.044776     0.157376    -0.308228   0.00000000
   0.00000000
     0.120824    -0.041605     0.096631    -0.391437     0.886864   0.00000000
   0.00000000
     0.124033    -0.037202     0.066674     0.142868    -1.218297   0.00000000
   0.00000000
    -0.789504     0.282752    -0.654893     1.765913    -1.262618   0.00000000
   0.00000000
     0.090688    -0.065595     0.281237    -2.338257     5.437889   0.00000000
   0.00000000
     0.683940    -0.283609     0.759116    -1.522953    -4.460914   0.00000000
   0.00000000
     0.549442    -0.302202     0.753298     2.607029    -1.241553   0.00000000
   0.00000000
     0.041548    -0.146631    -1.050855     1.263672     4.737559   0.00000000
   0.00000000
     0.028191     0.296939    -1.341395    -2.556952    -2.670978   0.00000000
   0.00000000
    -0.006707     0.523595     0.444273    -0.088255    -0.694712   0.00000000
   0.00000000
     0.006899     0.434555     0.932775     0.979149     0.994722     1.000000
   0.00000000
   0.00000000   0.00000000   0.00000000   0.00000000   0.00000000   0.00000000
     1.000000

   84.000058   42.529818   21.533144   10.902382    5.519952
    2.794790    1.415022    0.716436    0.362736    0.183656
    0.092986    0.047080    0.023837    0.009535

     0.000614    -0.000293     0.000113    -0.000591     0.001030   0.00000000
   0.00000000
    -0.002942     0.001415    -0.000439     0.002772    -0.004975   0.00000000
   0.00000000
     0.008959    -0.004510    -0.001992    -0.005722    -0.003586   0.00000000
   0.00000000
    -0.025449     0.014691     0.033589    -0.006755     0.186771   0.00000000
   0.00000000
     0.084918    -0.055134    -0.107281    -0.000616    -0.328409   0.00000000
   0.00000000
    -0.094468     0.069713    -0.083344     0.302800    -1.433854   0.00000000
   0.00000000
    -0.089700    -0.074402    -0.872751     0.337709     1.853495   0.00000000
   0.00000000
     0.534764    -0.344851    -0.070129    -0.657329     0.577007   0.00000000
   0.00000000
     0.398178    -0.151875     0.670645    -0.316044    -2.386200   0.00000000
   0.00000000
     0.230806     0.180632     0.411593     0.800961     1.246806   0.00000000
   0.00000000
    -0.006755     0.455870    -0.420960     0.137855     0.803514   0.00000000
   0.00000000
     0.018357     0.186286    -0.251366    -0.484778    -0.838523   0.00000000
   0.00000000
    -0.004507     0.026229    -0.039424    -0.071239    -0.112026     1.000000
   0.00000000
   0.00000000   0.00000000   0.00000000   0.00000000   0.00000000   0.00000000
     1.000000

   76.296750   38.848863   19.781107   10.072166    5.128557
    2.611364    1.329657    0.677036    0.344734    0.175532
    0.089378    0.045509    0.023173    0.009269

     0.000991    -0.001950     0.002294    -0.001485   0.00000000   0.00000000
    -0.004716     0.009626    -0.012085     0.005329   0.00000000   0.00000000
     0.015500    -0.035817     0.056083     0.013397   0.00000000   0.00000000
    -0.031466     0.106692    -0.265617    -0.372469   0.00000000   0.00000000
    -0.043742     0.002565     0.326639     1.117467   0.00000000   0.00000000
     0.105083    -0.386763     0.808197     0.189398   0.00000000   0.00000000
     0.239862    -0.496879    -0.111417    -1.343012   0.00000000   0.00000000
     0.464934    -0.061902    -0.898030     0.375791   0.00000000   0.00000000
     0.260029     0.478370     0.063457     0.987777   0.00000000   0.00000000
     0.121686     0.360872     0.551956    -0.501309   0.00000000   0.00000000
     0.002117     0.089569     0.203623    -0.436686   0.00000000   0.00000000
     0.006606    -0.005440    -0.005485    -0.067492   0.00000000   0.00000000
    -0.002333     0.000118     0.001130    -0.000569     1.000000   0.00000000
   0.00000000   0.00000000   0.00000000   0.00000000   0.00000000     1.000000

   98.155346   53.719596   29.400283   16.090528    8.806211
    4.819565    2.637707    1.443595    0.790067    0.432397
    0.236647    0.129515    0.070883    0.028353

     0.000047    -0.000008    -0.000263     0.001019   0.00000000   0.00000000
    -0.000147    -0.000054     0.001331    -0.004924   0.00000000   0.00000000
    -0.000191     0.001033    -0.005431     0.018034   0.00000000   0.00000000
     0.009762    -0.014699     0.030785    -0.075704   0.00000000   0.00000000
     0.207944    -0.256652     0.350221    -0.559261   0.00000000   0.00000000
     0.312866    -0.290698     0.226918    -0.049588   0.00000000   0.00000000
     0.242881    -0.150311    -0.146320     0.622631   0.00000000   0.00000000
     0.241249     0.118473    -0.463509     0.367467   0.00000000   0.00000000
     0.162469     0.322744    -0.246494    -0.522467   0.00000000   0.00000000
     0.112010     0.311640     0.138932    -0.477659   0.00000000   0.00000000
     0.052053     0.208712     0.381825     0.178531   0.00000000   0.00000000
     0.025043     0.092546     0.284861     0.409834   0.00000000   0.00000000
     0.006549     0.031645     0.125679     0.223289     1.000000   0.00000000
   0.00000000   0.00000000   0.00000000   0.00000000   0.00000000     1.000000

    6.614159    2.226817    0.749712    0.299885

     1.000000   0.00000000   0.00000000   0.00000000
   0.00000000     1.000000   0.00000000   0.00000000
   0.00000000   0.00000000     1.000000   0.00000000
   0.00000000   0.00000000   0.00000000     1.000000

    6.358912    1.963147    0.785259

     1.000000   0.00000000   0.00000000
   0.00000000     1.000000   0.00000000
   0.00000000   0.00000000     1.000000

    5.063306    2.025322

     1.000000   0.00000000
   0.00000000     1.000000

Eu:aug-cc-pVTZ-ccECP
ccECP aug-cc-pVTZ for Eu | source recipes/Eu/ccECP/Eu.aug-cc-pVTZ.gamess | ccECP from Omar Madany et al. Journal of Chemical Physics (2025) https://doi.org/10.1063/5.0285320

  6
    0    1    2    3    4    5
    6    6    5    5    3    2
   14   14   14   14    3    2

   68.655348   35.137374   17.983087    9.203630    4.710360
    2.410732    1.233798    0.631450    0.323172    0.165397
    0.084649    0.043323    0.022172    0.008869

    -0.003115     0.000999    -0.002193     0.007581   0.00000000   0.00000000
     0.017581    -0.005685     0.012531    -0.043279   0.00000000   0.00000000
    -0.060990     0.020079    -0.044776     0.157376   0.00000000   0.00000000
     0.120824    -0.041605     0.096631    -0.391437   0.00000000   0.00000000
     0.124033    -0.037202     0.066674     0.142868   0.00000000   0.00000000
    -0.789504     0.282752    -0.654893     1.765913   0.00000000   0.00000000
     0.090688    -0.065595     0.281237    -2.338257   0.00000000   0.00000000
     0.683940    -0.283609     0.759116    -1.522953   0.00000000   0.00000000
     0.549442    -0.302202     0.753298     2.607029   0.00000000   0.00000000
     0.041548    -0.146631    -1.050855     1.263672   0.00000000   0.00000000
     0.028191     0.296939    -1.341395    -2.556952   0.00000000   0.00000000
    -0.006707     0.523595     0.444273    -0.088255   0.00000000   0.00000000
     0.006899     0.434555     0.932775     0.979149     1.000000   0.00000000
   0.00000000   0.00000000   0.00000000   0.00000000   0.00000000     1.000000

   84.000058   42.529818   21.533144   10.902382    5.519952
    2.794790    1.415022    0.716436    0.362736    0.183656
    0.092986    0.047080    0.023837    0.009535

     0.000614    -0.000293     0.000113    -0.000591   0.00000000   0.00000000
    -0.002942     0.001415    -0.000439     0.002772   0.00000000   0.00000000
     0.008959    -0.004510    -0.001992    -0.005722   0.00000000   0.00000000
    -0.025449     0.014691     0.033589    -0.006755   0.00000000   0.00000000
     0.084918    -0.055134    -0.107281    -0.000616   0.00000000   0.00000000
    -0.094468     0.069713    -0.083344     0.302800   0.00000000   0.00000000
    -0.089700    -0.074402    -0.872751     0.337709   0.00000000   0.00000000
     0.534764    -0.344851    -0.070129    -0.657329   0.00000000   0.00000000
     0.398178    -0.151875     0.670645    -0.316044   0.00000000   0.00000000
     0.230806     0.180632     0.411593     0.800961   0.00000000   0.00000000
    -0.006755     0.455870    -0.420960     0.137855   0.00000000   0.00000000
     0.018357     0.186286    -0.251366    -0.484778   0.00000000   0.00000000
    -0.004507     0.026229    -0.039424    -0.071239     1.000000   0.00000000
   0.00000000   0.00000000   0.00000000   0.00000000   0.00000000     1.000000

   76.296750   38.848863   19.781107   10.072166    5.128557
    2.611364    1.329657    0.677036    0.344734    0.175532
    0.089378    0.045509    0.023173    0.009269

     0.000991    -0.001950     0.002294   0.00000000   0.00000000
    -0.004716     0.009626    -0.012085   0.00000000   0.00000000
     0.015500    -0.035817     0.056083   0.00000000   0.00000000
    -0.031466     0.106692    -0.265617   0.00000000   0.00000000
    -0.043742     0.002565     0.326639   0.00000000   0.00000000
     0.105083    -0.386763     0.808197   0.00000000   0.00000000
     0.239862    -0.496879    -0.111417   0.00000000   0.00000000
     0.464934    -0.061902    -0.898030   0.00000000   0.00000000
     0.260029     0.478370     0.063457   0.00000000   0.00000000
     0.121686     0.360872     0.551956   0.00000000   0.00000000
     0.002117     0.089569     0.203623   0.00000000   0.00000000
     0.006606    -0.005440    -0.005485   0.00000000   0.00000000
    -0.002333     0.000118     0.001130     1.000000   0.00000000
   0.00000000   0.00000000   0.00000000   0.00000000     1.000000

   98.155346   53.719596   29.400283   16.090528    8.806211
    4.819565    2.637707    1.443595    0.790067    0.432397
    0.236647    0.129515    0.070883    0.028353

     0.000047    -0.000008    -0.000263   0.00000000   0.00000000
    -0.000147    -0.000054     0.001331   0.00000000   0.00000000
    -0.000191     0.001033    -0.005431   0.00000000   0.00000000
     0.009762    -0.014699     0.030785   0.00000000   0.00000000
     0.207944    -0.256652     0.350221   0.00000000   0.00000000
     0.312866    -0.290698     0.226918   0.00000000   0.00000000
     0.242881    -0.150311    -0.146320   0.00000000   0.00000000
     0.241249     0.118473    -0.463509   0.00000000   0.00000000
     0.162469     0.322744    -0.246494   0.00000000   0.00000000
     0.112010     0.311640     0.138932   0.00000000   0.00000000
     0.052053     0.208712     0.381825   0.00000000   0.00000000
     0.025043     0.092546     0.284861   0.00000000   0.00000000
     0.006549     0.031645     0.125679     1.000000   0.00000000
   0.00000000   0.00000000   0.00000000   0.00000000     1.000000

    5.415869    1.498739    0.599496

     1.000000   0.00000000   0.00000000
   0.00000000     1.000000   0.00000000
   0.00000000   0.00000000     1.000000

    4.644907    1.857963

     1.000000   0.00000000
   0.00000000     1.000000

Eu:cc-pCVDZ-ccECP
ccECP cc-pCVDZ for Eu | source recipes/Eu/ccECP/Eu.cc-pCVDZ.gamess | ccECP from Omar Madany et al. Journal of Chemical Physics (2025) https://doi.org/10.1063/5.0285320

  5
    0    1    2    3    4
    5    5    4    4    2
   14   14   14   14    2

   68.655348   35.137374   17.983087    9.203630    4.710360
    2.410732    1.233798    0.942391    0.631450    0.323172
    0.165397    0.084649    0.043323    0.022172

    -0.003115     0.000999    -0.002193   0.00000000   0.00000000
     0.017581    -0.005685     0.012531   0.00000000   0.00000000
    -0.060990     0.020079    -0.044776   0.00000000   0.00000000
     0.120824    -0.041605     0.096631   0.00000000   0.00000000
     0.124033    -0.037202     0.066674   0.00000000   0.00000000
    -0.789504     0.282752    -0.654893   0.00000000   0.00000000
     0.090688    -0.065595     0.281237   0.00000000   0.00000000
   0.00000000   0.00000000   0.00000000   0.00000000     1.000000
     0.683940    -0.283609     0.759116   0.00000000   0.00000000
     0.549442    -0.302202     0.753298   0.00000000   0.00000000
     0.041548    -0.146631    -1.050855   0.00000000   0.00000000
     0.028191     0.296939    -1.341395   0.00000000   0.00000000
    -0.006707     0.523595     0.444273   0.00000000   0.00000000
     0.006899     0.434555     0.932775     1.000000   0.00000000

   84.000058   42.529818   21.533144   10.902382    5.519952
    2.794790    1.415022    0.793245    0.716436    0.362736
    0.183656    0.092986    0.047080    0.023837

     0.000614    -0.000293     0.000113   0.00000000   0.00000000
    -0.002942     0.001415    -0.000439   0.00000000   0.00000000
     0.008959    -0.004510    -0.001992   0.00000000   0.00000000
    -0.025449     0.014691     0.033589   0.00000000   0.00000000
     0.084918    -0.055134    -0.107281   0.00000000   0.00000000
    -0.094468     0.069713    -0.083344   0.00000000   0.00000000
    -0.089700    -0.074402    -0.872751   0.00000000   0.00000000
   0.00000000   0.00000000   0.00000000   0.00000000     1.000000
     0.534764    -0.344851    -0.070129   0.00000000   0.00000000
     0.398178    -0.151875     0.670645   0.00000000   0.00000000
     0.230806     0.180632     0.411593   0.00000000   0.00000000
    -0.006755     0.455870    -0.420960   0.00000000   0.00000000
     0.018357     0.186286    -0.251366   0.00000000   0.00000000
    -0.004507     0.026229    -0.039424     1.000000   0.00000000

   76.296750   38.848863   19.781107   10.072166    5.128557
    2.611364    2.209151    1.329657    0.677036    0.344734
    0.175532    0.089378    0.045509    0.023173

     0.000991    -0.001950   0.00000000   0.00000000
    -0.004716     0.009626   0.00000000   0.00000000
     0.015500    -0.035817   0.00000000   0.00000000
    -0.031466     0.106692   0.00000000   0.00000000
    -0.043742     0.002565   0.00000000   0.00000000
     0.105083    -0.386763   0.00000000   0.00000000
   0.00000000   0.00000000   0.00000000     1.000000
     0.239862    -0.496879   0.00000000   0.00000000
     0.464934    -0.061902   0.00000000   0.00000000
     0.260029     0.478370   0.00000000   0.00000000
     0.121686     0.360872   0.00000000   0.00000000
     0.002117     0.089569   0.00000000   0.00000000
     0.006606    -0.005440   0.00000000   0.00000000
    -0.002333     0.000118     1.000000   0.00000000

   98.155346   53.719596   29.400283   16.090528    8.806211
    6.943130    4.819565    2.637707    1.443595    0.790067
    0.432397    0.236647    0.129515    0.070883

     0.000047    -0.000008   0.00000000   0.00000000
    -0.000147    -0.000054   0.00000000   0.00000000
    -0.000191     0.001033   0.00000000   0.00000000
     0.009762    -0.014699   0.00000000   0.00000000
     0.207944    -0.256652   0.00000000   0.00000000
   0.00000000   0.00000000   0.00000000     1.000000
     0.312866    -0.290698   0.00000000   0.00000000
     0.242881    -0.150311   0.00000000   0.00000000
     0.241249     0.118473   0.00000000   0.00000000
     0.162469     0.322744   0.00000000   0.00000000
     0.112010     0.311640   0.00000000   0.00000000
     0.052053     0.208712   0.00000000   0.00000000
     0.025043     0.092546   0.00000000   0.00000000
     0.006549     0.031645     1.000000   0.00000000

    9.035816    3.468166

   0.00000000     1.000000
     1.000000   0.00000000

Eu:cc-pCVQZ-ccECP
ccECP cc-pCVQZ for Eu | source recipes/Eu/ccECP/Eu.cc-pCVQZ.gamess | ccECP from Omar Madany et al. Journal of Chemical Physics (2025) https://doi.org/10.1063/5.0285320

  7
    0    1    2    3    4    5    6
    7    7    6    6    4    3    2
   14   14   14   14    4    3    2

   68.655348   35.137374   17.983087    9.203630    4.710360
    2.410732    1.233798    0.631450    0.594818    0.323172
    0.165397    0.084649    0.043323    0.022172

    -0.003115     0.000999    -0.002193     0.007581    -0.014426   0.00000000
   0.00000000
     0.017581    -0.005685     0.012531    -0.043279     0.082555   0.00000000
   0.00000000
    -0.060990     0.020079    -0.044776     0.157376    -0.308228   0.00000000
   0.00000000
     0.120824    -0.041605     0.096631    -0.391437     0.886864   0.00000000
   0.00000000
     0.124033    -0.037202     0.066674     0.142868    -1.218297   0.00000000
   0.00000000
    -0.789504     0.282752    -0.654893     1.765913    -1.262618   0.00000000
   0.00000000
     0.090688    -0.065595     0.281237    -2.338257     5.437889   0.00000000
   0.00000000
     0.683940    -0.283609     0.759116    -1.522953    -4.460914   0.00000000
   0.00000000
   0.00000000   0.00000000   0.00000000   0.00000000   0.00000000   0.00000000
     1.000000
     0.549442    -0.302202     0.753298     2.607029    -1.241553   0.00000000
   0.00000000
     0.041548    -0.146631    -1.050855     1.263672     4.737559   0.00000000
   0.00000000
     0.028191     0.296939    -1.341395    -2.556952    -2.670978   0.00000000
   0.00000000
    -0.006707     0.523595     0.444273    -0.088255    -0.694712   0.00000000
   0.00000000
     0.006899     0.434555     0.932775     0.979149     0.994722     1.000000
   0.00000000

   84.000058   42.529818   21.533144   10.902382    5.519952
    2.794790    1.824955    1.415022    0.716436    0.362736
    0.183656    0.092986    0.047080    0.023837

     0.000614    -0.000293     0.000113    -0.000591     0.001030   0.00000000
   0.00000000
    -0.002942     0.001415    -0.000439     0.002772    -0.004975   0.00000000
   0.00000000
     0.008959    -0.004510    -0.001992    -0.005722    -0.003586   0.00000000
   0.00000000
    -0.025449     0.014691     0.033589    -0.006755     0.186771   0.00000000
   0.00000000
     0.084918    -0.055134    -0.107281    -0.000616    -0.328409   0.00000000
   0.00000000
    -0.094468     0.069713    -0.083344     0.302800    -1.433854   0.00000000
   0.00000000
   0.00000000   0.00000000   0.00000000   0.00000000   0.00000000   0.00000000
     1.000000
    -0.089700    -0.074402    -0.872751     0.337709     1.853495   0.00000000
   0.00000000
     0.534764    -0.344851    -0.070129    -0.657329     0.577007   0.00000000
   0.00000000
     0.398178    -0.151875     0.670645    -0.316044    -2.386200   0.00000000
   0.00000000
     0.230806     0.180632     0.411593     0.800961     1.246806   0.00000000
   0.00000000
    -0.006755     0.455870    -0.420960     0.137855     0.803514   0.00000000
   0.00000000
     0.018357     0.186286    -0.251366    -0.484778    -0.838523   0.00000000
   0.00000000
    -0.004507     0.026229    -0.039424    -0.071239    -0.112026     1.000000
   0.00000000

   76.296750   38.848863   19.781107   10.072166    5.128557
    4.838697    2.611364    1.329657    0.677036    0.344734
    0.175532    0.089378    0.045509    0.023173

     0.000991    -0.001950     0.002294    -0.001485   0.00000000   0.00000000
    -0.004716     0.009626    -0.012085     0.005329   0.00000000   0.00000000
     0.015500    -0.035817     0.056083     0.013397   0.00000000   0.00000000
    -0.031466     0.106692    -0.265617    -0.372469   0.00000000   0.00000000
    -0.043742     0.002565     0.326639     1.117467   0.00000000   0.00000000
   0.00000000   0.00000000   0.00000000   0.00000000   0.00000000     1.000000
     0.105083    -0.386763     0.808197     0.189398   0.00000000   0.00000000
     0.239862    -0.496879    -0.111417    -1.343012   0.00000000   0.00000000
     0.464934    -0.061902    -0.898030     0.375791   0.00000000   0.00000000
     0.260029     0.478370     0.063457     0.987777   0.00000000   0.00000000
     0.121686     0.360872     0.551956    -0.501309   0.00000000   0.00000000
     0.002117     0.089569     0.203623    -0.436686   0.00000000   0.00000000
     0.006606    -0.005440    -0.005485    -0.067492   0.00000000   0.00000000
    -0.002333     0.000118     0.001130    -0.000569     1.000000   0.00000000

   98.155346   53.719596   29.400283   16.090528    8.806211
    8.695570    4.819565    2.637707    1.443595    0.790067
    0.432397    0.236647    0.129515    0.070883

     0.000047    -0.000008    -0.000263     0.001019   0.00000000   0.00000000
    -0.000147    -0.000054     0.001331    -0.004924   0.00000000   0.00000000
    -0.000191     0.001033    -0.005431     0.018034   0.00000000   0.00000000
     0.009762    -0.014699     0.030785    -0.075704   0.00000000   0.00000000
     0.207944    -0.256652     0.350221    -0.559261   0.00000000   0.00000000
   0.00000000   0.00000000   0.00000000   0.00000000   0.00000000     1.000000
     0.312866    -0.290698     0.226918    -0.049588   0.00000000   0.00000000
     0.242881    -0.150311    -0.146320     0.622631   0.00000000   0.00000000
     0.241249     0.118473    -0.463509     0.367467   0.00000000   0.00000000
     0.162469     0.322744    -0.246494    -0.522467   0.00000000   0.00000000
     0.112010     0.311640     0.138932    -0.477659   0.00000000   0.00000000
     0.052053     0.208712     0.381825     0.178531   0.00000000   0.00000000
     0.025043     0.092546     0.284861     0.409834   0.00000000   0.00000000
     0.006549     0.031645     0.125679     0.223289     1.000000   0.00000000

    6.614159    2.226817    0.749712    0.309869

     1.000000   0.00000000   0.00000000   0.00000000
   0.00000000     1.000000   0.00000000   0.00000000
   0.00000000   0.00000000     1.000000   0.00000000
   0.00000000   0.00000000   0.00000000     1.000000

    6.358912    1.963147    0.807560

     1.000000   0.00000000   0.00000000
   0.00000000     1.000000   0.00000000
   0.00000000   0.00000000     1.000000

    5.063306    1.487028

     1.000000   0.00000000
   0.00000000     1.000000

Eu:cc-pCVTZ-ccECP
ccECP cc-pCVTZ for Eu | source recipes/Eu/ccECP/Eu.cc-pCVTZ.gamess | ccECP from Omar Madany et al. Journal of Chemical Physics (2025) https://doi.org/10.1063/5.0285320

  6
    0    1    2    3    4    5
    6    6    5    5    3    2
   14   14   14   14    3    2

   68.655348   35.137374   17.983087    9.203630    4.710360
    2.410732    1.233798    0.652088    0.631450    0.323172
    0.165397    0.084649    0.043323    0.022172

    -0.003115     0.000999    -0.002193     0.007581   0.00000000   0.00000000
     0.017581    -0.005685     0.012531    -0.043279   0.00000000   0.00000000
    -0.060990     0.020079    -0.044776     0.157376   0.00000000   0.00000000
     0.120824    -0.041605     0.096631    -0.391437   0.00000000   0.00000000
     0.124033    -0.037202     0.066674     0.142868   0.00000000   0.00000000
    -0.789504     0.282752    -0.654893     1.765913   0.00000000   0.00000000
     0.090688    -0.065595     0.281237    -2.338257   0.00000000   0.00000000
   0.00000000   0.00000000   0.00000000   0.00000000   0.00000000     1.000000
     0.683940    -0.283609     0.759116    -1.522953   0.00000000   0.00000000
     0.549442    -0.302202     0.753298     2.607029   0.00000000   0.00000000
     0.041548    -0.146631    -1.050855     1.263672   0.00000000   0.00000000
     0.028191     0.296939    -1.341395    -2.556952   0.00000000   0.00000000
    -0.006707     0.523595     0.444273    -0.088255   0.00000000   0.00000000
     0.006899     0.434555     0.932775     0.979149     1.000000   0.00000000

   84.000058   42.529818   21.533144   10.902382    5.519952
    2.794790    2.697322    1.415022    0.716436    0.362736
    0.183656    0.092986    0.047080    0.023837

     0.000614    -0.000293     0.000113    -0.000591   0.00000000   0.00000000
    -0.002942     0.001415    -0.000439     0.002772   0.00000000   0.00000000
     0.008959    -0.004510    -0.001992    -0.005722   0.00000000   0.00000000
    -0.025449     0.014691     0.033589    -0.006755   0.00000000   0.00000000
     0.084918    -0.055134    -0.107281    -0.000616   0.00000000   0.00000000
    -0.094468     0.069713    -0.083344     0.302800   0.00000000   0.00000000
   0.00000000   0.00000000   0.00000000   0.00000000   0.00000000     1.000000
    -0.089700    -0.074402    -0.872751     0.337709   0.00000000   0.00000000
     0.534764    -0.344851    -0.070129    -0.657329   0.00000000   0.00000000
     0.398178    -0.151875     0.670645    -0.316044   0.00000000   0.00000000
     0.230806     0.180632     0.411593     0.800961   0.00000000   0.00000000
    -0.006755     0.455870    -0.420960     0.137855   0.00000000   0.00000000
     0.018357     0.186286    -0.251366    -0.484778   0.00000000   0.00000000
    -0.004507     0.026229    -0.039424    -0.071239     1.000000   0.00000000

   76.296750   38.848863   19.781107   10.072166    5.128557
    3.529146    2.611364    1.329657    0.677036    0.344734
    0.175532    0.089378    0.045509    0.023173

     0.000991    -0.001950     0.002294   0.00000000   0.00000000
    -0.004716     0.009626    -0.012085   0.00000000   0.00000000
     0.015500    -0.035817     0.056083   0.00000000   0.00000000
    -0.031466     0.106692    -0.265617   0.00000000   0.00000000
    -0.043742     0.002565     0.326639   0.00000000   0.00000000
   0.00000000   0.00000000   0.00000000   0.00000000     1.000000
     0.105083    -0.386763     0.808197   0.00000000   0.00000000
     0.239862    -0.496879    -0.111417   0.00000000   0.00000000
     0.464934    -0.061902    -0.898030   0.00000000   0.00000000
     0.260029     0.478370     0.063457   0.00000000   0.00000000
     0.121686     0.360872     0.551956   0.00000000   0.00000000
     0.002117     0.089569     0.203623   0.00000000   0.00000000
     0.006606    -0.005440    -0.005485   0.00000000   0.00000000
    -0.002333     0.000118     0.001130     1.000000   0.00000000

   98.155346   53.719596   29.400283   16.090528    8.806211
    7.820136    4.819565    2.637707    1.443595    0.790067
    0.432397    0.236647    0.129515    0.070883

     0.000047    -0.000008    -0.000263   0.00000000   0.00000000
    -0.000147    -0.000054     0.001331   0.00000000   0.00000000
    -0.000191     0.001033    -0.005431   0.00000000   0.00000000
     0.009762    -0.014699     0.030785   0.00000000   0.00000000
     0.207944    -0.256652     0.350221   0.00000000   0.00000000
   0.00000000   0.00000000   0.00000000   0.00000000     1.000000
     0.312866    -0.290698     0.226918   0.00000000   0.00000000
     0.242881    -0.150311    -0.146320   0.00000000   0.00000000
     0.241249     0.118473    -0.463509   0.00000000   0.00000000
     0.162469     0.322744    -0.246494   0.00000000   0.00000000
     0.112010     0.311640     0.138932   0.00000000   0.00000000
     0.052053     0.208712     0.381825   0.00000000   0.00000000
     0.025043     0.092546     0.284861   0.00000000   0.00000000
     0.006549     0.031645     0.125679     1.000000   0.00000000

    5.415869    1.498739    0.563469

     1.000000   0.00000000   0.00000000
   0.00000000     1.000000   0.00000000
   0.00000000   0.00000000     1.000000

    4.644907    1.283643

     1.000000   0.00000000
   0.00000000     1.000000

Eu:cc-pVDZ-ccECP
ccECP cc-pVDZ for Eu | source recipes/Eu/ccECP/Eu.cc-pVDZ.gamess | ccECP from Omar Madany et al. Journal of Chemical Physics (2025) https://doi.org/10.1063/5.0285320

  5
    0    1    2    3    4
    3    3    2    2    1
   13   13   13   13    1

   68.655348   35.137374   17.983087    9.203630    4.710360
    2.410732    1.233798    0.631450    0.323172    0.165397
    0.084649    0.043323    0.022172

    -0.003115     0.000999    -0.002193
     0.017581    -0.005685     0.012531
    -0.060990     0.020079    -0.044776
     0.120824    -0.041605     0.096631
     0.124033    -0.037202     0.066674
    -0.789504     0.282752    -0.654893
     0.090688    -0.065595     0.281237
     0.683940    -0.283609     0.759116
     0.549442    -0.302202     0.753298
     0.041548    -0.146631    -1.050855
     0.028191     0.296939    -1.341395
    -0.006707     0.523595     0.444273
     0.006899     0.434555     0.932775

   84.000058   42.529818   21.533144   10.902382    5.519952
    2.794790    1.415022    0.716436    0.362736    0.183656
    0.092986    0.047080    0.023837

     0.000614    -0.000293     0.000113
    -0.002942     0.001415    -0.000439
     0.008959    -0.004510    -0.001992
    -0.025449     0.014691     0.033589
     0.084918    -0.055134    -0.107281
    -0.094468     0.069713    -0.083344
    -0.089700    -0.074402    -0.872751
     0.534764    -0.344851    -0.070129
     0.398178    -0.151875     0.670645
     0.230806     0.180632     0.411593
    -0.006755     0.455870    -0.420960
     0.018357     0.186286    -0.251366
    -0.004507     0.026229    -0.039424

   76.296750   38.848863   19.781107   10.072166    5.128557
    2.611364    1.329657    0.677036    0.344734    0.175532
    0.089378    0.045509    0.023173

     0.000991    -0.001950
    -0.004716     0.009626
     0.015500    -0.035817
    -0.031466     0.106692
    -0.043742     0.002565
     0.105083    -0.386763
     0.239862    -0.496879
     0.464934    -0.061902
     0.260029     0.478370
     0.121686     0.360872
     0.002117     0.089569
     0.006606    -0.005440
    -0.002333     0.000118

   98.155346   53.719596   29.400283   16.090528    8.806211
    4.819565    2.637707    1.443595    0.790067    0.432397
    0.236647    0.129515    0.070883

     0.000047    -0.000008
    -0.000147    -0.000054
    -0.000191     0.001033
     0.009762    -0.014699
     0.207944    -0.256652
     0.312866    -0.290698
     0.242881    -0.150311
     0.241249     0.118473
     0.162469     0.322744
     0.112010     0.311640
     0.052053     0.208712
     0.025043     0.092546
     0.006549     0.031645

    3.468166

     1.000000

Eu:cc-pVQZ-ccECP
ccECP cc-pVQZ for Eu | source recipes/Eu/ccECP/Eu.cc-pVQZ.gamess | ccECP from Omar Madany et al. Journal of Chemical Physics (2025) https://doi.org/10.1063/5.0285320

  7
    0    1    2    3    4    5    6
    5    5    4    4    3    2    1
   13   13   13   13    3    2    1

   68.655348   35.137374   17.983087    9.203630    4.710360
    2.410732    1.233798    0.631450    0.323172    0.165397
    0.084649    0.043323    0.022172

    -0.003115     0.000999    -0.002193     0.007581    -0.014426
     0.017581    -0.005685     0.012531    -0.043279     0.082555
    -0.060990     0.020079    -0.044776     0.157376    -0.308228
     0.120824    -0.041605     0.096631    -0.391437     0.886864
     0.124033    -0.037202     0.066674     0.142868    -1.218297
    -0.789504     0.282752    -0.654893     1.765913    -1.262618
     0.090688    -0.065595     0.281237    -2.338257     5.437889
     0.683940    -0.283609     0.759116    -1.522953    -4.460914
     0.549442    -0.302202     0.753298     2.607029    -1.241553
     0.041548    -0.146631    -1.050855     1.263672     4.737559
     0.028191     0.296939    -1.341395    -2.556952    -2.670978
    -0.006707     0.523595     0.444273    -0.088255    -0.694712
     0.006899     0.434555     0.932775     0.979149     0.994722

   84.000058   42.529818   21.533144   10.902382    5.519952
    2.794790    1.415022    0.716436    0.362736    0.183656
    0.092986    0.047080    0.023837

     0.000614    -0.000293     0.000113    -0.000591     0.001030
    -0.002942     0.001415    -0.000439     0.002772    -0.004975
     0.008959    -0.004510    -0.001992    -0.005722    -0.003586
    -0.025449     0.014691     0.033589    -0.006755     0.186771
     0.084918    -0.055134    -0.107281    -0.000616    -0.328409
    -0.094468     0.069713    -0.083344     0.302800    -1.433854
    -0.089700    -0.074402    -0.872751     0.337709     1.853495
     0.534764    -0.344851    -0.070129    -0.657329     0.577007
     0.398178    -0.151875     0.670645    -0.316044    -2.386200
     0.230806     0.180632     0.411593     0.800961     1.246806
    -0.006755     0.455870    -0.420960     0.137855     0.803514
     0.018357     0.186286    -0.251366    -0.484778    -0.838523
    -0.004507     0.026229    -0.039424    -0.071239    -0.112026

   76.296750   38.848863   19.781107   10.072166    5.128557
    2.611364    1.329657    0.677036    0.344734    0.175532
    0.089378    0.045509    0.023173

     0.000991    -0.001950     0.002294    -0.001485
    -0.004716     0.009626    -0.012085     0.005329
     0.015500    -0.035817     0.056083     0.013397
    -0.031466     0.106692    -0.265617    -0.372469
    -0.043742     0.002565     0.326639     1.117467
     0.105083    -0.386763     0.808197     0.189398
     0.239862    -0.496879    -0.111417    -1.343012
     0.464934    -0.061902    -0.898030     0.375791
     0.260029     0.478370     0.063457     0.987777
     0.121686     0.360872     0.551956    -0.501309
     0.002117     0.089569     0.203623    -0.436686
     0.006606    -0.005440    -0.005485    -0.067492
    -0.002333     0.000118     0.001130    -0.000569

   98.155346   53.719596   29.400283   16.090528    8.806211
    4.819565    2.637707    1.443595    0.790067    0.432397
    0.236647    0.129515    0.070883

     0.000047    -0.000008    -0.000263     0.001019
    -0.000147    -0.000054     0.001331    -0.004924
    -0.000191     0.001033    -0.005431     0.018034
     0.009762    -0.014699     0.030785    -0.075704
     0.207944    -0.256652     0.350221    -0.559261
     0.312866    -0.290698     0.226918    -0.049588
     0.242881    -0.150311    -0.146320     0.622631
     0.241249     0.118473    -0.463509     0.367467
     0.162469     0.322744    -0.246494    -0.522467
     0.112010     0.311640     0.138932    -0.477659
     0.052053     0.208712     0.381825     0.178531
     0.025043     0.092546     0.284861     0.409834
     0.006549     0.031645     0.125679     0.223289

    6.614159    2.226817    0.749712

     1.000000   0.00000000   0.00000000
   0.00000000     1.000000   0.00000000
   0.00000000   0.00000000     1.000000

    6.358912    1.963147

     1.000000   0.00000000
   0.00000000     1.000000

    5.063306

     1.000000

Eu:cc-pVTZ-ccECP
ccECP cc-pVTZ for Eu | source recipes/Eu/ccECP/Eu.cc-pVTZ.gamess | ccECP from Omar Madany et al. Journal of Chemical Physics (2025) https://doi.org/10.1063/5.0285320

  6
    0    1    2    3    4    5
    4    4    3    3    2    1
   13   13   13   13    2    1

   68.655348   35.137374   17.983087    9.203630    4.710360
    2.410732    1.233798    0.631450    0.323172    0.165397
    0.084649    0.043323    0.022172

    -0.003115     0.000999    -0.002193     0.007581
     0.017581    -0.005685     0.012531    -0.043279
    -0.060990     0.020079    -0.044776     0.157376
     0.120824    -0.041605     0.096631    -0.391437
     0.124033    -0.037202     0.066674     0.142868
    -0.789504     0.282752    -0.654893     1.765913
     0.090688    -0.065595     0.281237    -2.338257
     0.683940    -0.283609     0.759116    -1.522953
     0.549442    -0.302202     0.753298     2.607029
     0.041548    -0.146631    -1.050855     1.263672
     0.028191     0.296939    -1.341395    -2.556952
    -0.006707     0.523595     0.444273    -0.088255
     0.006899     0.434555     0.932775     0.979149

   84.000058   42.529818   21.533144   10.902382    5.519952
    2.794790    1.415022    0.716436    0.362736    0.183656
    0.092986    0.047080    0.023837

     0.000614    -0.000293     0.000113    -0.000591
    -0.002942     0.001415    -0.000439     0.002772
     0.008959    -0.004510    -0.001992    -0.005722
    -0.025449     0.014691     0.033589    -0.006755
     0.084918    -0.055134    -0.107281    -0.000616
    -0.094468     0.069713    -0.083344     0.302800
    -0.089700    -0.074402    -0.872751     0.337709
     0.534764    -0.344851    -0.070129    -0.657329
     0.398178    -0.151875     0.670645    -0.316044
     0.230806     0.180632     0.411593     0.800961
    -0.006755     0.455870    -0.420960     0.137855
     0.018357     0.186286    -0.251366    -0.484778
    -0.004507     0.026229    -0.039424    -0.071239

   76.296750   38.848863   19.781107   10.072166    5.128557
    2.611364    1.329657    0.677036    0.344734    0.175532
    0.089378    0.045509    0.023173

     0.000991    -0.001950     0.002294
    -0.004716     0.009626    -0.012085
     0.015500    -0.035817     0.056083
    -0.031466     0.106692    -0.265617
    -0.043742     0.002565     0.326639
     0.105083    -0.386763     0.808197
     0.239862    -0.496879    -0.111417
     0.464934    -0.061902    -0.898030
     0.260029     0.478370     0.063457
     0.121686     0.360872     0.551956
     0.002117     0.089569     0.203623
     0.006606    -0.005440    -0.005485
    -0.002333     0.000118     0.001130

   98.155346   53.719596   29.400283   16.090528    8.806211
    4.819565    2.637707    1.443595    0.790067    0.432397
    0.236647    0.129515    0.070883

     0.000047    -0.000008    -0.000263
    -0.000147    -0.000054     0.001331
    -0.000191     0.001033    -0.005431
     0.009762    -0.014699     0.030785
     0.207944    -0.256652     0.350221
     0.312866    -0.290698     0.226918
     0.242881    -0.150311    -0.146320
     0.241249     0.118473    -0.463509
     0.162469     0.322744    -0.246494
     0.112010     0.311640     0.138932
     0.052053     0.208712     0.381825
     0.025043     0.092546     0.284861
     0.006549     0.031645     0.125679

    5.415869    1.498739

     1.000000   0.00000000
   0.00000000     1.000000

    4.644907

     1.000000

