
V:aug-cc-pCV5Z-ccECP
ccECP aug-cc-pCV5Z for V | source recipes/V/ccECP/V.aug-cc-pCV5Z.gamess | ccECP from A. Annaberdiyev et al. Journal of Chemical Physics 149, 134108 (2018) https://doi.org/10.1063/1.5040472

  7
    0    1    2    3    4    5    6
   10   10    9    6    5    4    2
   16   16   14    6    5    4    2

   68.577621   34.937147   17.939491   11.262123    6.776264
    3.524091    2.245459    1.938421    1.067978    0.927153
    0.448420    0.209668    0.103660    0.050630    0.024201
    0.012000

    0.00080400   -0.00017700   -0.00058300   -0.00076500   -0.00356700
   -0.00349500    0.00000000    0.00000000    0.00000000    0.00000000
   -0.01159400    0.00279100    0.00957000    0.01452900    0.01000700
    0.00042500    0.00000000    0.00000000    0.00000000    0.00000000
    0.09220900   -0.02365000   -0.08560600   -0.13961800    0.04020200
    0.17364100    0.00000000    0.00000000    0.00000000    0.00000000
   -0.04547700    0.01250400    0.04842600    0.06307300    0.34329500
    0.27067600    0.00000000    0.00000000    0.00000000    0.00000000
   -0.28798300    0.07876100    0.33123900    0.70419300   -2.09702200
   -3.72961400    0.00000000    0.00000000    0.00000000    0.00000000
   -0.21764800    0.05497400    0.14035200   -0.01160200    2.80403900
    9.16051900    0.00000000    0.00000000    0.00000000    0.00000000
    0.00000000    0.00000000    0.00000000    0.00000000    0.00000000
    0.00000000    0.00000000    0.00000000    0.00000000    1.00000000
    0.40750900   -0.11895500   -0.90796200   -2.31160400    1.20663800
   -7.57229300    0.00000000    0.00000000    0.00000000    0.00000000
    0.00000000    0.00000000    0.00000000    0.00000000    0.00000000
    0.00000000    0.00000000    0.00000000    1.00000000    0.00000000
    0.65819300   -0.24534100   -0.50387800    0.76826900   -4.50572400
   -0.10606800    0.00000000    0.00000000    0.00000000    0.00000000
    0.25523400   -0.22295900    0.39893800    2.16892000    2.15832500
    5.60709100    0.00000000    0.00000000    0.00000000    0.00000000
    0.00862000    0.04780900    0.97113100   -1.06267100    2.12989200
   -6.00811100    0.00000000    0.00000000    0.00000000    0.00000000
    0.00273400    0.41537400    0.42399900   -1.21815100   -2.26503700
    1.90641600    0.00000000    0.00000000    0.00000000    0.00000000
   -0.00116100    0.54088000   -0.62864600    0.34080900   -0.68105100
    1.90268500    0.00000000    0.00000000    0.00000000    0.00000000
    0.00029400    0.18342100   -0.46749500    0.71332200    1.25786200
   -1.57531500    1.00000000    0.00000000    0.00000000    0.00000000
    0.00000000    0.00000000    0.00000000    0.00000000    0.00000000
    0.00000000    0.00000000    1.00000000    0.00000000    0.00000000

   96.215967   49.579340   25.638009   14.025942    8.740334
    4.992590    4.634840    3.214499    2.553374    1.321166
    0.681285    0.349458    0.172773    0.063300    0.033969
    0.016000

    0.00006900    0.00004000   -0.00005300   -0.00126200   -0.00478000
    0.00319600    0.00000000    0.00000000    0.00000000    0.00000000
   -0.00067200   -0.00013300    0.00002300    0.00641900    0.02531200
   -0.01674000    0.00000000    0.00000000    0.00000000    0.00000000
    0.00819900   -0.00095500    0.00462900   -0.02122900   -0.09426700
    0.07050700    0.00000000    0.00000000    0.00000000    0.00000000
   -0.02710800    0.00371900   -0.00775500    0.11577700    0.43789600
   -0.16152300    0.00000000    0.00000000    0.00000000    0.00000000
   -0.05302100    0.01886600   -0.10413300   -0.42074000   -1.44316600
   -0.90376500    0.00000000    0.00000000    0.00000000    0.00000000
    0.00000000    0.00000000    0.00000000    0.00000000    0.00000000
    0.00000000    0.00000000    0.00000000    0.00000000    1.00000000
    0.00500200   -0.01207400   -0.01776200    0.19774200    2.63678000
    4.91640900    0.00000000    0.00000000    0.00000000    0.00000000
    0.00000000    0.00000000    0.00000000    0.00000000    0.00000000
    0.00000000    0.00000000    0.00000000    1.00000000    0.00000000
    0.26198600   -0.05710700    0.72821200    1.57560000   -0.38243600
   -6.34586700    0.00000000    0.00000000    0.00000000    0.00000000
    0.43354400   -0.14643300    0.21882600   -1.06791300   -2.76188100
    2.97416800    0.00000000    0.00000000    0.00000000    0.00000000
    0.32494700   -0.06736500   -0.49322300   -1.31008300    2.15975600
    1.41665700    0.00000000    0.00000000    0.00000000    0.00000000
    0.09234200   -0.06825400   -0.83819200    1.19114700    0.67615100
   -3.39692200    0.00000000    0.00000000    0.00000000    0.00000000
    0.00896400    0.40310300    0.39840100    0.55051600   -1.62151700
    2.17013500    0.00000000    0.00000000    0.00000000    0.00000000
    0.00118500    0.50266800    0.66458900   -0.71878800    0.42916400
   -0.05908100    0.00000000    0.00000000    0.00000000    0.00000000
    0.00010400    0.26129100    0.03301100   -0.15744100    0.40017800
   -0.60399500    1.00000000    0.00000000    0.00000000    0.00000000
    0.00000000    0.00000000    0.00000000    0.00000000    0.00000000
    0.00000000    0.00000000    1.00000000    0.00000000    0.00000000

   89.989649   33.132961   15.879656    7.465803    3.551993
    3.250980    2.938037    1.728185    0.850498    0.417673
    0.201523    0.100711    0.058959    0.027000

    0.00005100   -0.00003800    0.00012800    0.00004500    0.00186400
    0.00000000    0.00000000    0.00000000    0.00000000
    0.00480400   -0.00459000    0.00665200   -0.01039400   -0.03115700
    0.00000000    0.00000000    0.00000000    0.00000000
    0.02948500   -0.02756300    0.04463500   -0.05505100   -0.04978300
    0.00000000    0.00000000    0.00000000    0.00000000
    0.08624900   -0.08277500    0.12255900   -0.17145700   -0.53262200
    0.00000000    0.00000000    0.00000000    0.00000000
    0.17972800   -0.17349400    0.31114700   -0.51992200   -0.46373800
    0.00000000    0.00000000    0.00000000    0.00000000
    0.00000000    0.00000000    0.00000000    0.00000000    0.00000000
    0.00000000    0.00000000    0.00000000    1.00000000
    0.00000000    0.00000000    0.00000000    0.00000000    0.00000000
    0.00000000    0.00000000    1.00000000    0.00000000
    0.26185000   -0.23618800    0.28881300    0.09902600    1.44037300
    0.00000000    0.00000000    0.00000000    0.00000000
    0.29179400   -0.14922600   -0.14224600    0.82933200   -0.38405900
    0.00000000    0.00000000    0.00000000    0.00000000
    0.25935600    0.04414500   -0.61373700   -0.07090800   -0.78370500
    0.00000000    0.00000000    0.00000000    0.00000000
    0.17494400    0.39050000   -0.12391600   -0.47117100    0.10773300
    0.00000000    0.00000000    0.00000000    0.00000000
    0.06227800    0.20306400   -0.02023500   -0.87878900    1.43533300
    0.00000000    0.00000000    0.00000000    0.00000000
    0.02765300    0.39800200    0.73325900    1.21174700   -1.21509400
    1.00000000    0.00000000    0.00000000    0.00000000
    0.00000000    0.00000000    0.00000000    0.00000000    0.00000000
    0.00000000    1.00000000    0.00000000    0.00000000

    5.194245    3.099663    1.817778    0.636150    0.222627
    0.077911

    0.00000000    0.00000000    0.00000000    0.00000000    1.00000000
    0.00000000
    0.00000000    0.00000000    0.00000000    0.00000000    0.00000000
    1.00000000
    0.00000000    0.00000000    0.00000000    1.00000000    0.00000000
    0.00000000
    0.00000000    0.00000000    1.00000000    0.00000000    0.00000000
    0.00000000
    0.00000000    1.00000000    0.00000000    0.00000000    0.00000000
    0.00000000
    1.00000000    0.00000000    0.00000000    0.00000000    0.00000000
    0.00000000

    4.222190    3.704309    1.547265    0.567011    0.207787

    0.00000000    0.00000000    0.00000000    1.00000000    0.00000000
    0.00000000    0.00000000    0.00000000    0.00000000    1.00000000
    0.00000000    0.00000000    1.00000000    0.00000000    0.00000000
    0.00000000    1.00000000    0.00000000    0.00000000    0.00000000
    1.00000000    0.00000000    0.00000000    0.00000000    0.00000000

    4.527979    3.733326    1.277114    0.436881

    0.00000000    0.00000000    0.00000000    1.00000000
    0.00000000    0.00000000    1.00000000    0.00000000
    0.00000000    1.00000000    0.00000000    0.00000000
    1.00000000    0.00000000    0.00000000    0.00000000

    3.121626    1.400000

    0.00000000    1.00000000
    1.00000000    0.00000000

V:aug-cc-pCVDZ-ccECP
ccECP aug-cc-pCVDZ for V | source recipes/V/ccECP/V.aug-cc-pCVDZ.gamess | ccECP from A. Annaberdiyev et al. Journal of Chemical Physics 149, 134108 (2018) https://doi.org/10.1063/1.5040472

  4
    0    1    2    3
    7    7    6    3
   16   16   14    3

   68.577621   34.937147   17.939491   11.262123    6.776264
    3.524091    2.619861    1.938421    0.927153    0.736615
    0.448420    0.209668    0.103660    0.050630    0.024201
    0.012000

    0.00080400   -0.00017700   -0.00058300    0.00000000    0.00000000
    0.00000000    0.00000000
   -0.01159400    0.00279100    0.00957000    0.00000000    0.00000000
    0.00000000    0.00000000
    0.09220900   -0.02365000   -0.08560600    0.00000000    0.00000000
    0.00000000    0.00000000
   -0.04547700    0.01250400    0.04842600    0.00000000    0.00000000
    0.00000000    0.00000000
   -0.28798300    0.07876100    0.33123900    0.00000000    0.00000000
    0.00000000    0.00000000
   -0.21764800    0.05497400    0.14035200    0.00000000    0.00000000
    0.00000000    0.00000000
    0.00000000    0.00000000    0.00000000    0.00000000    0.00000000
    0.00000000    1.00000000
    0.40750900   -0.11895500   -0.90796200    0.00000000    0.00000000
    0.00000000    0.00000000
    0.65819300   -0.24534100   -0.50387800    0.00000000    0.00000000
    0.00000000    0.00000000
    0.00000000    0.00000000    0.00000000    0.00000000    0.00000000
    1.00000000    0.00000000
    0.25523400   -0.22295900    0.39893800    0.00000000    0.00000000
    0.00000000    0.00000000
    0.00862000    0.04780900    0.97113100    0.00000000    0.00000000
    0.00000000    0.00000000
    0.00273400    0.41537400    0.42399900    0.00000000    0.00000000
    0.00000000    0.00000000
   -0.00116100    0.54088000   -0.62864600    0.00000000    0.00000000
    0.00000000    0.00000000
    0.00029400    0.18342100   -0.46749500    1.00000000    0.00000000
    0.00000000    0.00000000
    0.00000000    0.00000000    0.00000000    0.00000000    1.00000000
    0.00000000    0.00000000

   96.215967   49.579340   25.638009   14.025942    8.740334
    4.634840    4.004062    2.553374    1.321166    0.973954
    0.681285    0.349458    0.172773    0.063300    0.033969
    0.016000

    0.00006900    0.00004000   -0.00005300    0.00000000    0.00000000
    0.00000000    0.00000000
   -0.00067200   -0.00013300    0.00002300    0.00000000    0.00000000
    0.00000000    0.00000000
    0.00819900   -0.00095500    0.00462900    0.00000000    0.00000000
    0.00000000    0.00000000
   -0.02710800    0.00371900   -0.00775500    0.00000000    0.00000000
    0.00000000    0.00000000
   -0.05302100    0.01886600   -0.10413300    0.00000000    0.00000000
    0.00000000    0.00000000
    0.00500200   -0.01207400   -0.01776200    0.00000000    0.00000000
    0.00000000    0.00000000
    0.00000000    0.00000000    0.00000000    0.00000000    0.00000000
    0.00000000    1.00000000
    0.26198600   -0.05710700    0.72821200    0.00000000    0.00000000
    0.00000000    0.00000000
    0.43354400   -0.14643300    0.21882600    0.00000000    0.00000000
    0.00000000    0.00000000
    0.00000000    0.00000000    0.00000000    0.00000000    0.00000000
    1.00000000    0.00000000
    0.32494700   -0.06736500   -0.49322300    0.00000000    0.00000000
    0.00000000    0.00000000
    0.09234200   -0.06825400   -0.83819200    0.00000000    0.00000000
    0.00000000    0.00000000
    0.00896400    0.40310300    0.39840100    0.00000000    0.00000000
    0.00000000    0.00000000
    0.00118500    0.50266800    0.66458900    0.00000000    0.00000000
    0.00000000    0.00000000
    0.00010400    0.26129100    0.03301100    1.00000000    0.00000000
    0.00000000    0.00000000
    0.00000000    0.00000000    0.00000000    0.00000000    1.00000000
    0.00000000    0.00000000

   89.989649   33.132961   15.879656    7.465803    3.551993
    1.799378    1.728185    0.850498    0.749306    0.417673
    0.201523    0.100711    0.058959    0.027000

    0.00005100   -0.00003800    0.00000000    0.00000000    0.00000000
    0.00000000
    0.00480400   -0.00459000    0.00000000    0.00000000    0.00000000
    0.00000000
    0.02948500   -0.02756300    0.00000000    0.00000000    0.00000000
    0.00000000
    0.08624900   -0.08277500    0.00000000    0.00000000    0.00000000
    0.00000000
    0.17972800   -0.17349400    0.00000000    0.00000000    0.00000000
    0.00000000
    0.00000000    0.00000000    0.00000000    0.00000000    0.00000000
    1.00000000
    0.26185000   -0.23618800    0.00000000    0.00000000    0.00000000
    0.00000000
    0.29179400   -0.14922600    0.00000000    0.00000000    0.00000000
    0.00000000
    0.00000000    0.00000000    0.00000000    0.00000000    1.00000000
    0.00000000
    0.25935600    0.04414500    0.00000000    0.00000000    0.00000000
    0.00000000
    0.17494400    0.39050000    0.00000000    0.00000000    0.00000000
    0.00000000
    0.06227800    0.20306400    0.00000000    0.00000000    0.00000000
    0.00000000
    0.02765300    0.39800200    1.00000000    0.00000000    0.00000000
    0.00000000
    0.00000000    0.00000000    0.00000000    1.00000000    0.00000000
    0.00000000

    3.352552    1.138450    0.308388

    0.00000000    0.00000000    1.00000000
    0.00000000    1.00000000    0.00000000
    1.00000000    0.00000000    0.00000000

V:aug-cc-pCVQZ-ccECP
ccECP aug-cc-pCVQZ for V | source recipes/V/ccECP/V.aug-cc-pCVQZ.gamess | ccECP from A. Annaberdiyev et al. Journal of Chemical Physics 149, 134108 (2018) https://doi.org/10.1063/1.5040472

  6
    0    1    2    3    4    5
    9    9    8    5    4    3
   16   16   14    5    4    3

   68.577621   34.937147   17.939491   11.262123    6.776264
    3.524091    1.938421    1.521457    0.927153    0.820525
    0.448420    0.209668    0.103660    0.050630    0.024201
    0.012000

    0.00080400   -0.00017700   -0.00058300   -0.00076500   -0.00356700
    0.00000000    0.00000000    0.00000000    0.00000000
   -0.01159400    0.00279100    0.00957000    0.01452900    0.01000700
    0.00000000    0.00000000    0.00000000    0.00000000
    0.09220900   -0.02365000   -0.08560600   -0.13961800    0.04020200
    0.00000000    0.00000000    0.00000000    0.00000000
   -0.04547700    0.01250400    0.04842600    0.06307300    0.34329500
    0.00000000    0.00000000    0.00000000    0.00000000
   -0.28798300    0.07876100    0.33123900    0.70419300   -2.09702200
    0.00000000    0.00000000    0.00000000    0.00000000
   -0.21764800    0.05497400    0.14035200   -0.01160200    2.80403900
    0.00000000    0.00000000    0.00000000    0.00000000
    0.40750900   -0.11895500   -0.90796200   -2.31160400    1.20663800
    0.00000000    0.00000000    0.00000000    0.00000000
    0.00000000    0.00000000    0.00000000    0.00000000    0.00000000
    0.00000000    0.00000000    0.00000000    1.00000000
    0.65819300   -0.24534100   -0.50387800    0.76826900   -4.50572400
    0.00000000    0.00000000    0.00000000    0.00000000
    0.00000000    0.00000000    0.00000000    0.00000000    0.00000000
    0.00000000    0.00000000    1.00000000    0.00000000
    0.25523400   -0.22295900    0.39893800    2.16892000    2.15832500
    0.00000000    0.00000000    0.00000000    0.00000000
    0.00862000    0.04780900    0.97113100   -1.06267100    2.12989200
    0.00000000    0.00000000    0.00000000    0.00000000
    0.00273400    0.41537400    0.42399900   -1.21815100   -2.26503700
    0.00000000    0.00000000    0.00000000    0.00000000
   -0.00116100    0.54088000   -0.62864600    0.34080900   -0.68105100
    0.00000000    0.00000000    0.00000000    0.00000000
    0.00029400    0.18342100   -0.46749500    0.71332200    1.25786200
    1.00000000    0.00000000    0.00000000    0.00000000
    0.00000000    0.00000000    0.00000000    0.00000000    0.00000000
    0.00000000    1.00000000    0.00000000    0.00000000

   96.215967   49.579340   25.638009   14.025942    8.740334
    5.892088    4.634840    2.553374    2.371806    1.321166
    0.681285    0.349458    0.172773    0.063300    0.033969
    0.016000

    0.00006900    0.00004000   -0.00005300   -0.00126200   -0.00478000
    0.00000000    0.00000000    0.00000000    0.00000000
   -0.00067200   -0.00013300    0.00002300    0.00641900    0.02531200
    0.00000000    0.00000000    0.00000000    0.00000000
    0.00819900   -0.00095500    0.00462900   -0.02122900   -0.09426700
    0.00000000    0.00000000    0.00000000    0.00000000
   -0.02710800    0.00371900   -0.00775500    0.11577700    0.43789600
    0.00000000    0.00000000    0.00000000    0.00000000
   -0.05302100    0.01886600   -0.10413300   -0.42074000   -1.44316600
    0.00000000    0.00000000    0.00000000    0.00000000
    0.00000000    0.00000000    0.00000000    0.00000000    0.00000000
    0.00000000    0.00000000    0.00000000    1.00000000
    0.00500200   -0.01207400   -0.01776200    0.19774200    2.63678000
    0.00000000    0.00000000    0.00000000    0.00000000
    0.26198600   -0.05710700    0.72821200    1.57560000   -0.38243600
    0.00000000    0.00000000    0.00000000    0.00000000
    0.00000000    0.00000000    0.00000000    0.00000000    0.00000000
    0.00000000    0.00000000    1.00000000    0.00000000
    0.43354400   -0.14643300    0.21882600   -1.06791300   -2.76188100
    0.00000000    0.00000000    0.00000000    0.00000000
    0.32494700   -0.06736500   -0.49322300   -1.31008300    2.15975600
    0.00000000    0.00000000    0.00000000    0.00000000
    0.09234200   -0.06825400   -0.83819200    1.19114700    0.67615100
    0.00000000    0.00000000    0.00000000    0.00000000
    0.00896400    0.40310300    0.39840100    0.55051600   -1.62151700
    0.00000000    0.00000000    0.00000000    0.00000000
    0.00118500    0.50266800    0.66458900   -0.71878800    0.42916400
    0.00000000    0.00000000    0.00000000    0.00000000
    0.00010400    0.26129100    0.03301100   -0.15744100    0.40017800
    1.00000000    0.00000000    0.00000000    0.00000000
    0.00000000    0.00000000    0.00000000    0.00000000    0.00000000
    0.00000000    1.00000000    0.00000000    0.00000000

   89.989649   33.132961   15.879656    7.465803    3.551993
    3.248775    2.679882    1.728185    0.850498    0.417673
    0.201523    0.100711    0.058959    0.027000

    0.00005100   -0.00003800    0.00012800    0.00004500    0.00000000
    0.00000000    0.00000000    0.00000000
    0.00480400   -0.00459000    0.00665200   -0.01039400    0.00000000
    0.00000000    0.00000000    0.00000000
    0.02948500   -0.02756300    0.04463500   -0.05505100    0.00000000
    0.00000000    0.00000000    0.00000000
    0.08624900   -0.08277500    0.12255900   -0.17145700    0.00000000
    0.00000000    0.00000000    0.00000000
    0.17972800   -0.17349400    0.31114700   -0.51992200    0.00000000
    0.00000000    0.00000000    0.00000000
    0.00000000    0.00000000    0.00000000    0.00000000    0.00000000
    0.00000000    0.00000000    1.00000000
    0.00000000    0.00000000    0.00000000    0.00000000    0.00000000
    0.00000000    1.00000000    0.00000000
    0.26185000   -0.23618800    0.28881300    0.09902600    0.00000000
    0.00000000    0.00000000    0.00000000
    0.29179400   -0.14922600   -0.14224600    0.82933200    0.00000000
    0.00000000    0.00000000    0.00000000
    0.25935600    0.04414500   -0.61373700   -0.07090800    0.00000000
    0.00000000    0.00000000    0.00000000
    0.17494400    0.39050000   -0.12391600   -0.47117100    0.00000000
    0.00000000    0.00000000    0.00000000
    0.06227800    0.20306400   -0.02023500   -0.87878900    0.00000000
    0.00000000    0.00000000    0.00000000
    0.02765300    0.39800200    0.73325900    1.21174700    1.00000000
    0.00000000    0.00000000    0.00000000
    0.00000000    0.00000000    0.00000000    0.00000000    0.00000000
    1.00000000    0.00000000    0.00000000

    3.419885    2.371670    1.028253    0.309164    0.092956

    0.00000000    0.00000000    0.00000000    1.00000000    0.00000000
    0.00000000    0.00000000    0.00000000    0.00000000    1.00000000
    0.00000000    0.00000000    1.00000000    0.00000000    0.00000000
    0.00000000    1.00000000    0.00000000    0.00000000    0.00000000
    1.00000000    0.00000000    0.00000000    0.00000000    0.00000000

    3.899112    3.081804    0.946128    0.290466

    0.00000000    0.00000000    0.00000000    1.00000000
    0.00000000    0.00000000    1.00000000    0.00000000
    0.00000000    1.00000000    0.00000000    0.00000000
    1.00000000    0.00000000    0.00000000    0.00000000

    4.872470    2.514905    0.913918

    0.00000000    0.00000000    1.00000000
    0.00000000    1.00000000    0.00000000
    1.00000000    0.00000000    0.00000000

V:aug-cc-pCVTZ-ccECP
ccECP aug-cc-pCVTZ for V | source recipes/V/ccECP/V.aug-cc-pCVTZ.gamess | ccECP from A. Annaberdiyev et al. Journal of Chemical Physics 149, 134108 (2018) https://doi.org/10.1063/1.5040472

  5
    0    1    2    3    4
    8    8    7    4    3
   16   16   14    4    3

   68.577621   34.937147   17.939491   11.262123    6.776264
    3.524091    1.938421    1.490795    0.927153    0.500174
    0.448420    0.209668    0.103660    0.050630    0.024201
    0.012000

    0.00080400   -0.00017700   -0.00058300   -0.00076500    0.00000000
    0.00000000    0.00000000    0.00000000
   -0.01159400    0.00279100    0.00957000    0.01452900    0.00000000
    0.00000000    0.00000000    0.00000000
    0.09220900   -0.02365000   -0.08560600   -0.13961800    0.00000000
    0.00000000    0.00000000    0.00000000
   -0.04547700    0.01250400    0.04842600    0.06307300    0.00000000
    0.00000000    0.00000000    0.00000000
   -0.28798300    0.07876100    0.33123900    0.70419300    0.00000000
    0.00000000    0.00000000    0.00000000
   -0.21764800    0.05497400    0.14035200   -0.01160200    0.00000000
    0.00000000    0.00000000    0.00000000
    0.40750900   -0.11895500   -0.90796200   -2.31160400    0.00000000
    0.00000000    0.00000000    0.00000000
    0.00000000    0.00000000    0.00000000    0.00000000    0.00000000
    0.00000000    0.00000000    1.00000000
    0.65819300   -0.24534100   -0.50387800    0.76826900    0.00000000
    0.00000000    0.00000000    0.00000000
    0.00000000    0.00000000    0.00000000    0.00000000    0.00000000
    0.00000000    1.00000000    0.00000000
    0.25523400   -0.22295900    0.39893800    2.16892000    0.00000000
    0.00000000    0.00000000    0.00000000
    0.00862000    0.04780900    0.97113100   -1.06267100    0.00000000
    0.00000000    0.00000000    0.00000000
    0.00273400    0.41537400    0.42399900   -1.21815100    0.00000000
    0.00000000    0.00000000    0.00000000
   -0.00116100    0.54088000   -0.62864600    0.34080900    0.00000000
    0.00000000    0.00000000    0.00000000
    0.00029400    0.18342100   -0.46749500    0.71332200    1.00000000
    0.00000000    0.00000000    0.00000000
    0.00000000    0.00000000    0.00000000    0.00000000    0.00000000
    1.00000000    0.00000000    0.00000000

   96.215967   49.579340   25.638009   14.025942    8.740334
    4.879132    4.634840    2.553374    1.552979    1.321166
    0.681285    0.349458    0.172773    0.063300    0.033969
    0.016000

    0.00006900    0.00004000   -0.00005300   -0.00126200    0.00000000
    0.00000000    0.00000000    0.00000000
   -0.00067200   -0.00013300    0.00002300    0.00641900    0.00000000
    0.00000000    0.00000000    0.00000000
    0.00819900   -0.00095500    0.00462900   -0.02122900    0.00000000
    0.00000000    0.00000000    0.00000000
   -0.02710800    0.00371900   -0.00775500    0.11577700    0.00000000
    0.00000000    0.00000000    0.00000000
   -0.05302100    0.01886600   -0.10413300   -0.42074000    0.00000000
    0.00000000    0.00000000    0.00000000
    0.00000000    0.00000000    0.00000000    0.00000000    0.00000000
    0.00000000    0.00000000    1.00000000
    0.00500200   -0.01207400   -0.01776200    0.19774200    0.00000000
    0.00000000    0.00000000    0.00000000
    0.26198600   -0.05710700    0.72821200    1.57560000    0.00000000
    0.00000000    0.00000000    0.00000000
    0.00000000    0.00000000    0.00000000    0.00000000    0.00000000
    0.00000000    1.00000000    0.00000000
    0.43354400   -0.14643300    0.21882600   -1.06791300    0.00000000
    0.00000000    0.00000000    0.00000000
    0.32494700   -0.06736500   -0.49322300   -1.31008300    0.00000000
    0.00000000    0.00000000    0.00000000
    0.09234200   -0.06825400   -0.83819200    1.19114700    0.00000000
    0.00000000    0.00000000    0.00000000
    0.00896400    0.40310300    0.39840100    0.55051600    0.00000000
    0.00000000    0.00000000    0.00000000
    0.00118500    0.50266800    0.66458900   -0.71878800    0.00000000
    0.00000000    0.00000000    0.00000000
    0.00010400    0.26129100    0.03301100   -0.15744100    1.00000000
    0.00000000    0.00000000    0.00000000
    0.00000000    0.00000000    0.00000000    0.00000000    0.00000000
    1.00000000    0.00000000    0.00000000

   89.989649   33.132961   15.879656    7.465803    3.551993
    2.740176    1.728185    1.563648    0.850498    0.417673
    0.201523    0.100711    0.058959    0.027000

    0.00005100   -0.00003800    0.00012800    0.00000000    0.00000000
    0.00000000    0.00000000
    0.00480400   -0.00459000    0.00665200    0.00000000    0.00000000
    0.00000000    0.00000000
    0.02948500   -0.02756300    0.04463500    0.00000000    0.00000000
    0.00000000    0.00000000
    0.08624900   -0.08277500    0.12255900    0.00000000    0.00000000
    0.00000000    0.00000000
    0.17972800   -0.17349400    0.31114700    0.00000000    0.00000000
    0.00000000    0.00000000
    0.00000000    0.00000000    0.00000000    0.00000000    0.00000000
    0.00000000    1.00000000
    0.26185000   -0.23618800    0.28881300    0.00000000    0.00000000
    0.00000000    0.00000000
    0.00000000    0.00000000    0.00000000    0.00000000    0.00000000
    1.00000000    0.00000000
    0.29179400   -0.14922600   -0.14224600    0.00000000    0.00000000
    0.00000000    0.00000000
    0.25935600    0.04414500   -0.61373700    0.00000000    0.00000000
    0.00000000    0.00000000
    0.17494400    0.39050000   -0.12391600    0.00000000    0.00000000
    0.00000000    0.00000000
    0.06227800    0.20306400   -0.02023500    0.00000000    0.00000000
    0.00000000    0.00000000
    0.02765300    0.39800200    0.73325900    1.00000000    0.00000000
    0.00000000    0.00000000
    0.00000000    0.00000000    0.00000000    0.00000000    1.00000000
    0.00000000    0.00000000

    4.698117    2.328788    0.552620    0.131136

    0.00000000    0.00000000    0.00000000    1.00000000
    0.00000000    0.00000000    1.00000000    0.00000000
    0.00000000    1.00000000    0.00000000    0.00000000
    1.00000000    0.00000000    0.00000000    0.00000000

    4.370840    1.977796    0.616440

    0.00000000    0.00000000    1.00000000
    0.00000000    1.00000000    0.00000000
    1.00000000    0.00000000    0.00000000

V:aug-cc-pV5Z-ccECP
ccECP aug-cc-pV5Z for V | source recipes/V/ccECP/V.aug-cc-pV5Z.gamess | ccECP from A. Annaberdiyev et al. Journal of Chemical Physics 149, 134108 (2018) https://doi.org/10.1063/1.5040472

  7
    0    1    2    3    4    5    6
    8    8    7    5    4    3    2
   14   14   12    5    4    3    2

   68.577621   34.937147   17.939491   11.262123    6.776264
    3.524091    1.938421    0.927153    0.448420    0.209668
    0.103660    0.050630    0.024201    0.012000

    0.00080400   -0.00017700   -0.00058300   -0.00076500   -0.00356700
   -0.00349500    0.00000000    0.00000000
   -0.01159400    0.00279100    0.00957000    0.01452900    0.01000700
    0.00042500    0.00000000    0.00000000
    0.09220900   -0.02365000   -0.08560600   -0.13961800    0.04020200
    0.17364100    0.00000000    0.00000000
   -0.04547700    0.01250400    0.04842600    0.06307300    0.34329500
    0.27067600    0.00000000    0.00000000
   -0.28798300    0.07876100    0.33123900    0.70419300   -2.09702200
   -3.72961400    0.00000000    0.00000000
   -0.21764800    0.05497400    0.14035200   -0.01160200    2.80403900
    9.16051900    0.00000000    0.00000000
    0.40750900   -0.11895500   -0.90796200   -2.31160400    1.20663800
   -7.57229300    0.00000000    0.00000000
    0.65819300   -0.24534100   -0.50387800    0.76826900   -4.50572400
   -0.10606800    0.00000000    0.00000000
    0.25523400   -0.22295900    0.39893800    2.16892000    2.15832500
    5.60709100    0.00000000    0.00000000
    0.00862000    0.04780900    0.97113100   -1.06267100    2.12989200
   -6.00811100    0.00000000    0.00000000
    0.00273400    0.41537400    0.42399900   -1.21815100   -2.26503700
    1.90641600    0.00000000    0.00000000
   -0.00116100    0.54088000   -0.62864600    0.34080900   -0.68105100
    1.90268500    0.00000000    0.00000000
    0.00029400    0.18342100   -0.46749500    0.71332200    1.25786200
   -1.57531500    1.00000000    0.00000000
    0.00000000    0.00000000    0.00000000    0.00000000    0.00000000
    0.00000000    0.00000000    1.00000000

   96.215967   49.579340   25.638009   14.025942    8.740334
    4.634840    2.553374    1.321166    0.681285    0.349458
    0.172773    0.063300    0.033969    0.016000

    0.00006900    0.00004000   -0.00005300   -0.00126200   -0.00478000
    0.00319600    0.00000000    0.00000000
   -0.00067200   -0.00013300    0.00002300    0.00641900    0.02531200
   -0.01674000    0.00000000    0.00000000
    0.00819900   -0.00095500    0.00462900   -0.02122900   -0.09426700
    0.07050700    0.00000000    0.00000000
   -0.02710800    0.00371900   -0.00775500    0.11577700    0.43789600
   -0.16152300    0.00000000    0.00000000
   -0.05302100    0.01886600   -0.10413300   -0.42074000   -1.44316600
   -0.90376500    0.00000000    0.00000000
    0.00500200   -0.01207400   -0.01776200    0.19774200    2.63678000
    4.91640900    0.00000000    0.00000000
    0.26198600   -0.05710700    0.72821200    1.57560000   -0.38243600
   -6.34586700    0.00000000    0.00000000
    0.43354400   -0.14643300    0.21882600   -1.06791300   -2.76188100
    2.97416800    0.00000000    0.00000000
    0.32494700   -0.06736500   -0.49322300   -1.31008300    2.15975600
    1.41665700    0.00000000    0.00000000
    0.09234200   -0.06825400   -0.83819200    1.19114700    0.67615100
   -3.39692200    0.00000000    0.00000000
    0.00896400    0.40310300    0.39840100    0.55051600   -1.62151700
    2.17013500    0.00000000    0.00000000
    0.00118500    0.50266800    0.66458900   -0.71878800    0.42916400
   -0.05908100    0.00000000    0.00000000
    0.00010400    0.26129100    0.03301100   -0.15744100    0.40017800
   -0.60399500    1.00000000    0.00000000
    0.00000000    0.00000000    0.00000000    0.00000000    0.00000000
    0.00000000    0.00000000    1.00000000

   89.989649   33.132961   15.879656    7.465803    3.551993
    1.728185    0.850498    0.417673    0.201523    0.100711
    0.058959    0.027000

    0.00005100   -0.00003800    0.00012800    0.00004500    0.00186400
    0.00000000    0.00000000
    0.00480400   -0.00459000    0.00665200   -0.01039400   -0.03115700
    0.00000000    0.00000000
    0.02948500   -0.02756300    0.04463500   -0.05505100   -0.04978300
    0.00000000    0.00000000
    0.08624900   -0.08277500    0.12255900   -0.17145700   -0.53262200
    0.00000000    0.00000000
    0.17972800   -0.17349400    0.31114700   -0.51992200   -0.46373800
    0.00000000    0.00000000
    0.26185000   -0.23618800    0.28881300    0.09902600    1.44037300
    0.00000000    0.00000000
    0.29179400   -0.14922600   -0.14224600    0.82933200   -0.38405900
    0.00000000    0.00000000
    0.25935600    0.04414500   -0.61373700   -0.07090800   -0.78370500
    0.00000000    0.00000000
    0.17494400    0.39050000   -0.12391600   -0.47117100    0.10773300
    0.00000000    0.00000000
    0.06227800    0.20306400   -0.02023500   -0.87878900    1.43533300
    0.00000000    0.00000000
    0.02765300    0.39800200    0.73325900    1.21174700   -1.21509400
    1.00000000    0.00000000
    0.00000000    0.00000000    0.00000000    0.00000000    0.00000000
    0.00000000    1.00000000

    5.194245    1.817778    0.636150    0.222627    0.077911

    0.00000000    0.00000000    0.00000000    0.00000000    1.00000000
    0.00000000    0.00000000    0.00000000    1.00000000    0.00000000
    0.00000000    0.00000000    1.00000000    0.00000000    0.00000000
    0.00000000    1.00000000    0.00000000    0.00000000    0.00000000
    1.00000000    0.00000000    0.00000000    0.00000000    0.00000000

    4.222190    1.547265    0.567011    0.207787

    0.00000000    0.00000000    0.00000000    1.00000000
    0.00000000    0.00000000    1.00000000    0.00000000
    0.00000000    1.00000000    0.00000000    0.00000000
    1.00000000    0.00000000    0.00000000    0.00000000

    3.733326    1.277114    0.436881

    0.00000000    0.00000000    1.00000000
    0.00000000    1.00000000    0.00000000
    1.00000000    0.00000000    0.00000000

    3.121626    1.400000

    0.00000000    1.00000000
    1.00000000    0.00000000

V:aug-cc-pVDZ-ccECP
ccECP aug-cc-pVDZ for V | source recipes/V/ccECP/V.aug-cc-pVDZ.gamess | ccECP from A. Annaberdiyev et al. Journal of Chemical Physics 149, 134108 (2018) https://doi.org/10.1063/1.5040472

  4
    0    1    2    3
    5    5    4    2
   14   14   12    2

   68.577621   34.937147   17.939491   11.262123    6.776264
    3.524091    1.938421    0.927153    0.448420    0.209668
    0.103660    0.050630    0.024201    0.012000

    0.00080400   -0.00017700   -0.00058300    0.00000000    0.00000000
   -0.01159400    0.00279100    0.00957000    0.00000000    0.00000000
    0.09220900   -0.02365000   -0.08560600    0.00000000    0.00000000
   -0.04547700    0.01250400    0.04842600    0.00000000    0.00000000
   -0.28798300    0.07876100    0.33123900    0.00000000    0.00000000
   -0.21764800    0.05497400    0.14035200    0.00000000    0.00000000
    0.40750900   -0.11895500   -0.90796200    0.00000000    0.00000000
    0.65819300   -0.24534100   -0.50387800    0.00000000    0.00000000
    0.25523400   -0.22295900    0.39893800    0.00000000    0.00000000
    0.00862000    0.04780900    0.97113100    0.00000000    0.00000000
    0.00273400    0.41537400    0.42399900    0.00000000    0.00000000
   -0.00116100    0.54088000   -0.62864600    0.00000000    0.00000000
    0.00029400    0.18342100   -0.46749500    1.00000000    0.00000000
    0.00000000    0.00000000    0.00000000    0.00000000    1.00000000

   96.215967   49.579340   25.638009   14.025942    8.740334
    4.634840    2.553374    1.321166    0.681285    0.349458
    0.172773    0.063300    0.033969    0.016000

    0.00006900    0.00004000   -0.00005300    0.00000000    0.00000000
   -0.00067200   -0.00013300    0.00002300    0.00000000    0.00000000
    0.00819900   -0.00095500    0.00462900    0.00000000    0.00000000
   -0.02710800    0.00371900   -0.00775500    0.00000000    0.00000000
   -0.05302100    0.01886600   -0.10413300    0.00000000    0.00000000
    0.00500200   -0.01207400   -0.01776200    0.00000000    0.00000000
    0.26198600   -0.05710700    0.72821200    0.00000000    0.00000000
    0.43354400   -0.14643300    0.21882600    0.00000000    0.00000000
    0.32494700   -0.06736500   -0.49322300    0.00000000    0.00000000
    0.09234200   -0.06825400   -0.83819200    0.00000000    0.00000000
    0.00896400    0.40310300    0.39840100    0.00000000    0.00000000
    0.00118500    0.50266800    0.66458900    0.00000000    0.00000000
    0.00010400    0.26129100    0.03301100    1.00000000    0.00000000
    0.00000000    0.00000000    0.00000000    0.00000000    1.00000000

   89.989649   33.132961   15.879656    7.465803    3.551993
    1.728185    0.850498    0.417673    0.201523    0.100711
    0.058959    0.027000

    0.00005100   -0.00003800    0.00000000    0.00000000
    0.00480400   -0.00459000    0.00000000    0.00000000
    0.02948500   -0.02756300    0.00000000    0.00000000
    0.08624900   -0.08277500    0.00000000    0.00000000
    0.17972800   -0.17349400    0.00000000    0.00000000
    0.26185000   -0.23618800    0.00000000    0.00000000
    0.29179400   -0.14922600    0.00000000    0.00000000
    0.25935600    0.04414500    0.00000000    0.00000000
    0.17494400    0.39050000    0.00000000    0.00000000
    0.06227800    0.20306400    0.00000000    0.00000000
    0.02765300    0.39800200    1.00000000    0.00000000
    0.00000000    0.00000000    0.00000000    1.00000000

    1.138450    0.308388

    0.00000000    1.00000000
    1.00000000    0.00000000

V:aug-cc-pVQZ-ccECP
ccECP aug-cc-pVQZ for V | source recipes/V/ccECP/V.aug-cc-pVQZ.gamess | ccECP from A. Annaberdiyev et al. Journal of Chemical Physics 149, 134108 (2018) https://doi.org/10.1063/1.5040472

  6
    0    1    2    3    4    5
    7    7    6    4    3    2
   14   14   12    4    3    2

   68.577621   34.937147   17.939491   11.262123    6.776264
    3.524091    1.938421    0.927153    0.448420    0.209668
    0.103660    0.050630    0.024201    0.012000

    0.00080400   -0.00017700   -0.00058300   -0.00076500   -0.00356700
    0.00000000    0.00000000
   -0.01159400    0.00279100    0.00957000    0.01452900    0.01000700
    0.00000000    0.00000000
    0.09220900   -0.02365000   -0.08560600   -0.13961800    0.04020200
    0.00000000    0.00000000
   -0.04547700    0.01250400    0.04842600    0.06307300    0.34329500
    0.00000000    0.00000000
   -0.28798300    0.07876100    0.33123900    0.70419300   -2.09702200
    0.00000000    0.00000000
   -0.21764800    0.05497400    0.14035200   -0.01160200    2.80403900
    0.00000000    0.00000000
    0.40750900   -0.11895500   -0.90796200   -2.31160400    1.20663800
    0.00000000    0.00000000
    0.65819300   -0.24534100   -0.50387800    0.76826900   -4.50572400
    0.00000000    0.00000000
    0.25523400   -0.22295900    0.39893800    2.16892000    2.15832500
    0.00000000    0.00000000
    0.00862000    0.04780900    0.97113100   -1.06267100    2.12989200
    0.00000000    0.00000000
    0.00273400    0.41537400    0.42399900   -1.21815100   -2.26503700
    0.00000000    0.00000000
   -0.00116100    0.54088000   -0.62864600    0.34080900   -0.68105100
    0.00000000    0.00000000
    0.00029400    0.18342100   -0.46749500    0.71332200    1.25786200
    1.00000000    0.00000000
    0.00000000    0.00000000    0.00000000    0.00000000    0.00000000
    0.00000000    1.00000000

   96.215967   49.579340   25.638009   14.025942    8.740334
    4.634840    2.553374    1.321166    0.681285    0.349458
    0.172773    0.063300    0.033969    0.016000

    0.00006900    0.00004000   -0.00005300   -0.00126200   -0.00478000
    0.00000000    0.00000000
   -0.00067200   -0.00013300    0.00002300    0.00641900    0.02531200
    0.00000000    0.00000000
    0.00819900   -0.00095500    0.00462900   -0.02122900   -0.09426700
    0.00000000    0.00000000
   -0.02710800    0.00371900   -0.00775500    0.11577700    0.43789600
    0.00000000    0.00000000
   -0.05302100    0.01886600   -0.10413300   -0.42074000   -1.44316600
    0.00000000    0.00000000
    0.00500200   -0.01207400   -0.01776200    0.19774200    2.63678000
    0.00000000    0.00000000
    0.26198600   -0.05710700    0.72821200    1.57560000   -0.38243600
    0.00000000    0.00000000
    0.43354400   -0.14643300    0.21882600   -1.06791300   -2.76188100
    0.00000000    0.00000000
    0.32494700   -0.06736500   -0.49322300   -1.31008300    2.15975600
    0.00000000    0.00000000
    0.09234200   -0.06825400   -0.83819200    1.19114700    0.67615100
    0.00000000    0.00000000
    0.00896400    0.40310300    0.39840100    0.55051600   -1.62151700
    0.00000000    0.00000000
    0.00118500    0.50266800    0.66458900   -0.71878800    0.42916400
    0.00000000    0.00000000
    0.00010400    0.26129100    0.03301100   -0.15744100    0.40017800
    1.00000000    0.00000000
    0.00000000    0.00000000    0.00000000    0.00000000    0.00000000
    0.00000000    1.00000000

   89.989649   33.132961   15.879656    7.465803    3.551993
    1.728185    0.850498    0.417673    0.201523    0.100711
    0.058959    0.027000

    0.00005100   -0.00003800    0.00012800    0.00004500    0.00000000
    0.00000000
    0.00480400   -0.00459000    0.00665200   -0.01039400    0.00000000
    0.00000000
    0.02948500   -0.02756300    0.04463500   -0.05505100    0.00000000
    0.00000000
    0.08624900   -0.08277500    0.12255900   -0.17145700    0.00000000
    0.00000000
    0.17972800   -0.17349400    0.31114700   -0.51992200    0.00000000
    0.00000000
    0.26185000   -0.23618800    0.28881300    0.09902600    0.00000000
    0.00000000
    0.29179400   -0.14922600   -0.14224600    0.82933200    0.00000000
    0.00000000
    0.25935600    0.04414500   -0.61373700   -0.07090800    0.00000000
    0.00000000
    0.17494400    0.39050000   -0.12391600   -0.47117100    0.00000000
    0.00000000
    0.06227800    0.20306400   -0.02023500   -0.87878900    0.00000000
    0.00000000
    0.02765300    0.39800200    0.73325900    1.21174700    1.00000000
    0.00000000
    0.00000000    0.00000000    0.00000000    0.00000000    0.00000000
    1.00000000

    3.419885    1.028253    0.309164    0.092956

    0.00000000    0.00000000    0.00000000    1.00000000
    0.00000000    0.00000000    1.00000000    0.00000000
    0.00000000    1.00000000    0.00000000    0.00000000
    1.00000000    0.00000000    0.00000000    0.00000000

    3.081804    0.946128    0.290466

    0.00000000    0.00000000    1.00000000
    0.00000000    1.00000000    0.00000000
    1.00000000    0.00000000    0.00000000

    2.514905    0.913918

    0.00000000    1.00000000
    1.00000000    0.00000000

V:aug-cc-pVTZ-ccECP
ccECP aug-cc-pVTZ for V | source recipes/V/ccECP/V.aug-cc-pVTZ.gamess | ccECP from A. Annaberdiyev et al. Journal of Chemical Physics 149, 134108 (2018) https://doi.org/10.1063/1.5040472

  5
    0    1    2    3    4
    6    6    5    3    2
   14   14   12    3    2

   68.577621   34.937147   17.939491   11.262123    6.776264
    3.524091    1.938421    0.927153    0.448420    0.209668
    0.103660    0.050630    0.024201    0.012000

    0.00080400   -0.00017700   -0.00058300   -0.00076500    0.00000000
    0.00000000
   -0.01159400    0.00279100    0.00957000    0.01452900    0.00000000
    0.00000000
    0.09220900   -0.02365000   -0.08560600   -0.13961800    0.00000000
    0.00000000
   -0.04547700    0.01250400    0.04842600    0.06307300    0.00000000
    0.00000000
   -0.28798300    0.07876100    0.33123900    0.70419300    0.00000000
    0.00000000
   -0.21764800    0.05497400    0.14035200   -0.01160200    0.00000000
    0.00000000
    0.40750900   -0.11895500   -0.90796200   -2.31160400    0.00000000
    0.00000000
    0.65819300   -0.24534100   -0.50387800    0.76826900    0.00000000
    0.00000000
    0.25523400   -0.22295900    0.39893800    2.16892000    0.00000000
    0.00000000
    0.00862000    0.04780900    0.97113100   -1.06267100    0.00000000
    0.00000000
    0.00273400    0.41537400    0.42399900   -1.21815100    0.00000000
    0.00000000
   -0.00116100    0.54088000   -0.62864600    0.34080900    0.00000000
    0.00000000
    0.00029400    0.18342100   -0.46749500    0.71332200    1.00000000
    0.00000000
    0.00000000    0.00000000    0.00000000    0.00000000    0.00000000
    1.00000000

   96.215967   49.579340   25.638009   14.025942    8.740334
    4.634840    2.553374    1.321166    0.681285    0.349458
    0.172773    0.063300    0.033969    0.016000

    0.00006900    0.00004000   -0.00005300   -0.00126200    0.00000000
    0.00000000
   -0.00067200   -0.00013300    0.00002300    0.00641900    0.00000000
    0.00000000
    0.00819900   -0.00095500    0.00462900   -0.02122900    0.00000000
    0.00000000
   -0.02710800    0.00371900   -0.00775500    0.11577700    0.00000000
    0.00000000
   -0.05302100    0.01886600   -0.10413300   -0.42074000    0.00000000
    0.00000000
    0.00500200   -0.01207400   -0.01776200    0.19774200    0.00000000
    0.00000000
    0.26198600   -0.05710700    0.72821200    1.57560000    0.00000000
    0.00000000
    0.43354400   -0.14643300    0.21882600   -1.06791300    0.00000000
    0.00000000
    0.32494700   -0.06736500   -0.49322300   -1.31008300    0.00000000
    0.00000000
    0.09234200   -0.06825400   -0.83819200    1.19114700    0.00000000
    0.00000000
    0.00896400    0.40310300    0.39840100    0.55051600    0.00000000
    0.00000000
    0.00118500    0.50266800    0.66458900   -0.71878800    0.00000000
    0.00000000
    0.00010400    0.26129100    0.03301100   -0.15744100    1.00000000
    0.00000000
    0.00000000    0.00000000    0.00000000    0.00000000    0.00000000
    1.00000000

   89.989649   33.132961   15.879656    7.465803    3.551993
    1.728185    0.850498    0.417673    0.201523    0.100711
    0.058959    0.027000

    0.00005100   -0.00003800    0.00012800    0.00000000    0.00000000
    0.00480400   -0.00459000    0.00665200    0.00000000    0.00000000
    0.02948500   -0.02756300    0.04463500    0.00000000    0.00000000
    0.08624900   -0.08277500    0.12255900    0.00000000    0.00000000
    0.17972800   -0.17349400    0.31114700    0.00000000    0.00000000
    0.26185000   -0.23618800    0.28881300    0.00000000    0.00000000
    0.29179400   -0.14922600   -0.14224600    0.00000000    0.00000000
    0.25935600    0.04414500   -0.61373700    0.00000000    0.00000000
    0.17494400    0.39050000   -0.12391600    0.00000000    0.00000000
    0.06227800    0.20306400   -0.02023500    0.00000000    0.00000000
    0.02765300    0.39800200    0.73325900    1.00000000    0.00000000
    0.00000000    0.00000000    0.00000000    0.00000000    1.00000000

    2.328788    0.552620    0.131136

    0.00000000    0.00000000    1.00000000
    0.00000000    1.00000000    0.00000000
    1.00000000    0.00000000    0.00000000

    1.977796    0.616440

    0.00000000    1.00000000
    1.00000000    0.00000000

V:cc-pCV5Z-ccECP
ccECP cc-pCV5Z for V | source recipes/V/ccECP/V.cc-pCV5Z.gamess | ccECP from A. Annaberdiyev et al. Journal of Chemical Physics 149, 134108 (2018) https://doi.org/10.1063/1.5040472

  7
    0    1    2    3    4    5    6
    9    9    8    5    4    3    1
   15   15   13    5    4    3    1

   68.577621   34.937147   17.939491   11.262123    6.776264
    3.524091    2.245459    1.938421    1.067978    0.927153
    0.448420    0.209668    0.103660    0.050630    0.024201

    0.00080400   -0.00017700   -0.00058300   -0.00076500   -0.00356700
   -0.00349500    0.00000000    0.00000000    0.00000000
   -0.01159400    0.00279100    0.00957000    0.01452900    0.01000700
    0.00042500    0.00000000    0.00000000    0.00000000
    0.09220900   -0.02365000   -0.08560600   -0.13961800    0.04020200
    0.17364100    0.00000000    0.00000000    0.00000000
   -0.04547700    0.01250400    0.04842600    0.06307300    0.34329500
    0.27067600    0.00000000    0.00000000    0.00000000
   -0.28798300    0.07876100    0.33123900    0.70419300   -2.09702200
   -3.72961400    0.00000000    0.00000000    0.00000000
   -0.21764800    0.05497400    0.14035200   -0.01160200    2.80403900
    9.16051900    0.00000000    0.00000000    0.00000000
    0.00000000    0.00000000    0.00000000    0.00000000    0.00000000
    0.00000000    0.00000000    0.00000000    1.00000000
    0.40750900   -0.11895500   -0.90796200   -2.31160400    1.20663800
   -7.57229300    0.00000000    0.00000000    0.00000000
    0.00000000    0.00000000    0.00000000    0.00000000    0.00000000
    0.00000000    0.00000000    1.00000000    0.00000000
    0.65819300   -0.24534100   -0.50387800    0.76826900   -4.50572400
   -0.10606800    0.00000000    0.00000000    0.00000000
    0.25523400   -0.22295900    0.39893800    2.16892000    2.15832500
    5.60709100    0.00000000    0.00000000    0.00000000
    0.00862000    0.04780900    0.97113100   -1.06267100    2.12989200
   -6.00811100    0.00000000    0.00000000    0.00000000
    0.00273400    0.41537400    0.42399900   -1.21815100   -2.26503700
    1.90641600    0.00000000    0.00000000    0.00000000
   -0.00116100    0.54088000   -0.62864600    0.34080900   -0.68105100
    1.90268500    0.00000000    0.00000000    0.00000000
    0.00029400    0.18342100   -0.46749500    0.71332200    1.25786200
   -1.57531500    1.00000000    0.00000000    0.00000000

   96.215967   49.579340   25.638009   14.025942    8.740334
    4.992590    4.634840    3.214499    2.553374    1.321166
    0.681285    0.349458    0.172773    0.063300    0.033969

    0.00006900    0.00004000   -0.00005300   -0.00126200   -0.00478000
    0.00319600    0.00000000    0.00000000    0.00000000
   -0.00067200   -0.00013300    0.00002300    0.00641900    0.02531200
   -0.01674000    0.00000000    0.00000000    0.00000000
    0.00819900   -0.00095500    0.00462900   -0.02122900   -0.09426700
    0.07050700    0.00000000    0.00000000    0.00000000
   -0.02710800    0.00371900   -0.00775500    0.11577700    0.43789600
   -0.16152300    0.00000000    0.00000000    0.00000000
   -0.05302100    0.01886600   -0.10413300   -0.42074000   -1.44316600
   -0.90376500    0.00000000    0.00000000    0.00000000
    0.00000000    0.00000000    0.00000000    0.00000000    0.00000000
    0.00000000    0.00000000    0.00000000    1.00000000
    0.00500200   -0.01207400   -0.01776200    0.19774200    2.63678000
    4.91640900    0.00000000    0.00000000    0.00000000
    0.00000000    0.00000000    0.00000000    0.00000000    0.00000000
    0.00000000    0.00000000    1.00000000    0.00000000
    0.26198600   -0.05710700    0.72821200    1.57560000   -0.38243600
   -6.34586700    0.00000000    0.00000000    0.00000000
    0.43354400   -0.14643300    0.21882600   -1.06791300   -2.76188100
    2.97416800    0.00000000    0.00000000    0.00000000
    0.32494700   -0.06736500   -0.49322300   -1.31008300    2.15975600
    1.41665700    0.00000000    0.00000000    0.00000000
    0.09234200   -0.06825400   -0.83819200    1.19114700    0.67615100
   -3.39692200    0.00000000    0.00000000    0.00000000
    0.00896400    0.40310300    0.39840100    0.55051600   -1.62151700
    2.17013500    0.00000000    0.00000000    0.00000000
    0.00118500    0.50266800    0.66458900   -0.71878800    0.42916400
   -0.05908100    0.00000000    0.00000000    0.00000000
    0.00010400    0.26129100    0.03301100   -0.15744100    0.40017800
   -0.60399500    1.00000000    0.00000000    0.00000000

   89.989649   33.132961   15.879656    7.465803    3.551993
    3.250980    2.938037    1.728185    0.850498    0.417673
    0.201523    0.100711    0.058959

    0.00005100   -0.00003800    0.00012800    0.00004500    0.00186400
    0.00000000    0.00000000    0.00000000
    0.00480400   -0.00459000    0.00665200   -0.01039400   -0.03115700
    0.00000000    0.00000000    0.00000000
    0.02948500   -0.02756300    0.04463500   -0.05505100   -0.04978300
    0.00000000    0.00000000    0.00000000
    0.08624900   -0.08277500    0.12255900   -0.17145700   -0.53262200
    0.00000000    0.00000000    0.00000000
    0.17972800   -0.17349400    0.31114700   -0.51992200   -0.46373800
    0.00000000    0.00000000    0.00000000
    0.00000000    0.00000000    0.00000000    0.00000000    0.00000000
    0.00000000    0.00000000    1.00000000
    0.00000000    0.00000000    0.00000000    0.00000000    0.00000000
    0.00000000    1.00000000    0.00000000
    0.26185000   -0.23618800    0.28881300    0.09902600    1.44037300
    0.00000000    0.00000000    0.00000000
    0.29179400   -0.14922600   -0.14224600    0.82933200   -0.38405900
    0.00000000    0.00000000    0.00000000
    0.25935600    0.04414500   -0.61373700   -0.07090800   -0.78370500
    0.00000000    0.00000000    0.00000000
    0.17494400    0.39050000   -0.12391600   -0.47117100    0.10773300
    0.00000000    0.00000000    0.00000000
    0.06227800    0.20306400   -0.02023500   -0.87878900    1.43533300
    0.00000000    0.00000000    0.00000000
    0.02765300    0.39800200    0.73325900    1.21174700   -1.21509400
    1.00000000    0.00000000    0.00000000

    5.194245    3.099663    1.817778    0.636150    0.222627

    0.00000000    0.00000000    0.00000000    1.00000000    0.00000000
    0.00000000    0.00000000    0.00000000    0.00000000    1.00000000
    0.00000000    0.00000000    1.00000000    0.00000000    0.00000000
    0.00000000    1.00000000    0.00000000    0.00000000    0.00000000
    1.00000000    0.00000000    0.00000000    0.00000000    0.00000000

    4.222190    3.704309    1.547265    0.567011

    0.00000000    0.00000000    1.00000000    0.00000000
    0.00000000    0.00000000    0.00000000    1.00000000
    0.00000000    1.00000000    0.00000000    0.00000000
    1.00000000    0.00000000    0.00000000    0.00000000

    4.527979    3.733326    1.277114

    0.00000000    0.00000000    1.00000000
    0.00000000    1.00000000    0.00000000
    1.00000000    0.00000000    0.00000000

    3.121626

    1.00000000

V:cc-pCVDZ-ccECP
ccECP cc-pCVDZ for V | source recipes/V/ccECP/V.cc-pCVDZ.gamess | ccECP from A. Annaberdiyev et al. Journal of Chemical Physics 149, 134108 (2018) https://doi.org/10.1063/1.5040472

  4
    0    1    2    3
    6    6    5    2
   15   15   13    2

   68.577621   34.937147   17.939491   11.262123    6.776264
    3.524091    2.619861    1.938421    0.927153    0.736615
    0.448420    0.209668    0.103660    0.050630    0.024201

    0.00080400   -0.00017700   -0.00058300    0.00000000    0.00000000
    0.00000000
   -0.01159400    0.00279100    0.00957000    0.00000000    0.00000000
    0.00000000
    0.09220900   -0.02365000   -0.08560600    0.00000000    0.00000000
    0.00000000
   -0.04547700    0.01250400    0.04842600    0.00000000    0.00000000
    0.00000000
   -0.28798300    0.07876100    0.33123900    0.00000000    0.00000000
    0.00000000
   -0.21764800    0.05497400    0.14035200    0.00000000    0.00000000
    0.00000000
    0.00000000    0.00000000    0.00000000    0.00000000    0.00000000
    1.00000000
    0.40750900   -0.11895500   -0.90796200    0.00000000    0.00000000
    0.00000000
    0.65819300   -0.24534100   -0.50387800    0.00000000    0.00000000
    0.00000000
    0.00000000    0.00000000    0.00000000    0.00000000    1.00000000
    0.00000000
    0.25523400   -0.22295900    0.39893800    0.00000000    0.00000000
    0.00000000
    0.00862000    0.04780900    0.97113100    0.00000000    0.00000000
    0.00000000
    0.00273400    0.41537400    0.42399900    0.00000000    0.00000000
    0.00000000
   -0.00116100    0.54088000   -0.62864600    0.00000000    0.00000000
    0.00000000
    0.00029400    0.18342100   -0.46749500    1.00000000    0.00000000
    0.00000000

   96.215967   49.579340   25.638009   14.025942    8.740334
    4.634840    4.004062    2.553374    1.321166    0.973954
    0.681285    0.349458    0.172773    0.063300    0.033969

    0.00006900    0.00004000   -0.00005300    0.00000000    0.00000000
    0.00000000
   -0.00067200   -0.00013300    0.00002300    0.00000000    0.00000000
    0.00000000
    0.00819900   -0.00095500    0.00462900    0.00000000    0.00000000
    0.00000000
   -0.02710800    0.00371900   -0.00775500    0.00000000    0.00000000
    0.00000000
   -0.05302100    0.01886600   -0.10413300    0.00000000    0.00000000
    0.00000000
    0.00500200   -0.01207400   -0.01776200    0.00000000    0.00000000
    0.00000000
    0.00000000    0.00000000    0.00000000    0.00000000    0.00000000
    1.00000000
    0.26198600   -0.05710700    0.72821200    0.00000000    0.00000000
    0.00000000
    0.43354400   -0.14643300    0.21882600    0.00000000    0.00000000
    0.00000000
    0.00000000    0.00000000    0.00000000    0.00000000    1.00000000
    0.00000000
    0.32494700   -0.06736500   -0.49322300    0.00000000    0.00000000
    0.00000000
    0.09234200   -0.06825400   -0.83819200    0.00000000    0.00000000
    0.00000000
    0.00896400    0.40310300    0.39840100    0.00000000    0.00000000
    0.00000000
    0.00118500    0.50266800    0.66458900    0.00000000    0.00000000
    0.00000000
    0.00010400    0.26129100    0.03301100    1.00000000    0.00000000
    0.00000000

   89.989649   33.132961   15.879656    7.465803    3.551993
    1.799378    1.728185    0.850498    0.749306    0.417673
    0.201523    0.100711    0.058959

    0.00005100   -0.00003800    0.00000000    0.00000000    0.00000000
    0.00480400   -0.00459000    0.00000000    0.00000000    0.00000000
    0.02948500   -0.02756300    0.00000000    0.00000000    0.00000000
    0.08624900   -0.08277500    0.00000000    0.00000000    0.00000000
    0.17972800   -0.17349400    0.00000000    0.00000000    0.00000000
    0.00000000    0.00000000    0.00000000    0.00000000    1.00000000
    0.26185000   -0.23618800    0.00000000    0.00000000    0.00000000
    0.29179400   -0.14922600    0.00000000    0.00000000    0.00000000
    0.00000000    0.00000000    0.00000000    1.00000000    0.00000000
    0.25935600    0.04414500    0.00000000    0.00000000    0.00000000
    0.17494400    0.39050000    0.00000000    0.00000000    0.00000000
    0.06227800    0.20306400    0.00000000    0.00000000    0.00000000
    0.02765300    0.39800200    1.00000000    0.00000000    0.00000000

    3.352552    1.138450

    0.00000000    1.00000000
    1.00000000    0.00000000

V:cc-pCVQZ-ccECP
ccECP cc-pCVQZ for V | source recipes/V/ccECP/V.cc-pCVQZ.gamess | ccECP from A. Annaberdiyev et al. Journal of Chemical Physics 149, 134108 (2018) https://doi.org/10.1063/1.5040472

  6
    0    1    2    3    4    5
    8    8    7    4    3    2
   15   15   13    4    3    2

   68.577621   34.937147   17.939491   11.262123    6.776264
    3.524091    1.938421    1.521457    0.927153    0.820525
    0.448420    0.209668    0.103660    0.050630    0.024201

    0.00080400   -0.00017700   -0.00058300   -0.00076500   -0.00356700
    0.00000000    0.00000000    0.00000000
   -0.01159400    0.00279100    0.00957000    0.01452900    0.01000700
    0.00000000    0.00000000    0.00000000
    0.09220900   -0.02365000   -0.08560600   -0.13961800    0.04020200
    0.00000000    0.00000000    0.00000000
   -0.04547700    0.01250400    0.04842600    0.06307300    0.34329500
    0.00000000    0.00000000    0.00000000
   -0.28798300    0.07876100    0.33123900    0.70419300   -2.09702200
    0.00000000    0.00000000    0.00000000
   -0.21764800    0.05497400    0.14035200   -0.01160200    2.80403900
    0.00000000    0.00000000    0.00000000
    0.40750900   -0.11895500   -0.90796200   -2.31160400    1.20663800
    0.00000000    0.00000000    0.00000000
    0.00000000    0.00000000    0.00000000    0.00000000    0.00000000
    0.00000000    0.00000000    1.00000000
    0.65819300   -0.24534100   -0.50387800    0.76826900   -4.50572400
    0.00000000    0.00000000    0.00000000
    0.00000000    0.00000000    0.00000000    0.00000000    0.00000000
    0.00000000    1.00000000    0.00000000
    0.25523400   -0.22295900    0.39893800    2.16892000    2.15832500
    0.00000000    0.00000000    0.00000000
    0.00862000    0.04780900    0.97113100   -1.06267100    2.12989200
    0.00000000    0.00000000    0.00000000
    0.00273400    0.41537400    0.42399900   -1.21815100   -2.26503700
    0.00000000    0.00000000    0.00000000
   -0.00116100    0.54088000   -0.62864600    0.34080900   -0.68105100
    0.00000000    0.00000000    0.00000000
    0.00029400    0.18342100   -0.46749500    0.71332200    1.25786200
    1.00000000    0.00000000    0.00000000

   96.215967   49.579340   25.638009   14.025942    8.740334
    5.892088    4.634840    2.553374    2.371806    1.321166
    0.681285    0.349458    0.172773    0.063300    0.033969

    0.00006900    0.00004000   -0.00005300   -0.00126200   -0.00478000
    0.00000000    0.00000000    0.00000000
   -0.00067200   -0.00013300    0.00002300    0.00641900    0.02531200
    0.00000000    0.00000000    0.00000000
    0.00819900   -0.00095500    0.00462900   -0.02122900   -0.09426700
    0.00000000    0.00000000    0.00000000
   -0.02710800    0.00371900   -0.00775500    0.11577700    0.43789600
    0.00000000    0.00000000    0.00000000
   -0.05302100    0.01886600   -0.10413300   -0.42074000   -1.44316600
    0.00000000    0.00000000    0.00000000
    0.00000000    0.00000000    0.00000000    0.00000000    0.00000000
    0.00000000    0.00000000    1.00000000
    0.00500200   -0.01207400   -0.01776200    0.19774200    2.63678000
    0.00000000    0.00000000    0.00000000
    0.26198600   -0.05710700    0.72821200    1.57560000   -0.38243600
    0.00000000    0.00000000    0.00000000
    0.00000000    0.00000000    0.00000000    0.00000000    0.00000000
    0.00000000    1.00000000    0.00000000
    0.43354400   -0.14643300    0.21882600   -1.06791300   -2.76188100
    0.00000000    0.00000000    0.00000000
    0.32494700   -0.06736500   -0.49322300   -1.31008300    2.15975600
    0.00000000    0.00000000    0.00000000
    0.09234200   -0.06825400   -0.83819200    1.19114700    0.67615100
    0.00000000    0.00000000    0.00000000
    0.00896400    0.40310300    0.39840100    0.55051600   -1.62151700
    0.00000000    0.00000000    0.00000000
    0.00118500    0.50266800    0.66458900   -0.71878800    0.42916400
    0.00000000    0.00000000    0.00000000
    0.00010400    0.26129100    0.03301100   -0.15744100    0.40017800
    1.00000000    0.00000000    0.00000000

   89.989649   33.132961   15.879656    7.465803    3.551993
    3.248775    2.679882    1.728185    0.850498    0.417673
    0.201523    0.100711    0.058959

    0.00005100   -0.00003800    0.00012800    0.00004500    0.00000000
    0.00000000    0.00000000
    0.00480400   -0.00459000    0.00665200   -0.01039400    0.00000000
    0.00000000    0.00000000
    0.02948500   -0.02756300    0.04463500   -0.05505100    0.00000000
    0.00000000    0.00000000
    0.08624900   -0.08277500    0.12255900   -0.17145700    0.00000000
    0.00000000    0.00000000
    0.17972800   -0.17349400    0.31114700   -0.51992200    0.00000000
    0.00000000    0.00000000
    0.00000000    0.00000000    0.00000000    0.00000000    0.00000000
    0.00000000    1.00000000
    0.00000000    0.00000000    0.00000000    0.00000000    0.00000000
    1.00000000    0.00000000
    0.26185000   -0.23618800    0.28881300    0.09902600    0.00000000
    0.00000000    0.00000000
    0.29179400   -0.14922600   -0.14224600    0.82933200    0.00000000
    0.00000000    0.00000000
    0.25935600    0.04414500   -0.61373700   -0.07090800    0.00000000
    0.00000000    0.00000000
    0.17494400    0.39050000   -0.12391600   -0.47117100    0.00000000
    0.00000000    0.00000000
    0.06227800    0.20306400   -0.02023500   -0.87878900    0.00000000
    0.00000000    0.00000000
    0.02765300    0.39800200    0.73325900    1.21174700    1.00000000
    0.00000000    0.00000000

    3.419885    2.371670    1.028253    0.309164

    0.00000000    0.00000000    1.00000000    0.00000000
    0.00000000    0.00000000    0.00000000    1.00000000
    0.00000000    1.00000000    0.00000000    0.00000000
    1.00000000    0.00000000    0.00000000    0.00000000

    3.899112    3.081804    0.946128

    0.00000000    0.00000000    1.00000000
    0.00000000    1.00000000    0.00000000
    1.00000000    0.00000000    0.00000000

    4.872470    2.514905

    0.00000000    1.00000000
    1.00000000    0.00000000

V:cc-pCVTZ-ccECP
ccECP cc-pCVTZ for V | source recipes/V/ccECP/V.cc-pCVTZ.gamess | ccECP from A. Annaberdiyev et al. Journal of Chemical Physics 149, 134108 (2018) https://doi.org/10.1063/1.5040472

  5
    0    1    2    3    4
    7    7    6    3    2
   15   15   13    3    2

   68.577621   34.937147   17.939491   11.262123    6.776264
    3.524091    1.938421    1.490795    0.927153    0.500174
    0.448420    0.209668    0.103660    0.050630    0.024201

    0.00080400   -0.00017700   -0.00058300   -0.00076500    0.00000000
    0.00000000    0.00000000
   -0.01159400    0.00279100    0.00957000    0.01452900    0.00000000
    0.00000000    0.00000000
    0.09220900   -0.02365000   -0.08560600   -0.13961800    0.00000000
    0.00000000    0.00000000
   -0.04547700    0.01250400    0.04842600    0.06307300    0.00000000
    0.00000000    0.00000000
   -0.28798300    0.07876100    0.33123900    0.70419300    0.00000000
    0.00000000    0.00000000
   -0.21764800    0.05497400    0.14035200   -0.01160200    0.00000000
    0.00000000    0.00000000
    0.40750900   -0.11895500   -0.90796200   -2.31160400    0.00000000
    0.00000000    0.00000000
    0.00000000    0.00000000    0.00000000    0.00000000    0.00000000
    0.00000000    1.00000000
    0.65819300   -0.24534100   -0.50387800    0.76826900    0.00000000
    0.00000000    0.00000000
    0.00000000    0.00000000    0.00000000    0.00000000    0.00000000
    1.00000000    0.00000000
    0.25523400   -0.22295900    0.39893800    2.16892000    0.00000000
    0.00000000    0.00000000
    0.00862000    0.04780900    0.97113100   -1.06267100    0.00000000
    0.00000000    0.00000000
    0.00273400    0.41537400    0.42399900   -1.21815100    0.00000000
    0.00000000    0.00000000
   -0.00116100    0.54088000   -0.62864600    0.34080900    0.00000000
    0.00000000    0.00000000
    0.00029400    0.18342100   -0.46749500    0.71332200    1.00000000
    0.00000000    0.00000000

   96.215967   49.579340   25.638009   14.025942    8.740334
    4.879132    4.634840    2.553374    1.552979    1.321166
    0.681285    0.349458    0.172773    0.063300    0.033969

    0.00006900    0.00004000   -0.00005300   -0.00126200    0.00000000
    0.00000000    0.00000000
   -0.00067200   -0.00013300    0.00002300    0.00641900    0.00000000
    0.00000000    0.00000000
    0.00819900   -0.00095500    0.00462900   -0.02122900    0.00000000
    0.00000000    0.00000000
   -0.02710800    0.00371900   -0.00775500    0.11577700    0.00000000
    0.00000000    0.00000000
   -0.05302100    0.01886600   -0.10413300   -0.42074000    0.00000000
    0.00000000    0.00000000
    0.00000000    0.00000000    0.00000000    0.00000000    0.00000000
    0.00000000    1.00000000
    0.00500200   -0.01207400   -0.01776200    0.19774200    0.00000000
    0.00000000    0.00000000
    0.26198600   -0.05710700    0.72821200    1.57560000    0.00000000
    0.00000000    0.00000000
    0.00000000    0.00000000    0.00000000    0.00000000    0.00000000
    1.00000000    0.00000000
    0.43354400   -0.14643300    0.21882600   -1.06791300    0.00000000
    0.00000000    0.00000000
    0.32494700   -0.06736500   -0.49322300   -1.31008300    0.00000000
    0.00000000    0.00000000
    0.09234200   -0.06825400   -0.83819200    1.19114700    0.00000000
    0.00000000    0.00000000
    0.00896400    0.40310300    0.39840100    0.55051600    0.00000000
    0.00000000    0.00000000
    0.00118500    0.50266800    0.66458900   -0.71878800    0.00000000
    0.00000000    0.00000000
    0.00010400    0.26129100    0.03301100   -0.15744100    1.00000000
    0.00000000    0.00000000

   89.989649   33.132961   15.879656    7.465803    3.551993
    2.740176    1.728185    1.563648    0.850498    0.417673
    0.201523    0.100711    0.058959

    0.00005100   -0.00003800    0.00012800    0.00000000    0.00000000
    0.00000000
    0.00480400   -0.00459000    0.00665200    0.00000000    0.00000000
    0.00000000
    0.02948500   -0.02756300    0.04463500    0.00000000    0.00000000
    0.00000000
    0.08624900   -0.08277500    0.12255900    0.00000000    0.00000000
    0.00000000
    0.17972800   -0.17349400    0.31114700    0.00000000    0.00000000
    0.00000000
    0.00000000    0.00000000    0.00000000    0.00000000    0.00000000
    1.00000000
    0.26185000   -0.23618800    0.28881300    0.00000000    0.00000000
    0.00000000
    0.00000000    0.00000000    0.00000000    0.00000000    1.00000000
    0.00000000
    0.29179400   -0.14922600   -0.14224600    0.00000000    0.00000000
    0.00000000
    0.25935600    0.04414500   -0.61373700    0.00000000    0.00000000
    0.00000000
    0.17494400    0.39050000   -0.12391600    0.00000000    0.00000000
    0.00000000
    0.06227800    0.20306400   -0.02023500    0.00000000    0.00000000
    0.00000000
    0.02765300    0.39800200    0.73325900    1.00000000    0.00000000
    0.00000000

    4.698117    2.328788    0.552620

    0.00000000    0.00000000    1.00000000
    0.00000000    1.00000000    0.00000000
    1.00000000    0.00000000    0.00000000

    4.370840    1.977796

    0.00000000    1.00000000
    1.00000000    0.00000000

V:cc-pV5Z-ccECP
ccECP cc-pV5Z for V | source recipes/V/ccECP/V.cc-pV5Z.gamess | ccECP from A. Annaberdiyev et al. Journal of Chemical Physics 149, 134108 (2018) https://doi.org/10.1063/1.5040472

  7
    0    1    2    3    4    5    6
    7    7    6    4    3    2    1
   13   13   11    4    3    2    1

   68.577621   34.937147   17.939491   11.262123    6.776264
    3.524091    1.938421    0.927153    0.448420    0.209668
    0.103660    0.050630    0.024201

    0.00080400   -0.00017700   -0.00058300   -0.00076500   -0.00356700
   -0.00349500    0.00000000
   -0.01159400    0.00279100    0.00957000    0.01452900    0.01000700
    0.00042500    0.00000000
    0.09220900   -0.02365000   -0.08560600   -0.13961800    0.04020200
    0.17364100    0.00000000
   -0.04547700    0.01250400    0.04842600    0.06307300    0.34329500
    0.27067600    0.00000000
   -0.28798300    0.07876100    0.33123900    0.70419300   -2.09702200
   -3.72961400    0.00000000
   -0.21764800    0.05497400    0.14035200   -0.01160200    2.80403900
    9.16051900    0.00000000
    0.40750900   -0.11895500   -0.90796200   -2.31160400    1.20663800
   -7.57229300    0.00000000
    0.65819300   -0.24534100   -0.50387800    0.76826900   -4.50572400
   -0.10606800    0.00000000
    0.25523400   -0.22295900    0.39893800    2.16892000    2.15832500
    5.60709100    0.00000000
    0.00862000    0.04780900    0.97113100   -1.06267100    2.12989200
   -6.00811100    0.00000000
    0.00273400    0.41537400    0.42399900   -1.21815100   -2.26503700
    1.90641600    0.00000000
   -0.00116100    0.54088000   -0.62864600    0.34080900   -0.68105100
    1.90268500    0.00000000
    0.00029400    0.18342100   -0.46749500    0.71332200    1.25786200
   -1.57531500    1.00000000

   96.215967   49.579340   25.638009   14.025942    8.740334
    4.634840    2.553374    1.321166    0.681285    0.349458
    0.172773    0.063300    0.033969

    0.00006900    0.00004000   -0.00005300   -0.00126200   -0.00478000
    0.00319600    0.00000000
   -0.00067200   -0.00013300    0.00002300    0.00641900    0.02531200
   -0.01674000    0.00000000
    0.00819900   -0.00095500    0.00462900   -0.02122900   -0.09426700
    0.07050700    0.00000000
   -0.02710800    0.00371900   -0.00775500    0.11577700    0.43789600
   -0.16152300    0.00000000
   -0.05302100    0.01886600   -0.10413300   -0.42074000   -1.44316600
   -0.90376500    0.00000000
    0.00500200   -0.01207400   -0.01776200    0.19774200    2.63678000
    4.91640900    0.00000000
    0.26198600   -0.05710700    0.72821200    1.57560000   -0.38243600
   -6.34586700    0.00000000
    0.43354400   -0.14643300    0.21882600   -1.06791300   -2.76188100
    2.97416800    0.00000000
    0.32494700   -0.06736500   -0.49322300   -1.31008300    2.15975600
    1.41665700    0.00000000
    0.09234200   -0.06825400   -0.83819200    1.19114700    0.67615100
   -3.39692200    0.00000000
    0.00896400    0.40310300    0.39840100    0.55051600   -1.62151700
    2.17013500    0.00000000
    0.00118500    0.50266800    0.66458900   -0.71878800    0.42916400
   -0.05908100    0.00000000
    0.00010400    0.26129100    0.03301100   -0.15744100    0.40017800
   -0.60399500    1.00000000

   89.989649   33.132961   15.879656    7.465803    3.551993
    1.728185    0.850498    0.417673    0.201523    0.100711
    0.058959

    0.00005100   -0.00003800    0.00012800    0.00004500    0.00186400
    0.00000000
    0.00480400   -0.00459000    0.00665200   -0.01039400   -0.03115700
    0.00000000
    0.02948500   -0.02756300    0.04463500   -0.05505100   -0.04978300
    0.00000000
    0.08624900   -0.08277500    0.12255900   -0.17145700   -0.53262200
    0.00000000
    0.17972800   -0.17349400    0.31114700   -0.51992200   -0.46373800
    0.00000000
    0.26185000   -0.23618800    0.28881300    0.09902600    1.44037300
    0.00000000
    0.29179400   -0.14922600   -0.14224600    0.82933200   -0.38405900
    0.00000000
    0.25935600    0.04414500   -0.61373700   -0.07090800   -0.78370500
    0.00000000
    0.17494400    0.39050000   -0.12391600   -0.47117100    0.10773300
    0.00000000
    0.06227800    0.20306400   -0.02023500   -0.87878900    1.43533300
    0.00000000
    0.02765300    0.39800200    0.73325900    1.21174700   -1.21509400
    1.00000000

    5.194245    1.817778    0.636150    0.222627

    0.00000000    0.00000000    0.00000000    1.00000000
    0.00000000    0.00000000    1.00000000    0.00000000
    0.00000000    1.00000000    0.00000000    0.00000000
    1.00000000    0.00000000    0.00000000    0.00000000

    4.222190    1.547265    0.567011

    0.00000000    0.00000000    1.00000000
    0.00000000    1.00000000    0.00000000
    1.00000000    0.00000000    0.00000000

    3.733326    1.277114

    0.00000000    1.00000000
    1.00000000    0.00000000

    3.121626

    1.00000000

V:cc-pVDZ-ccECP
ccECP cc-pVDZ for V | source recipes/V/ccECP/V.cc-pVDZ.gamess | ccECP from A. Annaberdiyev et al. Journal of Chemical Physics 149, 134108 (2018) https://doi.org/10.1063/1.5040472

  4
    0    1    2    3
    4    4    3    1
   13   13   11    1

   68.577621   34.937147   17.939491   11.262123    6.776264
    3.524091    1.938421    0.927153    0.448420    0.209668
    0.103660    0.050630    0.024201

    0.00080400   -0.00017700   -0.00058300    0.00000000
   -0.01159400    0.00279100    0.00957000    0.00000000
    0.09220900   -0.02365000   -0.08560600    0.00000000
   -0.04547700    0.01250400    0.04842600    0.00000000
   -0.28798300    0.07876100    0.33123900    0.00000000
   -0.21764800    0.05497400    0.14035200    0.00000000
    0.40750900   -0.11895500   -0.90796200    0.00000000
    0.65819300   -0.24534100   -0.50387800    0.00000000
    0.25523400   -0.22295900    0.39893800    0.00000000
    0.00862000    0.04780900    0.97113100    0.00000000
    0.00273400    0.41537400    0.42399900    0.00000000
   -0.00116100    0.54088000   -0.62864600    0.00000000
    0.00029400    0.18342100   -0.46749500    1.00000000

   96.215967   49.579340   25.638009   14.025942    8.740334
    4.634840    2.553374    1.321166    0.681285    0.349458
    0.172773    0.063300    0.033969

    0.00006900    0.00004000   -0.00005300    0.00000000
   -0.00067200   -0.00013300    0.00002300    0.00000000
    0.00819900   -0.00095500    0.00462900    0.00000000
   -0.02710800    0.00371900   -0.00775500    0.00000000
   -0.05302100    0.01886600   -0.10413300    0.00000000
    0.00500200   -0.01207400   -0.01776200    0.00000000
    0.26198600   -0.05710700    0.72821200    0.00000000
    0.43354400   -0.14643300    0.21882600    0.00000000
    0.32494700   -0.06736500   -0.49322300    0.00000000
    0.09234200   -0.06825400   -0.83819200    0.00000000
    0.00896400    0.40310300    0.39840100    0.00000000
    0.00118500    0.50266800    0.66458900    0.00000000
    0.00010400    0.26129100    0.03301100    1.00000000

   89.989649   33.132961   15.879656    7.465803    3.551993
    1.728185    0.850498    0.417673    0.201523    0.100711
    0.058959

    0.00005100   -0.00003800    0.00000000
    0.00480400   -0.00459000    0.00000000
    0.02948500   -0.02756300    0.00000000
    0.08624900   -0.08277500    0.00000000
    0.17972800   -0.17349400    0.00000000
    0.26185000   -0.23618800    0.00000000
    0.29179400   -0.14922600    0.00000000
    0.25935600    0.04414500    0.00000000
    0.17494400    0.39050000    0.00000000
    0.06227800    0.20306400    0.00000000
    0.02765300    0.39800200    1.00000000

    1.138450

    1.00000000

V:cc-pVQZ-ccECP
ccECP cc-pVQZ for V | source recipes/V/ccECP/V.cc-pVQZ.gamess | ccECP from A. Annaberdiyev et al. Journal of Chemical Physics 149, 134108 (2018) https://doi.org/10.1063/1.5040472

  6
    0    1    2    3    4    5
    6    6    5    3    2    1
   13   13   11    3    2    1

   68.577621   34.937147   17.939491   11.262123    6.776264
    3.524091    1.938421    0.927153    0.448420    0.209668
    0.103660    0.050630    0.024201

    0.00080400   -0.00017700   -0.00058300   -0.00076500   -0.00356700
    0.00000000
   -0.01159400    0.00279100    0.00957000    0.01452900    0.01000700
    0.00000000
    0.09220900   -0.02365000   -0.08560600   -0.13961800    0.04020200
    0.00000000
   -0.04547700    0.01250400    0.04842600    0.06307300    0.34329500
    0.00000000
   -0.28798300    0.07876100    0.33123900    0.70419300   -2.09702200
    0.00000000
   -0.21764800    0.05497400    0.14035200   -0.01160200    2.80403900
    0.00000000
    0.40750900   -0.11895500   -0.90796200   -2.31160400    1.20663800
    0.00000000
    0.65819300   -0.24534100   -0.50387800    0.76826900   -4.50572400
    0.00000000
    0.25523400   -0.22295900    0.39893800    2.16892000    2.15832500
    0.00000000
    0.00862000    0.04780900    0.97113100   -1.06267100    2.12989200
    0.00000000
    0.00273400    0.41537400    0.42399900   -1.21815100   -2.26503700
    0.00000000
   -0.00116100    0.54088000   -0.62864600    0.34080900   -0.68105100
    0.00000000
    0.00029400    0.18342100   -0.46749500    0.71332200    1.25786200
    1.00000000

   96.215967   49.579340   25.638009   14.025942    8.740334
    4.634840    2.553374    1.321166    0.681285    0.349458
    0.172773    0.063300    0.033969

    0.00006900    0.00004000   -0.00005300   -0.00126200   -0.00478000
    0.00000000
   -0.00067200   -0.00013300    0.00002300    0.00641900    0.02531200
    0.00000000
    0.00819900   -0.00095500    0.00462900   -0.02122900   -0.09426700
    0.00000000
   -0.02710800    0.00371900   -0.00775500    0.11577700    0.43789600
    0.00000000
   -0.05302100    0.01886600   -0.10413300   -0.42074000   -1.44316600
    0.00000000
    0.00500200   -0.01207400   -0.01776200    0.19774200    2.63678000
    0.00000000
    0.26198600   -0.05710700    0.72821200    1.57560000   -0.38243600
    0.00000000
    0.43354400   -0.14643300    0.21882600   -1.06791300   -2.76188100
    0.00000000
    0.32494700   -0.06736500   -0.49322300   -1.31008300    2.15975600
    0.00000000
    0.09234200   -0.06825400   -0.83819200    1.19114700    0.67615100
    0.00000000
    0.00896400    0.40310300    0.39840100    0.55051600   -1.62151700
    0.00000000
    0.00118500    0.50266800    0.66458900   -0.71878800    0.42916400
    0.00000000
    0.00010400    0.26129100    0.03301100   -0.15744100    0.40017800
    1.00000000

   89.989649   33.132961   15.879656    7.465803    3.551993
    1.728185    0.850498    0.417673    0.201523    0.100711
    0.058959

    0.00005100   -0.00003800    0.00012800    0.00004500    0.00000000
    0.00480400   -0.00459000    0.00665200   -0.01039400    0.00000000
    0.02948500   -0.02756300    0.04463500   -0.05505100    0.00000000
    0.08624900   -0.08277500    0.12255900   -0.17145700    0.00000000
    0.17972800   -0.17349400    0.31114700   -0.51992200    0.00000000
    0.26185000   -0.23618800    0.28881300    0.09902600    0.00000000
    0.29179400   -0.14922600   -0.14224600    0.82933200    0.00000000
    0.25935600    0.04414500   -0.61373700   -0.07090800    0.00000000
    0.17494400    0.39050000   -0.12391600   -0.47117100    0.00000000
    0.06227800    0.20306400   -0.02023500   -0.87878900    0.00000000
    0.02765300    0.39800200    0.73325900    1.21174700    1.00000000

    3.419885    1.028253    0.309164

    0.00000000    0.00000000    1.00000000
    0.00000000    1.00000000    0.00000000
    1.00000000    0.00000000    0.00000000

    3.081804    0.946128

    0.00000000    1.00000000
    1.00000000    0.00000000

    2.514905

    1.00000000

V:cc-pVTZ-ccECP
ccECP cc-pVTZ for V | source recipes/V/ccECP/V.cc-pVTZ.gamess | ccECP from A. Annaberdiyev et al. Journal of Chemical Physics 149, 134108 (2018) https://doi.org/10.1063/1.5040472

  5
    0    1    2    3    4
    5    5    4    2    1
   13   13   11    2    1

   68.577621   34.937147   17.939491   11.262123    6.776264
    3.524091    1.938421    0.927153    0.448420    0.209668
    0.103660    0.050630    0.024201

    0.00080400   -0.00017700   -0.00058300   -0.00076500    0.00000000
   -0.01159400    0.00279100    0.00957000    0.01452900    0.00000000
    0.09220900   -0.02365000   -0.08560600   -0.13961800    0.00000000
   -0.04547700    0.01250400    0.04842600    0.06307300    0.00000000
   -0.28798300    0.07876100    0.33123900    0.70419300    0.00000000
   -0.21764800    0.05497400    0.14035200   -0.01160200    0.00000000
    0.40750900   -0.11895500   -0.90796200   -2.31160400    0.00000000
    0.65819300   -0.24534100   -0.50387800    0.76826900    0.00000000
    0.25523400   -0.22295900    0.39893800    2.16892000    0.00000000
    0.00862000    0.04780900    0.97113100   -1.06267100    0.00000000
    0.00273400    0.41537400    0.42399900   -1.21815100    0.00000000
   -0.00116100    0.54088000   -0.62864600    0.34080900    0.00000000
    0.00029400    0.18342100   -0.46749500    0.71332200    1.00000000

   96.215967   49.579340   25.638009   14.025942    8.740334
    4.634840    2.553374    1.321166    0.681285    0.349458
    0.172773    0.063300    0.033969

    0.00006900    0.00004000   -0.00005300   -0.00126200    0.00000000
   -0.00067200   -0.00013300    0.00002300    0.00641900    0.00000000
    0.00819900   -0.00095500    0.00462900   -0.02122900    0.00000000
   -0.02710800    0.00371900   -0.00775500    0.11577700    0.00000000
   -0.05302100    0.01886600   -0.10413300   -0.42074000    0.00000000
    0.00500200   -0.01207400   -0.01776200    0.19774200    0.00000000
    0.26198600   -0.05710700    0.72821200    1.57560000    0.00000000
    0.43354400   -0.14643300    0.21882600   -1.06791300    0.00000000
    0.32494700   -0.06736500   -0.49322300   -1.31008300    0.00000000
    0.09234200   -0.06825400   -0.83819200    1.19114700    0.00000000
    0.00896400    0.40310300    0.39840100    0.55051600    0.00000000
    0.00118500    0.50266800    0.66458900   -0.71878800    0.00000000
    0.00010400    0.26129100    0.03301100   -0.15744100    1.00000000

   89.989649   33.132961   15.879656    7.465803    3.551993
    1.728185    0.850498    0.417673    0.201523    0.100711
    0.058959

    0.00005100   -0.00003800    0.00012800    0.00000000
    0.00480400   -0.00459000    0.00665200    0.00000000
    0.02948500   -0.02756300    0.04463500    0.00000000
    0.08624900   -0.08277500    0.12255900    0.00000000
    0.17972800   -0.17349400    0.31114700    0.00000000
    0.26185000   -0.23618800    0.28881300    0.00000000
    0.29179400   -0.14922600   -0.14224600    0.00000000
    0.25935600    0.04414500   -0.61373700    0.00000000
    0.17494400    0.39050000   -0.12391600    0.00000000
    0.06227800    0.20306400   -0.02023500    0.00000000
    0.02765300    0.39800200    0.73325900    1.00000000

    2.328788    0.552620

    0.00000000    1.00000000
    1.00000000    0.00000000

    1.977796

    1.00000000

