
Pt:aug-cc-pCV5Z-ccECP
ccECP aug-cc-pCV5Z for Pt | source recipes/Pt/ccECP/Pt.aug-cc-pCV5Z.gamess | ccECP from Haihan Zhou et al. Journal of Chemical Physics (2024) https://doi.org/10.1063/5.0180057

  7
    0    1    2    3    4    5    6
   10   10    9    6    5    4    3
   16   16   16    6    5    4    3

   84.278785   44.356413   23.345038   12.286629    6.466524
    5.761500    3.573200    3.403369    1.791213    0.942726
    0.496162    0.261133    0.137436    0.072333    0.038069
    0.015228

    -0.000284     0.000045     0.000203    -0.002015     0.004863     0.056469
   0.00000000   0.00000000   0.00000000   0.00000000
     0.005895    -0.001667     0.001650     0.007068    -0.030813    -0.307410
   0.00000000   0.00000000   0.00000000   0.00000000
    -0.070917     0.023143    -0.040296     0.027276     0.167639     1.065387
   0.00000000   0.00000000   0.00000000   0.00000000
     0.390999    -0.136087     0.257382    -0.292490    -0.762537    -3.184249
   0.00000000   0.00000000   0.00000000   0.00000000
    -0.632934     0.239280    -0.450448     0.422456     1.395021     6.952156
   0.00000000   0.00000000   0.00000000   0.00000000
   0.00000000   0.00000000   0.00000000   0.00000000   0.00000000   0.00000000
   0.00000000   0.00000000     1.000000   0.00000000
   0.00000000   0.00000000   0.00000000   0.00000000   0.00000000   0.00000000
   0.00000000   0.00000000   0.00000000     1.000000
    -0.448351     0.155490    -0.427512     1.541683     1.725185    -7.551253
   0.00000000   0.00000000   0.00000000   0.00000000
     0.661716    -0.292643     0.822606    -3.591527    -9.351185    -0.880842
   0.00000000   0.00000000   0.00000000   0.00000000
     0.661429    -0.378381     1.209260    -0.242274    12.169893    13.854453
   0.00000000   0.00000000   0.00000000   0.00000000
     0.211271    -0.158349    -0.666001     4.885664    -5.571782   -22.125071
   0.00000000   0.00000000   0.00000000   0.00000000
     0.004001     0.115629    -1.473442    -2.557172    -2.736996    20.251554
   0.00000000   0.00000000   0.00000000   0.00000000
     0.007729     0.439060    -0.136373    -1.404370     3.906903   -10.491430
   0.00000000   0.00000000   0.00000000   0.00000000
    -0.003174     0.429264     0.654211     0.516340    -0.058100     1.418145
   0.00000000   0.00000000   0.00000000   0.00000000
     0.000585     0.252535     0.523307     0.772722    -1.159488     0.952905
     1.000000   0.00000000   0.00000000   0.00000000
   0.00000000   0.00000000   0.00000000   0.00000000   0.00000000   0.00000000
   0.00000000     1.000000   0.00000000   0.00000000

   83.320659   43.914353   23.145165   12.198715    6.429362
    5.569500    3.484500    3.388611    1.785975    0.941303
    0.496116    0.261479    0.137813    0.072635    0.038282
    0.015313

    -0.000021    -0.000064    -0.000341     0.000310     0.013657    -0.048410
   0.00000000   0.00000000   0.00000000   0.00000000
     0.000632     0.000048     0.001276    -0.001870    -0.066486     0.237428
   0.00000000   0.00000000   0.00000000   0.00000000
    -0.010061     0.004225     0.002704     0.012931     0.212031    -0.748835
   0.00000000   0.00000000   0.00000000   0.00000000
     0.090729    -0.047761    -0.063318    -0.093506    -0.659034     2.156574
   0.00000000   0.00000000   0.00000000   0.00000000
    -0.274974     0.155152     0.208663     0.203970     1.716738    -5.649840
   0.00000000   0.00000000   0.00000000   0.00000000
   0.00000000   0.00000000   0.00000000   0.00000000   0.00000000   0.00000000
   0.00000000   0.00000000     1.000000   0.00000000
   0.00000000   0.00000000   0.00000000   0.00000000   0.00000000   0.00000000
   0.00000000   0.00000000   0.00000000     1.000000
    -0.062578     0.043380     0.217064     0.877520    -1.753636    10.233999
   0.00000000   0.00000000   0.00000000   0.00000000
     0.466059    -0.334984    -1.009247    -3.557870    -2.312493   -10.952392
   0.00000000   0.00000000   0.00000000   0.00000000
     0.480392    -0.440776    -0.475323     3.128034     7.180615     7.061467
   0.00000000   0.00000000   0.00000000   0.00000000
     0.221809     0.075588     1.446575     0.743696    -7.896728    -1.121839
   0.00000000   0.00000000   0.00000000   0.00000000
     0.034949     0.564530     0.392685    -2.537924     4.155874    -3.730174
   0.00000000   0.00000000   0.00000000   0.00000000
     0.007616     0.439564    -0.708242     0.668174    -0.190735     4.875042
   0.00000000   0.00000000   0.00000000   0.00000000
    -0.000886     0.117351    -0.436474     0.559681    -0.490525    -2.425624
   0.00000000   0.00000000   0.00000000   0.00000000
     0.000460     0.007651    -0.041814     0.111720    -0.314159     0.106196
     1.000000   0.00000000   0.00000000   0.00000000
   0.00000000   0.00000000   0.00000000   0.00000000   0.00000000   0.00000000
   0.00000000     1.000000   0.00000000   0.00000000

   74.470604   39.138755   20.569756   10.810637    5.681636
    5.080300    3.178300    2.986040    1.569342    0.824783
    0.433473    0.227816    0.119731    0.062926    0.033071
    0.013228

     0.000024    -0.000066     0.000190     0.003289    -0.009600   0.00000000
   0.00000000   0.00000000   0.00000000
    -0.000059     0.000250    -0.000913    -0.014774     0.043226   0.00000000
   0.00000000   0.00000000   0.00000000
    -0.000632     0.000196     0.003881     0.044586    -0.129339   0.00000000
   0.00000000   0.00000000   0.00000000
     0.015824    -0.018276    -0.034713    -0.151908     0.399462   0.00000000
   0.00000000   0.00000000   0.00000000
    -0.092297     0.115983     0.189456     0.556804    -1.392984   0.00000000
   0.00000000   0.00000000   0.00000000
   0.00000000   0.00000000   0.00000000   0.00000000   0.00000000   0.00000000
   0.00000000     1.000000   0.00000000
   0.00000000   0.00000000   0.00000000   0.00000000   0.00000000   0.00000000
   0.00000000   0.00000000     1.000000
     0.049562    -0.058592    -0.110579    -0.846205     3.241770   0.00000000
   0.00000000   0.00000000   0.00000000
     0.271964    -0.470349    -1.067082    -1.121393    -2.710159   0.00000000
   0.00000000   0.00000000   0.00000000
     0.338732    -0.408242     0.442815     2.710666    -0.250736   0.00000000
   0.00000000   0.00000000   0.00000000
     0.292166     0.207733     1.008257    -1.433652     2.887129   0.00000000
   0.00000000   0.00000000   0.00000000
     0.189646     0.472511    -0.250424    -0.603089    -2.943425   0.00000000
   0.00000000   0.00000000   0.00000000
     0.093026     0.306374    -0.510272     0.501786     0.946788   0.00000000
   0.00000000   0.00000000   0.00000000
     0.022643     0.083279    -0.212578     0.391386     0.227268   0.00000000
   0.00000000   0.00000000   0.00000000
     0.001908     0.006827    -0.015125     0.030702     0.175424     1.000000
   0.00000000   0.00000000   0.00000000
   0.00000000   0.00000000   0.00000000   0.00000000   0.00000000   0.00000000
     1.000000   0.00000000   0.00000000

    3.567800    1.982200    1.101300    0.611900    0.238800
    0.093200

     1.000000   0.00000000   0.00000000   0.00000000   0.00000000   0.00000000
   0.00000000     1.000000   0.00000000   0.00000000   0.00000000   0.00000000
   0.00000000   0.00000000     1.000000   0.00000000   0.00000000   0.00000000
   0.00000000   0.00000000   0.00000000     1.000000   0.00000000   0.00000000
   0.00000000   0.00000000   0.00000000   0.00000000     1.000000   0.00000000
   0.00000000   0.00000000   0.00000000   0.00000000   0.00000000     1.000000

    3.298800    1.897800    1.091800    0.441900    0.178900

     1.000000   0.00000000   0.00000000   0.00000000   0.00000000
   0.00000000     1.000000   0.00000000   0.00000000   0.00000000
   0.00000000   0.00000000     1.000000   0.00000000   0.00000000
   0.00000000   0.00000000   0.00000000     1.000000   0.00000000
   0.00000000   0.00000000   0.00000000   0.00000000     1.000000

    2.974300    1.712700    0.733200    0.313900

     1.000000   0.00000000   0.00000000   0.00000000
   0.00000000     1.000000   0.00000000   0.00000000
   0.00000000   0.00000000     1.000000   0.00000000
   0.00000000   0.00000000   0.00000000     1.000000

    2.976300    1.537000    0.793700

     1.000000   0.00000000   0.00000000
   0.00000000     1.000000   0.00000000
   0.00000000   0.00000000     1.000000

Pt:aug-cc-pCVDZ-ccECP
ccECP aug-cc-pCVDZ for Pt | source recipes/Pt/ccECP/Pt.aug-cc-pCVDZ.gamess | ccECP from Haihan Zhou et al. Journal of Chemical Physics (2024) https://doi.org/10.1063/5.0180057

  4
    0    1    2    3
    6    6    5    3
   15   15   15    3

   84.278785   44.356413   23.345038   12.286629    6.466524
    3.403369    1.941400    1.791213    0.942726    0.496162
    0.261133    0.137436    0.072333    0.038069    0.015228

    -0.000284     0.000045     0.000203   0.00000000   0.00000000   0.00000000
     0.005895    -0.001667     0.001650   0.00000000   0.00000000   0.00000000
    -0.070917     0.023143    -0.040296   0.00000000   0.00000000   0.00000000
     0.390999    -0.136087     0.257382   0.00000000   0.00000000   0.00000000
    -0.632934     0.239280    -0.450448   0.00000000   0.00000000   0.00000000
    -0.448351     0.155490    -0.427512   0.00000000   0.00000000   0.00000000
   0.00000000   0.00000000   0.00000000   0.00000000   0.00000000     1.000000
     0.661716    -0.292643     0.822606   0.00000000   0.00000000   0.00000000
     0.661429    -0.378381     1.209260   0.00000000   0.00000000   0.00000000
     0.211271    -0.158349    -0.666001   0.00000000   0.00000000   0.00000000
     0.004001     0.115629    -1.473442   0.00000000   0.00000000   0.00000000
     0.007729     0.439060    -0.136373   0.00000000   0.00000000   0.00000000
    -0.003174     0.429264     0.654211   0.00000000   0.00000000   0.00000000
     0.000585     0.252535     0.523307     1.000000   0.00000000   0.00000000
   0.00000000   0.00000000   0.00000000   0.00000000     1.000000   0.00000000

   83.320659   43.914353   23.145165   12.198715    6.429362
    3.388611    2.148100    1.785975    0.941303    0.496116
    0.261479    0.137813    0.072635    0.038282    0.015313

    -0.000021    -0.000064    -0.000341   0.00000000   0.00000000   0.00000000
     0.000632     0.000048     0.001276   0.00000000   0.00000000   0.00000000
    -0.010061     0.004225     0.002704   0.00000000   0.00000000   0.00000000
     0.090729    -0.047761    -0.063318   0.00000000   0.00000000   0.00000000
    -0.274974     0.155152     0.208663   0.00000000   0.00000000   0.00000000
    -0.062578     0.043380     0.217064   0.00000000   0.00000000   0.00000000
   0.00000000   0.00000000   0.00000000   0.00000000   0.00000000     1.000000
     0.466059    -0.334984    -1.009247   0.00000000   0.00000000   0.00000000
     0.480392    -0.440776    -0.475323   0.00000000   0.00000000   0.00000000
     0.221809     0.075588     1.446575   0.00000000   0.00000000   0.00000000
     0.034949     0.564530     0.392685   0.00000000   0.00000000   0.00000000
     0.007616     0.439564    -0.708242   0.00000000   0.00000000   0.00000000
    -0.000886     0.117351    -0.436474   0.00000000   0.00000000   0.00000000
     0.000460     0.007651    -0.041814     1.000000   0.00000000   0.00000000
   0.00000000   0.00000000   0.00000000   0.00000000     1.000000   0.00000000

   74.470604   39.138755   20.569756   10.810637    5.681636
    2.986040    1.804700    1.569342    0.824783    0.433473
    0.227816    0.119731    0.062926    0.033071    0.013228

     0.000024    -0.000066   0.00000000   0.00000000   0.00000000
    -0.000059     0.000250   0.00000000   0.00000000   0.00000000
    -0.000632     0.000196   0.00000000   0.00000000   0.00000000
     0.015824    -0.018276   0.00000000   0.00000000   0.00000000
    -0.092297     0.115983   0.00000000   0.00000000   0.00000000
     0.049562    -0.058592   0.00000000   0.00000000   0.00000000
   0.00000000   0.00000000   0.00000000   0.00000000     1.000000
     0.271964    -0.470349   0.00000000   0.00000000   0.00000000
     0.338732    -0.408242   0.00000000   0.00000000   0.00000000
     0.292166     0.207733   0.00000000   0.00000000   0.00000000
     0.189646     0.472511   0.00000000   0.00000000   0.00000000
     0.093026     0.306374   0.00000000   0.00000000   0.00000000
     0.022643     0.083279   0.00000000   0.00000000   0.00000000
     0.001908     0.006827     1.000000   0.00000000   0.00000000
   0.00000000   0.00000000   0.00000000     1.000000   0.00000000

    1.914900    0.801800    0.335700

     1.000000   0.00000000   0.00000000
   0.00000000     1.000000   0.00000000
   0.00000000   0.00000000     1.000000

Pt:aug-cc-pCVQZ-ccECP
ccECP aug-cc-pCVQZ for Pt | source recipes/Pt/ccECP/Pt.aug-cc-pCVQZ.gamess | ccECP from Haihan Zhou et al. Journal of Chemical Physics (2024) https://doi.org/10.1063/5.0180057

  6
    0    1    2    3    4    5
    9    9    8    5    4    3
   16   16   16    5    4    3

   84.278785   44.356413   23.345038   12.286629    6.466524
    3.403369    1.791213    1.158800    0.942726    0.725000
    0.496162    0.261133    0.137436    0.072333    0.038069
    0.015228

    -0.000284     0.000045     0.000203    -0.002015     0.004863   0.00000000
   0.00000000   0.00000000   0.00000000
     0.005895    -0.001667     0.001650     0.007068    -0.030813   0.00000000
   0.00000000   0.00000000   0.00000000
    -0.070917     0.023143    -0.040296     0.027276     0.167639   0.00000000
   0.00000000   0.00000000   0.00000000
     0.390999    -0.136087     0.257382    -0.292490    -0.762537   0.00000000
   0.00000000   0.00000000   0.00000000
    -0.632934     0.239280    -0.450448     0.422456     1.395021   0.00000000
   0.00000000   0.00000000   0.00000000
    -0.448351     0.155490    -0.427512     1.541683     1.725185   0.00000000
   0.00000000   0.00000000   0.00000000
     0.661716    -0.292643     0.822606    -3.591527    -9.351185   0.00000000
   0.00000000   0.00000000   0.00000000
   0.00000000   0.00000000   0.00000000   0.00000000   0.00000000   0.00000000
   0.00000000     1.000000   0.00000000
     0.661429    -0.378381     1.209260    -0.242274    12.169893   0.00000000
   0.00000000   0.00000000   0.00000000
   0.00000000   0.00000000   0.00000000   0.00000000   0.00000000   0.00000000
   0.00000000   0.00000000     1.000000
     0.211271    -0.158349    -0.666001     4.885664    -5.571782   0.00000000
   0.00000000   0.00000000   0.00000000
     0.004001     0.115629    -1.473442    -2.557172    -2.736996   0.00000000
   0.00000000   0.00000000   0.00000000
     0.007729     0.439060    -0.136373    -1.404370     3.906903   0.00000000
   0.00000000   0.00000000   0.00000000
    -0.003174     0.429264     0.654211     0.516340    -0.058100   0.00000000
   0.00000000   0.00000000   0.00000000
     0.000585     0.252535     0.523307     0.772722    -1.159488     1.000000
   0.00000000   0.00000000   0.00000000
   0.00000000   0.00000000   0.00000000   0.00000000   0.00000000   0.00000000
     1.000000   0.00000000   0.00000000

   83.320659   43.914353   23.145165   12.198715    6.429362
    3.388611    2.534400    1.785975    1.585300    0.941303
    0.496116    0.261479    0.137813    0.072635    0.038282
    0.015313

    -0.000021    -0.000064    -0.000341     0.000310     0.013657   0.00000000
   0.00000000   0.00000000   0.00000000
     0.000632     0.000048     0.001276    -0.001870    -0.066486   0.00000000
   0.00000000   0.00000000   0.00000000
    -0.010061     0.004225     0.002704     0.012931     0.212031   0.00000000
   0.00000000   0.00000000   0.00000000
     0.090729    -0.047761    -0.063318    -0.093506    -0.659034   0.00000000
   0.00000000   0.00000000   0.00000000
    -0.274974     0.155152     0.208663     0.203970     1.716738   0.00000000
   0.00000000   0.00000000   0.00000000
    -0.062578     0.043380     0.217064     0.877520    -1.753636   0.00000000
   0.00000000   0.00000000   0.00000000
   0.00000000   0.00000000   0.00000000   0.00000000   0.00000000   0.00000000
   0.00000000     1.000000   0.00000000
     0.466059    -0.334984    -1.009247    -3.557870    -2.312493   0.00000000
   0.00000000   0.00000000   0.00000000
   0.00000000   0.00000000   0.00000000   0.00000000   0.00000000   0.00000000
   0.00000000   0.00000000     1.000000
     0.480392    -0.440776    -0.475323     3.128034     7.180615   0.00000000
   0.00000000   0.00000000   0.00000000
     0.221809     0.075588     1.446575     0.743696    -7.896728   0.00000000
   0.00000000   0.00000000   0.00000000
     0.034949     0.564530     0.392685    -2.537924     4.155874   0.00000000
   0.00000000   0.00000000   0.00000000
     0.007616     0.439564    -0.708242     0.668174    -0.190735   0.00000000
   0.00000000   0.00000000   0.00000000
    -0.000886     0.117351    -0.436474     0.559681    -0.490525   0.00000000
   0.00000000   0.00000000   0.00000000
     0.000460     0.007651    -0.041814     0.111720    -0.314159     1.000000
   0.00000000   0.00000000   0.00000000
   0.00000000   0.00000000   0.00000000   0.00000000   0.00000000   0.00000000
     1.000000   0.00000000   0.00000000

   74.470604   39.138755   20.569756   10.810637    5.681636
    3.471100    2.986040    1.569342    1.435000    0.824783
    0.433473    0.227816    0.119731    0.062926    0.033071
    0.013228

     0.000024    -0.000066     0.000190     0.003289   0.00000000   0.00000000
   0.00000000   0.00000000
    -0.000059     0.000250    -0.000913    -0.014774   0.00000000   0.00000000
   0.00000000   0.00000000
    -0.000632     0.000196     0.003881     0.044586   0.00000000   0.00000000
   0.00000000   0.00000000
     0.015824    -0.018276    -0.034713    -0.151908   0.00000000   0.00000000
   0.00000000   0.00000000
    -0.092297     0.115983     0.189456     0.556804   0.00000000   0.00000000
   0.00000000   0.00000000
   0.00000000   0.00000000   0.00000000   0.00000000   0.00000000   0.00000000
     1.000000   0.00000000
     0.049562    -0.058592    -0.110579    -0.846205   0.00000000   0.00000000
   0.00000000   0.00000000
     0.271964    -0.470349    -1.067082    -1.121393   0.00000000   0.00000000
   0.00000000   0.00000000
   0.00000000   0.00000000   0.00000000   0.00000000   0.00000000   0.00000000
   0.00000000     1.000000
     0.338732    -0.408242     0.442815     2.710666   0.00000000   0.00000000
   0.00000000   0.00000000
     0.292166     0.207733     1.008257    -1.433652   0.00000000   0.00000000
   0.00000000   0.00000000
     0.189646     0.472511    -0.250424    -0.603089   0.00000000   0.00000000
   0.00000000   0.00000000
     0.093026     0.306374    -0.510272     0.501786   0.00000000   0.00000000
   0.00000000   0.00000000
     0.022643     0.083279    -0.212578     0.391386   0.00000000   0.00000000
   0.00000000   0.00000000
     0.001908     0.006827    -0.015125     0.030702     1.000000   0.00000000
   0.00000000   0.00000000
   0.00000000   0.00000000   0.00000000   0.00000000   0.00000000     1.000000
   0.00000000   0.00000000

    2.302700    1.327400    0.765200    0.295800    0.114300

     1.000000   0.00000000   0.00000000   0.00000000   0.00000000
   0.00000000     1.000000   0.00000000   0.00000000   0.00000000
   0.00000000   0.00000000     1.000000   0.00000000   0.00000000
   0.00000000   0.00000000   0.00000000     1.000000   0.00000000
   0.00000000   0.00000000   0.00000000   0.00000000     1.000000

    2.847800    1.429100    0.616600    0.266100

     1.000000   0.00000000   0.00000000   0.00000000
   0.00000000     1.000000   0.00000000   0.00000000
   0.00000000   0.00000000     1.000000   0.00000000
   0.00000000   0.00000000   0.00000000     1.000000

    2.561000    1.149800    0.516200

     1.000000   0.00000000   0.00000000
   0.00000000     1.000000   0.00000000
   0.00000000   0.00000000     1.000000

Pt:aug-cc-pCVTZ-ccECP
ccECP aug-cc-pCVTZ for Pt | source recipes/Pt/ccECP/Pt.aug-cc-pCVTZ.gamess | ccECP from Haihan Zhou et al. Journal of Chemical Physics (2024) https://doi.org/10.1063/5.0180057

  5
    0    1    2    3    4
    8    8    7    4    3
   16   16   16    4    3

   84.278785   44.356413   23.345038   12.286629    6.466524
    3.403369    1.860100    1.791213    1.166900    0.942726
    0.496162    0.261133    0.137436    0.072333    0.038069
    0.015228

    -0.000284     0.000045     0.000203    -0.002015   0.00000000   0.00000000
   0.00000000   0.00000000
     0.005895    -0.001667     0.001650     0.007068   0.00000000   0.00000000
   0.00000000   0.00000000
    -0.070917     0.023143    -0.040296     0.027276   0.00000000   0.00000000
   0.00000000   0.00000000
     0.390999    -0.136087     0.257382    -0.292490   0.00000000   0.00000000
   0.00000000   0.00000000
    -0.632934     0.239280    -0.450448     0.422456   0.00000000   0.00000000
   0.00000000   0.00000000
    -0.448351     0.155490    -0.427512     1.541683   0.00000000   0.00000000
   0.00000000   0.00000000
   0.00000000   0.00000000   0.00000000   0.00000000   0.00000000   0.00000000
     1.000000   0.00000000
     0.661716    -0.292643     0.822606    -3.591527   0.00000000   0.00000000
   0.00000000   0.00000000
   0.00000000   0.00000000   0.00000000   0.00000000   0.00000000   0.00000000
   0.00000000     1.000000
     0.661429    -0.378381     1.209260    -0.242274   0.00000000   0.00000000
   0.00000000   0.00000000
     0.211271    -0.158349    -0.666001     4.885664   0.00000000   0.00000000
   0.00000000   0.00000000
     0.004001     0.115629    -1.473442    -2.557172   0.00000000   0.00000000
   0.00000000   0.00000000
     0.007729     0.439060    -0.136373    -1.404370   0.00000000   0.00000000
   0.00000000   0.00000000
    -0.003174     0.429264     0.654211     0.516340   0.00000000   0.00000000
   0.00000000   0.00000000
     0.000585     0.252535     0.523307     0.772722     1.000000   0.00000000
   0.00000000   0.00000000
   0.00000000   0.00000000   0.00000000   0.00000000   0.00000000     1.000000
   0.00000000   0.00000000

   83.320659   43.914353   23.145165   12.198715    6.429362
    3.388611    2.529100    1.785975    1.071400    0.941303
    0.496116    0.261479    0.137813    0.072635    0.038282
    0.015313

    -0.000021    -0.000064    -0.000341     0.000310   0.00000000   0.00000000
   0.00000000   0.00000000
     0.000632     0.000048     0.001276    -0.001870   0.00000000   0.00000000
   0.00000000   0.00000000
    -0.010061     0.004225     0.002704     0.012931   0.00000000   0.00000000
   0.00000000   0.00000000
     0.090729    -0.047761    -0.063318    -0.093506   0.00000000   0.00000000
   0.00000000   0.00000000
    -0.274974     0.155152     0.208663     0.203970   0.00000000   0.00000000
   0.00000000   0.00000000
    -0.062578     0.043380     0.217064     0.877520   0.00000000   0.00000000
   0.00000000   0.00000000
   0.00000000   0.00000000   0.00000000   0.00000000   0.00000000   0.00000000
     1.000000   0.00000000
     0.466059    -0.334984    -1.009247    -3.557870   0.00000000   0.00000000
   0.00000000   0.00000000
   0.00000000   0.00000000   0.00000000   0.00000000   0.00000000   0.00000000
   0.00000000     1.000000
     0.480392    -0.440776    -0.475323     3.128034   0.00000000   0.00000000
   0.00000000   0.00000000
     0.221809     0.075588     1.446575     0.743696   0.00000000   0.00000000
   0.00000000   0.00000000
     0.034949     0.564530     0.392685    -2.537924   0.00000000   0.00000000
   0.00000000   0.00000000
     0.007616     0.439564    -0.708242     0.668174   0.00000000   0.00000000
   0.00000000   0.00000000
    -0.000886     0.117351    -0.436474     0.559681   0.00000000   0.00000000
   0.00000000   0.00000000
     0.000460     0.007651    -0.041814     0.111720     1.000000   0.00000000
   0.00000000   0.00000000
   0.00000000   0.00000000   0.00000000   0.00000000   0.00000000     1.000000
   0.00000000   0.00000000

   74.470604   39.138755   20.569756   10.810637    5.681636
    3.178100    2.986040    1.569342    1.062400    0.824783
    0.433473    0.227816    0.119731    0.062926    0.033071
    0.013228

     0.000024    -0.000066     0.000190   0.00000000   0.00000000   0.00000000
   0.00000000
    -0.000059     0.000250    -0.000913   0.00000000   0.00000000   0.00000000
   0.00000000
    -0.000632     0.000196     0.003881   0.00000000   0.00000000   0.00000000
   0.00000000
     0.015824    -0.018276    -0.034713   0.00000000   0.00000000   0.00000000
   0.00000000
    -0.092297     0.115983     0.189456   0.00000000   0.00000000   0.00000000
   0.00000000
   0.00000000   0.00000000   0.00000000   0.00000000   0.00000000     1.000000
   0.00000000
     0.049562    -0.058592    -0.110579   0.00000000   0.00000000   0.00000000
   0.00000000
     0.271964    -0.470349    -1.067082   0.00000000   0.00000000   0.00000000
   0.00000000
   0.00000000   0.00000000   0.00000000   0.00000000   0.00000000   0.00000000
     1.000000
     0.338732    -0.408242     0.442815   0.00000000   0.00000000   0.00000000
   0.00000000
     0.292166     0.207733     1.008257   0.00000000   0.00000000   0.00000000
   0.00000000
     0.189646     0.472511    -0.250424   0.00000000   0.00000000   0.00000000
   0.00000000
     0.093026     0.306374    -0.510272   0.00000000   0.00000000   0.00000000
   0.00000000
     0.022643     0.083279    -0.212578   0.00000000   0.00000000   0.00000000
   0.00000000
     0.001908     0.006827    -0.015125     1.000000   0.00000000   0.00000000
   0.00000000
   0.00000000   0.00000000   0.00000000   0.00000000     1.000000   0.00000000
   0.00000000

    2.107700    1.131800    0.433700    0.166200

     1.000000   0.00000000   0.00000000   0.00000000
   0.00000000     1.000000   0.00000000   0.00000000
   0.00000000   0.00000000     1.000000   0.00000000
   0.00000000   0.00000000   0.00000000     1.000000

    2.498900    1.077200    0.464300

     1.000000   0.00000000   0.00000000
   0.00000000     1.000000   0.00000000
   0.00000000   0.00000000     1.000000

Pt:aug-cc-pV5Z-ccECP
ccECP aug-cc-pV5Z for Pt | source recipes/Pt/ccECP/Pt.aug-cc-pV5Z.gamess | ccECP from Haihan Zhou et al. Journal of Chemical Physics (2024) https://doi.org/10.1063/5.0180057

  7
    0    1    2    3    4    5    6
    8    8    7    5    4    3    2
   14   14   14    5    4    3    2

   84.278785   44.356413   23.345038   12.286629    6.466524
    3.403369    1.791213    0.942726    0.496162    0.261133
    0.137436    0.072333    0.038069    0.015228

    -0.000284     0.000045     0.000203    -0.002015     0.004863     0.056469
   0.00000000   0.00000000
     0.005895    -0.001667     0.001650     0.007068    -0.030813    -0.307410
   0.00000000   0.00000000
    -0.070917     0.023143    -0.040296     0.027276     0.167639     1.065387
   0.00000000   0.00000000
     0.390999    -0.136087     0.257382    -0.292490    -0.762537    -3.184249
   0.00000000   0.00000000
    -0.632934     0.239280    -0.450448     0.422456     1.395021     6.952156
   0.00000000   0.00000000
    -0.448351     0.155490    -0.427512     1.541683     1.725185    -7.551253
   0.00000000   0.00000000
     0.661716    -0.292643     0.822606    -3.591527    -9.351185    -0.880842
   0.00000000   0.00000000
     0.661429    -0.378381     1.209260    -0.242274    12.169893    13.854453
   0.00000000   0.00000000
     0.211271    -0.158349    -0.666001     4.885664    -5.571782   -22.125071
   0.00000000   0.00000000
     0.004001     0.115629    -1.473442    -2.557172    -2.736996    20.251554
   0.00000000   0.00000000
     0.007729     0.439060    -0.136373    -1.404370     3.906903   -10.491430
   0.00000000   0.00000000
    -0.003174     0.429264     0.654211     0.516340    -0.058100     1.418145
   0.00000000   0.00000000
     0.000585     0.252535     0.523307     0.772722    -1.159488     0.952905
     1.000000   0.00000000
   0.00000000   0.00000000   0.00000000   0.00000000   0.00000000   0.00000000
   0.00000000     1.000000

   83.320659   43.914353   23.145165   12.198715    6.429362
    3.388611    1.785975    0.941303    0.496116    0.261479
    0.137813    0.072635    0.038282    0.015313

    -0.000021    -0.000064    -0.000341     0.000310     0.013657    -0.048410
   0.00000000   0.00000000
     0.000632     0.000048     0.001276    -0.001870    -0.066486     0.237428
   0.00000000   0.00000000
    -0.010061     0.004225     0.002704     0.012931     0.212031    -0.748835
   0.00000000   0.00000000
     0.090729    -0.047761    -0.063318    -0.093506    -0.659034     2.156574
   0.00000000   0.00000000
    -0.274974     0.155152     0.208663     0.203970     1.716738    -5.649840
   0.00000000   0.00000000
    -0.062578     0.043380     0.217064     0.877520    -1.753636    10.233999
   0.00000000   0.00000000
     0.466059    -0.334984    -1.009247    -3.557870    -2.312493   -10.952392
   0.00000000   0.00000000
     0.480392    -0.440776    -0.475323     3.128034     7.180615     7.061467
   0.00000000   0.00000000
     0.221809     0.075588     1.446575     0.743696    -7.896728    -1.121839
   0.00000000   0.00000000
     0.034949     0.564530     0.392685    -2.537924     4.155874    -3.730174
   0.00000000   0.00000000
     0.007616     0.439564    -0.708242     0.668174    -0.190735     4.875042
   0.00000000   0.00000000
    -0.000886     0.117351    -0.436474     0.559681    -0.490525    -2.425624
   0.00000000   0.00000000
     0.000460     0.007651    -0.041814     0.111720    -0.314159     0.106196
     1.000000   0.00000000
   0.00000000   0.00000000   0.00000000   0.00000000   0.00000000   0.00000000
   0.00000000     1.000000

   74.470604   39.138755   20.569756   10.810637    5.681636
    2.986040    1.569342    0.824783    0.433473    0.227816
    0.119731    0.062926    0.033071    0.013228

     0.000024    -0.000066     0.000190     0.003289    -0.009600   0.00000000
   0.00000000
    -0.000059     0.000250    -0.000913    -0.014774     0.043226   0.00000000
   0.00000000
    -0.000632     0.000196     0.003881     0.044586    -0.129339   0.00000000
   0.00000000
     0.015824    -0.018276    -0.034713    -0.151908     0.399462   0.00000000
   0.00000000
    -0.092297     0.115983     0.189456     0.556804    -1.392984   0.00000000
   0.00000000
     0.049562    -0.058592    -0.110579    -0.846205     3.241770   0.00000000
   0.00000000
     0.271964    -0.470349    -1.067082    -1.121393    -2.710159   0.00000000
   0.00000000
     0.338732    -0.408242     0.442815     2.710666    -0.250736   0.00000000
   0.00000000
     0.292166     0.207733     1.008257    -1.433652     2.887129   0.00000000
   0.00000000
     0.189646     0.472511    -0.250424    -0.603089    -2.943425   0.00000000
   0.00000000
     0.093026     0.306374    -0.510272     0.501786     0.946788   0.00000000
   0.00000000
     0.022643     0.083279    -0.212578     0.391386     0.227268   0.00000000
   0.00000000
     0.001908     0.006827    -0.015125     0.030702     0.175424     1.000000
   0.00000000
   0.00000000   0.00000000   0.00000000   0.00000000   0.00000000   0.00000000
     1.000000

    1.966600    0.973900    0.482300    0.238800    0.093200

     1.000000   0.00000000   0.00000000   0.00000000   0.00000000
   0.00000000     1.000000   0.00000000   0.00000000   0.00000000
   0.00000000   0.00000000     1.000000   0.00000000   0.00000000
   0.00000000   0.00000000   0.00000000     1.000000   0.00000000
   0.00000000   0.00000000   0.00000000   0.00000000     1.000000

    2.367500    1.022900    0.441900    0.178900

     1.000000   0.00000000   0.00000000   0.00000000
   0.00000000     1.000000   0.00000000   0.00000000
   0.00000000   0.00000000     1.000000   0.00000000
   0.00000000   0.00000000   0.00000000     1.000000

    1.843600    0.733200    0.313900

     1.000000   0.00000000   0.00000000
   0.00000000     1.000000   0.00000000
   0.00000000   0.00000000     1.000000

    1.537000    0.793700

     1.000000   0.00000000
   0.00000000     1.000000

Pt:aug-cc-pVDZ-ccECP
ccECP aug-cc-pVDZ for Pt | source recipes/Pt/ccECP/Pt.aug-cc-pVDZ.gamess | ccECP from Haihan Zhou et al. Journal of Chemical Physics (2024) https://doi.org/10.1063/5.0180057

  4
    0    1    2    3
    5    5    4    2
   14   14   14    2

   84.278785   44.356413   23.345038   12.286629    6.466524
    3.403369    1.791213    0.942726    0.496162    0.261133
    0.137436    0.072333    0.038069    0.015228

    -0.000284     0.000045     0.000203   0.00000000   0.00000000
     0.005895    -0.001667     0.001650   0.00000000   0.00000000
    -0.070917     0.023143    -0.040296   0.00000000   0.00000000
     0.390999    -0.136087     0.257382   0.00000000   0.00000000
    -0.632934     0.239280    -0.450448   0.00000000   0.00000000
    -0.448351     0.155490    -0.427512   0.00000000   0.00000000
     0.661716    -0.292643     0.822606   0.00000000   0.00000000
     0.661429    -0.378381     1.209260   0.00000000   0.00000000
     0.211271    -0.158349    -0.666001   0.00000000   0.00000000
     0.004001     0.115629    -1.473442   0.00000000   0.00000000
     0.007729     0.439060    -0.136373   0.00000000   0.00000000
    -0.003174     0.429264     0.654211   0.00000000   0.00000000
     0.000585     0.252535     0.523307     1.000000   0.00000000
   0.00000000   0.00000000   0.00000000   0.00000000     1.000000

   83.320659   43.914353   23.145165   12.198715    6.429362
    3.388611    1.785975    0.941303    0.496116    0.261479
    0.137813    0.072635    0.038282    0.015313

    -0.000021    -0.000064    -0.000341   0.00000000   0.00000000
     0.000632     0.000048     0.001276   0.00000000   0.00000000
    -0.010061     0.004225     0.002704   0.00000000   0.00000000
     0.090729    -0.047761    -0.063318   0.00000000   0.00000000
    -0.274974     0.155152     0.208663   0.00000000   0.00000000
    -0.062578     0.043380     0.217064   0.00000000   0.00000000
     0.466059    -0.334984    -1.009247   0.00000000   0.00000000
     0.480392    -0.440776    -0.475323   0.00000000   0.00000000
     0.221809     0.075588     1.446575   0.00000000   0.00000000
     0.034949     0.564530     0.392685   0.00000000   0.00000000
     0.007616     0.439564    -0.708242   0.00000000   0.00000000
    -0.000886     0.117351    -0.436474   0.00000000   0.00000000
     0.000460     0.007651    -0.041814     1.000000   0.00000000
   0.00000000   0.00000000   0.00000000   0.00000000     1.000000

   74.470604   39.138755   20.569756   10.810637    5.681636
    2.986040    1.569342    0.824783    0.433473    0.227816
    0.119731    0.062926    0.033071    0.013228

     0.000024    -0.000066   0.00000000   0.00000000
    -0.000059     0.000250   0.00000000   0.00000000
    -0.000632     0.000196   0.00000000   0.00000000
     0.015824    -0.018276   0.00000000   0.00000000
    -0.092297     0.115983   0.00000000   0.00000000
     0.049562    -0.058592   0.00000000   0.00000000
     0.271964    -0.470349   0.00000000   0.00000000
     0.338732    -0.408242   0.00000000   0.00000000
     0.292166     0.207733   0.00000000   0.00000000
     0.189646     0.472511   0.00000000   0.00000000
     0.093026     0.306374   0.00000000   0.00000000
     0.022643     0.083279   0.00000000   0.00000000
     0.001908     0.006827     1.000000   0.00000000
   0.00000000   0.00000000   0.00000000     1.000000

    0.801800    0.335700

     1.000000   0.00000000
   0.00000000     1.000000

Pt:aug-cc-pVQZ-ccECP
ccECP aug-cc-pVQZ for Pt | source recipes/Pt/ccECP/Pt.aug-cc-pVQZ.gamess | ccECP from Haihan Zhou et al. Journal of Chemical Physics (2024) https://doi.org/10.1063/5.0180057

  6
    0    1    2    3    4    5
    7    7    6    4    3    2
   14   14   14    4    3    2

   84.278785   44.356413   23.345038   12.286629    6.466524
    3.403369    1.791213    0.942726    0.496162    0.261133
    0.137436    0.072333    0.038069    0.015228

    -0.000284     0.000045     0.000203    -0.002015     0.004863   0.00000000
   0.00000000
     0.005895    -0.001667     0.001650     0.007068    -0.030813   0.00000000
   0.00000000
    -0.070917     0.023143    -0.040296     0.027276     0.167639   0.00000000
   0.00000000
     0.390999    -0.136087     0.257382    -0.292490    -0.762537   0.00000000
   0.00000000
    -0.632934     0.239280    -0.450448     0.422456     1.395021   0.00000000
   0.00000000
    -0.448351     0.155490    -0.427512     1.541683     1.725185   0.00000000
   0.00000000
     0.661716    -0.292643     0.822606    -3.591527    -9.351185   0.00000000
   0.00000000
     0.661429    -0.378381     1.209260    -0.242274    12.169893   0.00000000
   0.00000000
     0.211271    -0.158349    -0.666001     4.885664    -5.571782   0.00000000
   0.00000000
     0.004001     0.115629    -1.473442    -2.557172    -2.736996   0.00000000
   0.00000000
     0.007729     0.439060    -0.136373    -1.404370     3.906903   0.00000000
   0.00000000
    -0.003174     0.429264     0.654211     0.516340    -0.058100   0.00000000
   0.00000000
     0.000585     0.252535     0.523307     0.772722    -1.159488     1.000000
   0.00000000
   0.00000000   0.00000000   0.00000000   0.00000000   0.00000000   0.00000000
     1.000000

   83.320659   43.914353   23.145165   12.198715    6.429362
    3.388611    1.785975    0.941303    0.496116    0.261479
    0.137813    0.072635    0.038282    0.015313

    -0.000021    -0.000064    -0.000341     0.000310     0.013657   0.00000000
   0.00000000
     0.000632     0.000048     0.001276    -0.001870    -0.066486   0.00000000
   0.00000000
    -0.010061     0.004225     0.002704     0.012931     0.212031   0.00000000
   0.00000000
     0.090729    -0.047761    -0.063318    -0.093506    -0.659034   0.00000000
   0.00000000
    -0.274974     0.155152     0.208663     0.203970     1.716738   0.00000000
   0.00000000
    -0.062578     0.043380     0.217064     0.877520    -1.753636   0.00000000
   0.00000000
     0.466059    -0.334984    -1.009247    -3.557870    -2.312493   0.00000000
   0.00000000
     0.480392    -0.440776    -0.475323     3.128034     7.180615   0.00000000
   0.00000000
     0.221809     0.075588     1.446575     0.743696    -7.896728   0.00000000
   0.00000000
     0.034949     0.564530     0.392685    -2.537924     4.155874   0.00000000
   0.00000000
     0.007616     0.439564    -0.708242     0.668174    -0.190735   0.00000000
   0.00000000
    -0.000886     0.117351    -0.436474     0.559681    -0.490525   0.00000000
   0.00000000
     0.000460     0.007651    -0.041814     0.111720    -0.314159     1.000000
   0.00000000
   0.00000000   0.00000000   0.00000000   0.00000000   0.00000000   0.00000000
     1.000000

   74.470604   39.138755   20.569756   10.810637    5.681636
    2.986040    1.569342    0.824783    0.433473    0.227816
    0.119731    0.062926    0.033071    0.013228

     0.000024    -0.000066     0.000190     0.003289   0.00000000   0.00000000
    -0.000059     0.000250    -0.000913    -0.014774   0.00000000   0.00000000
    -0.000632     0.000196     0.003881     0.044586   0.00000000   0.00000000
     0.015824    -0.018276    -0.034713    -0.151908   0.00000000   0.00000000
    -0.092297     0.115983     0.189456     0.556804   0.00000000   0.00000000
     0.049562    -0.058592    -0.110579    -0.846205   0.00000000   0.00000000
     0.271964    -0.470349    -1.067082    -1.121393   0.00000000   0.00000000
     0.338732    -0.408242     0.442815     2.710666   0.00000000   0.00000000
     0.292166     0.207733     1.008257    -1.433652   0.00000000   0.00000000
     0.189646     0.472511    -0.250424    -0.603089   0.00000000   0.00000000
     0.093026     0.306374    -0.510272     0.501786   0.00000000   0.00000000
     0.022643     0.083279    -0.212578     0.391386   0.00000000   0.00000000
     0.001908     0.006827    -0.015125     0.030702     1.000000   0.00000000
   0.00000000   0.00000000   0.00000000   0.00000000   0.00000000     1.000000

    1.666000    0.701900    0.295800    0.114300

     1.000000   0.00000000   0.00000000   0.00000000
   0.00000000     1.000000   0.00000000   0.00000000
   0.00000000   0.00000000     1.000000   0.00000000
   0.00000000   0.00000000   0.00000000     1.000000

    1.707000    0.616600    0.266100

     1.000000   0.00000000   0.00000000
   0.00000000     1.000000   0.00000000
   0.00000000   0.00000000     1.000000

    1.149800    0.516200

     1.000000   0.00000000
   0.00000000     1.000000

Pt:aug-cc-pVTZ-ccECP
ccECP aug-cc-pVTZ for Pt | source recipes/Pt/ccECP/Pt.aug-cc-pVTZ.gamess | ccECP from Haihan Zhou et al. Journal of Chemical Physics (2024) https://doi.org/10.1063/5.0180057

  5
    0    1    2    3    4
    6    6    5    3    2
   14   14   14    3    2

   84.278785   44.356413   23.345038   12.286629    6.466524
    3.403369    1.791213    0.942726    0.496162    0.261133
    0.137436    0.072333    0.038069    0.015228

    -0.000284     0.000045     0.000203    -0.002015   0.00000000   0.00000000
     0.005895    -0.001667     0.001650     0.007068   0.00000000   0.00000000
    -0.070917     0.023143    -0.040296     0.027276   0.00000000   0.00000000
     0.390999    -0.136087     0.257382    -0.292490   0.00000000   0.00000000
    -0.632934     0.239280    -0.450448     0.422456   0.00000000   0.00000000
    -0.448351     0.155490    -0.427512     1.541683   0.00000000   0.00000000
     0.661716    -0.292643     0.822606    -3.591527   0.00000000   0.00000000
     0.661429    -0.378381     1.209260    -0.242274   0.00000000   0.00000000
     0.211271    -0.158349    -0.666001     4.885664   0.00000000   0.00000000
     0.004001     0.115629    -1.473442    -2.557172   0.00000000   0.00000000
     0.007729     0.439060    -0.136373    -1.404370   0.00000000   0.00000000
    -0.003174     0.429264     0.654211     0.516340   0.00000000   0.00000000
     0.000585     0.252535     0.523307     0.772722     1.000000   0.00000000
   0.00000000   0.00000000   0.00000000   0.00000000   0.00000000     1.000000

   83.320659   43.914353   23.145165   12.198715    6.429362
    3.388611    1.785975    0.941303    0.496116    0.261479
    0.137813    0.072635    0.038282    0.015313

    -0.000021    -0.000064    -0.000341     0.000310   0.00000000   0.00000000
     0.000632     0.000048     0.001276    -0.001870   0.00000000   0.00000000
    -0.010061     0.004225     0.002704     0.012931   0.00000000   0.00000000
     0.090729    -0.047761    -0.063318    -0.093506   0.00000000   0.00000000
    -0.274974     0.155152     0.208663     0.203970   0.00000000   0.00000000
    -0.062578     0.043380     0.217064     0.877520   0.00000000   0.00000000
     0.466059    -0.334984    -1.009247    -3.557870   0.00000000   0.00000000
     0.480392    -0.440776    -0.475323     3.128034   0.00000000   0.00000000
     0.221809     0.075588     1.446575     0.743696   0.00000000   0.00000000
     0.034949     0.564530     0.392685    -2.537924   0.00000000   0.00000000
     0.007616     0.439564    -0.708242     0.668174   0.00000000   0.00000000
    -0.000886     0.117351    -0.436474     0.559681   0.00000000   0.00000000
     0.000460     0.007651    -0.041814     0.111720     1.000000   0.00000000
   0.00000000   0.00000000   0.00000000   0.00000000   0.00000000     1.000000

   74.470604   39.138755   20.569756   10.810637    5.681636
    2.986040    1.569342    0.824783    0.433473    0.227816
    0.119731    0.062926    0.033071    0.013228

     0.000024    -0.000066     0.000190   0.00000000   0.00000000
    -0.000059     0.000250    -0.000913   0.00000000   0.00000000
    -0.000632     0.000196     0.003881   0.00000000   0.00000000
     0.015824    -0.018276    -0.034713   0.00000000   0.00000000
    -0.092297     0.115983     0.189456   0.00000000   0.00000000
     0.049562    -0.058592    -0.110579   0.00000000   0.00000000
     0.271964    -0.470349    -1.067082   0.00000000   0.00000000
     0.338732    -0.408242     0.442815   0.00000000   0.00000000
     0.292166     0.207733     1.008257   0.00000000   0.00000000
     0.189646     0.472511    -0.250424   0.00000000   0.00000000
     0.093026     0.306374    -0.510272   0.00000000   0.00000000
     0.022643     0.083279    -0.212578   0.00000000   0.00000000
     0.001908     0.006827    -0.015125     1.000000   0.00000000
   0.00000000   0.00000000   0.00000000   0.00000000     1.000000

    1.304000    0.433700    0.166200

     1.000000   0.00000000   0.00000000
   0.00000000     1.000000   0.00000000
   0.00000000   0.00000000     1.000000

    1.077200    0.464300

     1.000000   0.00000000
   0.00000000     1.000000

Pt:cc-pCV5Z-ccECP
ccECP cc-pCV5Z for Pt | source recipes/Pt/ccECP/Pt.cc-pCV5Z.gamess | ccECP from Haihan Zhou et al. Journal of Chemical Physics (2024) https://doi.org/10.1063/5.0180057

  7
    0    1    2    3    4    5    6
    9    9    8    5    4    3    2
   15   15   15    5    4    3    2

   84.278785   44.356413   23.345038   12.286629    6.466524
    5.761500    3.573200    3.403369    1.791213    0.942726
    0.496162    0.261133    0.137436    0.072333    0.038069

    -0.000284     0.000045     0.000203    -0.002015     0.004863     0.056469
   0.00000000   0.00000000   0.00000000
     0.005895    -0.001667     0.001650     0.007068    -0.030813    -0.307410
   0.00000000   0.00000000   0.00000000
    -0.070917     0.023143    -0.040296     0.027276     0.167639     1.065387
   0.00000000   0.00000000   0.00000000
     0.390999    -0.136087     0.257382    -0.292490    -0.762537    -3.184249
   0.00000000   0.00000000   0.00000000
    -0.632934     0.239280    -0.450448     0.422456     1.395021     6.952156
   0.00000000   0.00000000   0.00000000
   0.00000000   0.00000000   0.00000000   0.00000000   0.00000000   0.00000000
   0.00000000     1.000000   0.00000000
   0.00000000   0.00000000   0.00000000   0.00000000   0.00000000   0.00000000
   0.00000000   0.00000000     1.000000
    -0.448351     0.155490    -0.427512     1.541683     1.725185    -7.551253
   0.00000000   0.00000000   0.00000000
     0.661716    -0.292643     0.822606    -3.591527    -9.351185    -0.880842
   0.00000000   0.00000000   0.00000000
     0.661429    -0.378381     1.209260    -0.242274    12.169893    13.854453
   0.00000000   0.00000000   0.00000000
     0.211271    -0.158349    -0.666001     4.885664    -5.571782   -22.125071
   0.00000000   0.00000000   0.00000000
     0.004001     0.115629    -1.473442    -2.557172    -2.736996    20.251554
   0.00000000   0.00000000   0.00000000
     0.007729     0.439060    -0.136373    -1.404370     3.906903   -10.491430
   0.00000000   0.00000000   0.00000000
    -0.003174     0.429264     0.654211     0.516340    -0.058100     1.418145
   0.00000000   0.00000000   0.00000000
     0.000585     0.252535     0.523307     0.772722    -1.159488     0.952905
     1.000000   0.00000000   0.00000000

   83.320659   43.914353   23.145165   12.198715    6.429362
    5.569500    3.484500    3.388611    1.785975    0.941303
    0.496116    0.261479    0.137813    0.072635    0.038282

    -0.000021    -0.000064    -0.000341     0.000310     0.013657    -0.048410
   0.00000000   0.00000000   0.00000000
     0.000632     0.000048     0.001276    -0.001870    -0.066486     0.237428
   0.00000000   0.00000000   0.00000000
    -0.010061     0.004225     0.002704     0.012931     0.212031    -0.748835
   0.00000000   0.00000000   0.00000000
     0.090729    -0.047761    -0.063318    -0.093506    -0.659034     2.156574
   0.00000000   0.00000000   0.00000000
    -0.274974     0.155152     0.208663     0.203970     1.716738    -5.649840
   0.00000000   0.00000000   0.00000000
   0.00000000   0.00000000   0.00000000   0.00000000   0.00000000   0.00000000
   0.00000000     1.000000   0.00000000
   0.00000000   0.00000000   0.00000000   0.00000000   0.00000000   0.00000000
   0.00000000   0.00000000     1.000000
    -0.062578     0.043380     0.217064     0.877520    -1.753636    10.233999
   0.00000000   0.00000000   0.00000000
     0.466059    -0.334984    -1.009247    -3.557870    -2.312493   -10.952392
   0.00000000   0.00000000   0.00000000
     0.480392    -0.440776    -0.475323     3.128034     7.180615     7.061467
   0.00000000   0.00000000   0.00000000
     0.221809     0.075588     1.446575     0.743696    -7.896728    -1.121839
   0.00000000   0.00000000   0.00000000
     0.034949     0.564530     0.392685    -2.537924     4.155874    -3.730174
   0.00000000   0.00000000   0.00000000
     0.007616     0.439564    -0.708242     0.668174    -0.190735     4.875042
   0.00000000   0.00000000   0.00000000
    -0.000886     0.117351    -0.436474     0.559681    -0.490525    -2.425624
   0.00000000   0.00000000   0.00000000
     0.000460     0.007651    -0.041814     0.111720    -0.314159     0.106196
     1.000000   0.00000000   0.00000000

   74.470604   39.138755   20.569756   10.810637    5.681636
    5.080300    3.178300    2.986040    1.569342    0.824783
    0.433473    0.227816    0.119731    0.062926    0.033071

     0.000024    -0.000066     0.000190     0.003289    -0.009600   0.00000000
   0.00000000   0.00000000
    -0.000059     0.000250    -0.000913    -0.014774     0.043226   0.00000000
   0.00000000   0.00000000
    -0.000632     0.000196     0.003881     0.044586    -0.129339   0.00000000
   0.00000000   0.00000000
     0.015824    -0.018276    -0.034713    -0.151908     0.399462   0.00000000
   0.00000000   0.00000000
    -0.092297     0.115983     0.189456     0.556804    -1.392984   0.00000000
   0.00000000   0.00000000
   0.00000000   0.00000000   0.00000000   0.00000000   0.00000000   0.00000000
     1.000000   0.00000000
   0.00000000   0.00000000   0.00000000   0.00000000   0.00000000   0.00000000
   0.00000000     1.000000
     0.049562    -0.058592    -0.110579    -0.846205     3.241770   0.00000000
   0.00000000   0.00000000
     0.271964    -0.470349    -1.067082    -1.121393    -2.710159   0.00000000
   0.00000000   0.00000000
     0.338732    -0.408242     0.442815     2.710666    -0.250736   0.00000000
   0.00000000   0.00000000
     0.292166     0.207733     1.008257    -1.433652     2.887129   0.00000000
   0.00000000   0.00000000
     0.189646     0.472511    -0.250424    -0.603089    -2.943425   0.00000000
   0.00000000   0.00000000
     0.093026     0.306374    -0.510272     0.501786     0.946788   0.00000000
   0.00000000   0.00000000
     0.022643     0.083279    -0.212578     0.391386     0.227268   0.00000000
   0.00000000   0.00000000
     0.001908     0.006827    -0.015125     0.030702     0.175424     1.000000
   0.00000000   0.00000000

    3.567800    1.982200    1.101300    0.611900    0.238800

     1.000000   0.00000000   0.00000000   0.00000000   0.00000000
   0.00000000     1.000000   0.00000000   0.00000000   0.00000000
   0.00000000   0.00000000     1.000000   0.00000000   0.00000000
   0.00000000   0.00000000   0.00000000     1.000000   0.00000000
   0.00000000   0.00000000   0.00000000   0.00000000     1.000000

    3.298800    1.897800    1.091800    0.441900

     1.000000   0.00000000   0.00000000   0.00000000
   0.00000000     1.000000   0.00000000   0.00000000
   0.00000000   0.00000000     1.000000   0.00000000
   0.00000000   0.00000000   0.00000000     1.000000

    2.974300    1.712700    0.733200

     1.000000   0.00000000   0.00000000
   0.00000000     1.000000   0.00000000
   0.00000000   0.00000000     1.000000

    2.976300    1.537000

     1.000000   0.00000000
   0.00000000     1.000000

Pt:cc-pCVDZ-ccECP
ccECP cc-pCVDZ for Pt | source recipes/Pt/ccECP/Pt.cc-pCVDZ.gamess | ccECP from Haihan Zhou et al. Journal of Chemical Physics (2024) https://doi.org/10.1063/5.0180057

  4
    0    1    2    3
    5    5    4    2
   14   14   14    2

   84.278785   44.356413   23.345038   12.286629    6.466524
    3.403369    1.941400    1.791213    0.942726    0.496162
    0.261133    0.137436    0.072333    0.038069

    -0.000284     0.000045     0.000203   0.00000000   0.00000000
     0.005895    -0.001667     0.001650   0.00000000   0.00000000
    -0.070917     0.023143    -0.040296   0.00000000   0.00000000
     0.390999    -0.136087     0.257382   0.00000000   0.00000000
    -0.632934     0.239280    -0.450448   0.00000000   0.00000000
    -0.448351     0.155490    -0.427512   0.00000000   0.00000000
   0.00000000   0.00000000   0.00000000   0.00000000     1.000000
     0.661716    -0.292643     0.822606   0.00000000   0.00000000
     0.661429    -0.378381     1.209260   0.00000000   0.00000000
     0.211271    -0.158349    -0.666001   0.00000000   0.00000000
     0.004001     0.115629    -1.473442   0.00000000   0.00000000
     0.007729     0.439060    -0.136373   0.00000000   0.00000000
    -0.003174     0.429264     0.654211   0.00000000   0.00000000
     0.000585     0.252535     0.523307     1.000000   0.00000000

   83.320659   43.914353   23.145165   12.198715    6.429362
    3.388611    2.148100    1.785975    0.941303    0.496116
    0.261479    0.137813    0.072635    0.038282

    -0.000021    -0.000064    -0.000341   0.00000000   0.00000000
     0.000632     0.000048     0.001276   0.00000000   0.00000000
    -0.010061     0.004225     0.002704   0.00000000   0.00000000
     0.090729    -0.047761    -0.063318   0.00000000   0.00000000
    -0.274974     0.155152     0.208663   0.00000000   0.00000000
    -0.062578     0.043380     0.217064   0.00000000   0.00000000
   0.00000000   0.00000000   0.00000000   0.00000000     1.000000
     0.466059    -0.334984    -1.009247   0.00000000   0.00000000
     0.480392    -0.440776    -0.475323   0.00000000   0.00000000
     0.221809     0.075588     1.446575   0.00000000   0.00000000
     0.034949     0.564530     0.392685   0.00000000   0.00000000
     0.007616     0.439564    -0.708242   0.00000000   0.00000000
    -0.000886     0.117351    -0.436474   0.00000000   0.00000000
     0.000460     0.007651    -0.041814     1.000000   0.00000000

   74.470604   39.138755   20.569756   10.810637    5.681636
    2.986040    1.804700    1.569342    0.824783    0.433473
    0.227816    0.119731    0.062926    0.033071

     0.000024    -0.000066   0.00000000   0.00000000
    -0.000059     0.000250   0.00000000   0.00000000
    -0.000632     0.000196   0.00000000   0.00000000
     0.015824    -0.018276   0.00000000   0.00000000
    -0.092297     0.115983   0.00000000   0.00000000
     0.049562    -0.058592   0.00000000   0.00000000
   0.00000000   0.00000000   0.00000000     1.000000
     0.271964    -0.470349   0.00000000   0.00000000
     0.338732    -0.408242   0.00000000   0.00000000
     0.292166     0.207733   0.00000000   0.00000000
     0.189646     0.472511   0.00000000   0.00000000
     0.093026     0.306374   0.00000000   0.00000000
     0.022643     0.083279   0.00000000   0.00000000
     0.001908     0.006827     1.000000   0.00000000

    1.914900    0.801800

     1.000000   0.00000000
   0.00000000     1.000000

Pt:cc-pCVQZ-ccECP
ccECP cc-pCVQZ for Pt | source recipes/Pt/ccECP/Pt.cc-pCVQZ.gamess | ccECP from Haihan Zhou et al. Journal of Chemical Physics (2024) https://doi.org/10.1063/5.0180057

  6
    0    1    2    3    4    5
    8    8    7    4    3    2
   15   15   15    4    3    2

   84.278785   44.356413   23.345038   12.286629    6.466524
    3.403369    1.791213    1.158800    0.942726    0.725000
    0.496162    0.261133    0.137436    0.072333    0.038069

    -0.000284     0.000045     0.000203    -0.002015     0.004863   0.00000000
   0.00000000   0.00000000
     0.005895    -0.001667     0.001650     0.007068    -0.030813   0.00000000
   0.00000000   0.00000000
    -0.070917     0.023143    -0.040296     0.027276     0.167639   0.00000000
   0.00000000   0.00000000
     0.390999    -0.136087     0.257382    -0.292490    -0.762537   0.00000000
   0.00000000   0.00000000
    -0.632934     0.239280    -0.450448     0.422456     1.395021   0.00000000
   0.00000000   0.00000000
    -0.448351     0.155490    -0.427512     1.541683     1.725185   0.00000000
   0.00000000   0.00000000
     0.661716    -0.292643     0.822606    -3.591527    -9.351185   0.00000000
   0.00000000   0.00000000
   0.00000000   0.00000000   0.00000000   0.00000000   0.00000000   0.00000000
     1.000000   0.00000000
     0.661429    -0.378381     1.209260    -0.242274    12.169893   0.00000000
   0.00000000   0.00000000
   0.00000000   0.00000000   0.00000000   0.00000000   0.00000000   0.00000000
   0.00000000     1.000000
     0.211271    -0.158349    -0.666001     4.885664    -5.571782   0.00000000
   0.00000000   0.00000000
     0.004001     0.115629    -1.473442    -2.557172    -2.736996   0.00000000
   0.00000000   0.00000000
     0.007729     0.439060    -0.136373    -1.404370     3.906903   0.00000000
   0.00000000   0.00000000
    -0.003174     0.429264     0.654211     0.516340    -0.058100   0.00000000
   0.00000000   0.00000000
     0.000585     0.252535     0.523307     0.772722    -1.159488     1.000000
   0.00000000   0.00000000

   83.320659   43.914353   23.145165   12.198715    6.429362
    3.388611    2.534400    1.785975    1.585300    0.941303
    0.496116    0.261479    0.137813    0.072635    0.038282

    -0.000021    -0.000064    -0.000341     0.000310     0.013657   0.00000000
   0.00000000   0.00000000
     0.000632     0.000048     0.001276    -0.001870    -0.066486   0.00000000
   0.00000000   0.00000000
    -0.010061     0.004225     0.002704     0.012931     0.212031   0.00000000
   0.00000000   0.00000000
     0.090729    -0.047761    -0.063318    -0.093506    -0.659034   0.00000000
   0.00000000   0.00000000
    -0.274974     0.155152     0.208663     0.203970     1.716738   0.00000000
   0.00000000   0.00000000
    -0.062578     0.043380     0.217064     0.877520    -1.753636   0.00000000
   0.00000000   0.00000000
   0.00000000   0.00000000   0.00000000   0.00000000   0.00000000   0.00000000
     1.000000   0.00000000
     0.466059    -0.334984    -1.009247    -3.557870    -2.312493   0.00000000
   0.00000000   0.00000000
   0.00000000   0.00000000   0.00000000   0.00000000   0.00000000   0.00000000
   0.00000000     1.000000
     0.480392    -0.440776    -0.475323     3.128034     7.180615   0.00000000
   0.00000000   0.00000000
     0.221809     0.075588     1.446575     0.743696    -7.896728   0.00000000
   0.00000000   0.00000000
     0.034949     0.564530     0.392685    -2.537924     4.155874   0.00000000
   0.00000000   0.00000000
     0.007616     0.439564    -0.708242     0.668174    -0.190735   0.00000000
   0.00000000   0.00000000
    -0.000886     0.117351    -0.436474     0.559681    -0.490525   0.00000000
   0.00000000   0.00000000
     0.000460     0.007651    -0.041814     0.111720    -0.314159     1.000000
   0.00000000   0.00000000

   74.470604   39.138755   20.569756   10.810637    5.681636
    3.471100    2.986040    1.569342    1.435000    0.824783
    0.433473    0.227816    0.119731    0.062926    0.033071

     0.000024    -0.000066     0.000190     0.003289   0.00000000   0.00000000
   0.00000000
    -0.000059     0.000250    -0.000913    -0.014774   0.00000000   0.00000000
   0.00000000
    -0.000632     0.000196     0.003881     0.044586   0.00000000   0.00000000
   0.00000000
     0.015824    -0.018276    -0.034713    -0.151908   0.00000000   0.00000000
   0.00000000
    -0.092297     0.115983     0.189456     0.556804   0.00000000   0.00000000
   0.00000000
   0.00000000   0.00000000   0.00000000   0.00000000   0.00000000     1.000000
   0.00000000
     0.049562    -0.058592    -0.110579    -0.846205   0.00000000   0.00000000
   0.00000000
     0.271964    -0.470349    -1.067082    -1.121393   0.00000000   0.00000000
   0.00000000
   0.00000000   0.00000000   0.00000000   0.00000000   0.00000000   0.00000000
     1.000000
     0.338732    -0.408242     0.442815     2.710666   0.00000000   0.00000000
   0.00000000
     0.292166     0.207733     1.008257    -1.433652   0.00000000   0.00000000
   0.00000000
     0.189646     0.472511    -0.250424    -0.603089   0.00000000   0.00000000
   0.00000000
     0.093026     0.306374    -0.510272     0.501786   0.00000000   0.00000000
   0.00000000
     0.022643     0.083279    -0.212578     0.391386   0.00000000   0.00000000
   0.00000000
     0.001908     0.006827    -0.015125     0.030702     1.000000   0.00000000
   0.00000000

    2.302700    1.327400    0.765200    0.295800

     1.000000   0.00000000   0.00000000   0.00000000
   0.00000000     1.000000   0.00000000   0.00000000
   0.00000000   0.00000000     1.000000   0.00000000
   0.00000000   0.00000000   0.00000000     1.000000

    2.847800    1.429100    0.616600

     1.000000   0.00000000   0.00000000
   0.00000000     1.000000   0.00000000
   0.00000000   0.00000000     1.000000

    2.561000    1.149800

     1.000000   0.00000000
   0.00000000     1.000000

Pt:cc-pCVTZ-ccECP
ccECP cc-pCVTZ for Pt | source recipes/Pt/ccECP/Pt.cc-pCVTZ.gamess | ccECP from Haihan Zhou et al. Journal of Chemical Physics (2024) https://doi.org/10.1063/5.0180057

  5
    0    1    2    3    4
    7    7    6    3    2
   15   15   15    3    2

   84.278785   44.356413   23.345038   12.286629    6.466524
    3.403369    1.860100    1.791213    1.166900    0.942726
    0.496162    0.261133    0.137436    0.072333    0.038069

    -0.000284     0.000045     0.000203    -0.002015   0.00000000   0.00000000
   0.00000000
     0.005895    -0.001667     0.001650     0.007068   0.00000000   0.00000000
   0.00000000
    -0.070917     0.023143    -0.040296     0.027276   0.00000000   0.00000000
   0.00000000
     0.390999    -0.136087     0.257382    -0.292490   0.00000000   0.00000000
   0.00000000
    -0.632934     0.239280    -0.450448     0.422456   0.00000000   0.00000000
   0.00000000
    -0.448351     0.155490    -0.427512     1.541683   0.00000000   0.00000000
   0.00000000
   0.00000000   0.00000000   0.00000000   0.00000000   0.00000000     1.000000
   0.00000000
     0.661716    -0.292643     0.822606    -3.591527   0.00000000   0.00000000
   0.00000000
   0.00000000   0.00000000   0.00000000   0.00000000   0.00000000   0.00000000
     1.000000
     0.661429    -0.378381     1.209260    -0.242274   0.00000000   0.00000000
   0.00000000
     0.211271    -0.158349    -0.666001     4.885664   0.00000000   0.00000000
   0.00000000
     0.004001     0.115629    -1.473442    -2.557172   0.00000000   0.00000000
   0.00000000
     0.007729     0.439060    -0.136373    -1.404370   0.00000000   0.00000000
   0.00000000
    -0.003174     0.429264     0.654211     0.516340   0.00000000   0.00000000
   0.00000000
     0.000585     0.252535     0.523307     0.772722     1.000000   0.00000000
   0.00000000

   83.320659   43.914353   23.145165   12.198715    6.429362
    3.388611    2.529100    1.785975    1.071400    0.941303
    0.496116    0.261479    0.137813    0.072635    0.038282

    -0.000021    -0.000064    -0.000341     0.000310   0.00000000   0.00000000
   0.00000000
     0.000632     0.000048     0.001276    -0.001870   0.00000000   0.00000000
   0.00000000
    -0.010061     0.004225     0.002704     0.012931   0.00000000   0.00000000
   0.00000000
     0.090729    -0.047761    -0.063318    -0.093506   0.00000000   0.00000000
   0.00000000
    -0.274974     0.155152     0.208663     0.203970   0.00000000   0.00000000
   0.00000000
    -0.062578     0.043380     0.217064     0.877520   0.00000000   0.00000000
   0.00000000
   0.00000000   0.00000000   0.00000000   0.00000000   0.00000000     1.000000
   0.00000000
     0.466059    -0.334984    -1.009247    -3.557870   0.00000000   0.00000000
   0.00000000
   0.00000000   0.00000000   0.00000000   0.00000000   0.00000000   0.00000000
     1.000000
     0.480392    -0.440776    -0.475323     3.128034   0.00000000   0.00000000
   0.00000000
     0.221809     0.075588     1.446575     0.743696   0.00000000   0.00000000
   0.00000000
     0.034949     0.564530     0.392685    -2.537924   0.00000000   0.00000000
   0.00000000
     0.007616     0.439564    -0.708242     0.668174   0.00000000   0.00000000
   0.00000000
    -0.000886     0.117351    -0.436474     0.559681   0.00000000   0.00000000
   0.00000000
     0.000460     0.007651    -0.041814     0.111720     1.000000   0.00000000
   0.00000000

   74.470604   39.138755   20.569756   10.810637    5.681636
    3.178100    2.986040    1.569342    1.062400    0.824783
    0.433473    0.227816    0.119731    0.062926    0.033071

     0.000024    -0.000066     0.000190   0.00000000   0.00000000   0.00000000
    -0.000059     0.000250    -0.000913   0.00000000   0.00000000   0.00000000
    -0.000632     0.000196     0.003881   0.00000000   0.00000000   0.00000000
     0.015824    -0.018276    -0.034713   0.00000000   0.00000000   0.00000000
    -0.092297     0.115983     0.189456   0.00000000   0.00000000   0.00000000
   0.00000000   0.00000000   0.00000000   0.00000000     1.000000   0.00000000
     0.049562    -0.058592    -0.110579   0.00000000   0.00000000   0.00000000
     0.271964    -0.470349    -1.067082   0.00000000   0.00000000   0.00000000
   0.00000000   0.00000000   0.00000000   0.00000000   0.00000000     1.000000
     0.338732    -0.408242     0.442815   0.00000000   0.00000000   0.00000000
     0.292166     0.207733     1.008257   0.00000000   0.00000000   0.00000000
     0.189646     0.472511    -0.250424   0.00000000   0.00000000   0.00000000
     0.093026     0.306374    -0.510272   0.00000000   0.00000000   0.00000000
     0.022643     0.083279    -0.212578   0.00000000   0.00000000   0.00000000
     0.001908     0.006827    -0.015125     1.000000   0.00000000   0.00000000

    2.107700    1.131800    0.433700

     1.000000   0.00000000   0.00000000
   0.00000000     1.000000   0.00000000
   0.00000000   0.00000000     1.000000

    2.498900    1.077200

     1.000000   0.00000000
   0.00000000     1.000000

Pt:cc-pV5Z-ccECP
ccECP cc-pV5Z for Pt | source recipes/Pt/ccECP/Pt.cc-pV5Z.gamess | ccECP from Haihan Zhou et al. Journal of Chemical Physics (2024) https://doi.org/10.1063/5.0180057

  7
    0    1    2    3    4    5    6
    7    7    6    4    3    2    1
   13   13   13    4    3    2    1

   84.278785   44.356413   23.345038   12.286629    6.466524
    3.403369    1.791213    0.942726    0.496162    0.261133
    0.137436    0.072333    0.038069

    -0.000284     0.000045     0.000203    -0.002015     0.004863     0.056469
   0.00000000
     0.005895    -0.001667     0.001650     0.007068    -0.030813    -0.307410
   0.00000000
    -0.070917     0.023143    -0.040296     0.027276     0.167639     1.065387
   0.00000000
     0.390999    -0.136087     0.257382    -0.292490    -0.762537    -3.184249
   0.00000000
    -0.632934     0.239280    -0.450448     0.422456     1.395021     6.952156
   0.00000000
    -0.448351     0.155490    -0.427512     1.541683     1.725185    -7.551253
   0.00000000
     0.661716    -0.292643     0.822606    -3.591527    -9.351185    -0.880842
   0.00000000
     0.661429    -0.378381     1.209260    -0.242274    12.169893    13.854453
   0.00000000
     0.211271    -0.158349    -0.666001     4.885664    -5.571782   -22.125071
   0.00000000
     0.004001     0.115629    -1.473442    -2.557172    -2.736996    20.251554
   0.00000000
     0.007729     0.439060    -0.136373    -1.404370     3.906903   -10.491430
   0.00000000
    -0.003174     0.429264     0.654211     0.516340    -0.058100     1.418145
   0.00000000
     0.000585     0.252535     0.523307     0.772722    -1.159488     0.952905
     1.000000

   83.320659   43.914353   23.145165   12.198715    6.429362
    3.388611    1.785975    0.941303    0.496116    0.261479
    0.137813    0.072635    0.038282

    -0.000021    -0.000064    -0.000341     0.000310     0.013657    -0.048410
   0.00000000
     0.000632     0.000048     0.001276    -0.001870    -0.066486     0.237428
   0.00000000
    -0.010061     0.004225     0.002704     0.012931     0.212031    -0.748835
   0.00000000
     0.090729    -0.047761    -0.063318    -0.093506    -0.659034     2.156574
   0.00000000
    -0.274974     0.155152     0.208663     0.203970     1.716738    -5.649840
   0.00000000
    -0.062578     0.043380     0.217064     0.877520    -1.753636    10.233999
   0.00000000
     0.466059    -0.334984    -1.009247    -3.557870    -2.312493   -10.952392
   0.00000000
     0.480392    -0.440776    -0.475323     3.128034     7.180615     7.061467
   0.00000000
     0.221809     0.075588     1.446575     0.743696    -7.896728    -1.121839
   0.00000000
     0.034949     0.564530     0.392685    -2.537924     4.155874    -3.730174
   0.00000000
     0.007616     0.439564    -0.708242     0.668174    -0.190735     4.875042
   0.00000000
    -0.000886     0.117351    -0.436474     0.559681    -0.490525    -2.425624
   0.00000000
     0.000460     0.007651    -0.041814     0.111720    -0.314159     0.106196
     1.000000

   74.470604   39.138755   20.569756   10.810637    5.681636
    2.986040    1.569342    0.824783    0.433473    0.227816
    0.119731    0.062926    0.033071

     0.000024    -0.000066     0.000190     0.003289    -0.009600   0.00000000
    -0.000059     0.000250    -0.000913    -0.014774     0.043226   0.00000000
    -0.000632     0.000196     0.003881     0.044586    -0.129339   0.00000000
     0.015824    -0.018276    -0.034713    -0.151908     0.399462   0.00000000
    -0.092297     0.115983     0.189456     0.556804    -1.392984   0.00000000
     0.049562    -0.058592    -0.110579    -0.846205     3.241770   0.00000000
     0.271964    -0.470349    -1.067082    -1.121393    -2.710159   0.00000000
     0.338732    -0.408242     0.442815     2.710666    -0.250736   0.00000000
     0.292166     0.207733     1.008257    -1.433652     2.887129   0.00000000
     0.189646     0.472511    -0.250424    -0.603089    -2.943425   0.00000000
     0.093026     0.306374    -0.510272     0.501786     0.946788   0.00000000
     0.022643     0.083279    -0.212578     0.391386     0.227268   0.00000000
     0.001908     0.006827    -0.015125     0.030702     0.175424     1.000000

    1.966600    0.973900    0.482300    0.238800

     1.000000   0.00000000   0.00000000   0.00000000
   0.00000000     1.000000   0.00000000   0.00000000
   0.00000000   0.00000000     1.000000   0.00000000
   0.00000000   0.00000000   0.00000000     1.000000

    2.367500    1.022900    0.441900

     1.000000   0.00000000   0.00000000
   0.00000000     1.000000   0.00000000
   0.00000000   0.00000000     1.000000

    1.843600    0.733200

     1.000000   0.00000000
   0.00000000     1.000000

    1.537000

     1.000000

Pt:cc-pVDZ-ccECP
ccECP cc-pVDZ for Pt | source recipes/Pt/ccECP/Pt.cc-pVDZ.gamess | ccECP from Haihan Zhou et al. Journal of Chemical Physics (2024) https://doi.org/10.1063/5.0180057

  4
    0    1    2    3
    4    4    3    1
   13   13   13    1

   84.278785   44.356413   23.345038   12.286629    6.466524
    3.403369    1.791213    0.942726    0.496162    0.261133
    0.137436    0.072333    0.038069

    -0.000284     0.000045     0.000203   0.00000000
     0.005895    -0.001667     0.001650   0.00000000
    -0.070917     0.023143    -0.040296   0.00000000
     0.390999    -0.136087     0.257382   0.00000000
    -0.632934     0.239280    -0.450448   0.00000000
    -0.448351     0.155490    -0.427512   0.00000000
     0.661716    -0.292643     0.822606   0.00000000
     0.661429    -0.378381     1.209260   0.00000000
     0.211271    -0.158349    -0.666001   0.00000000
     0.004001     0.115629    -1.473442   0.00000000
     0.007729     0.439060    -0.136373   0.00000000
    -0.003174     0.429264     0.654211   0.00000000
     0.000585     0.252535     0.523307     1.000000

   83.320659   43.914353   23.145165   12.198715    6.429362
    3.388611    1.785975    0.941303    0.496116    0.261479
    0.137813    0.072635    0.038282

    -0.000021    -0.000064    -0.000341   0.00000000
     0.000632     0.000048     0.001276   0.00000000
    -0.010061     0.004225     0.002704   0.00000000
     0.090729    -0.047761    -0.063318   0.00000000
    -0.274974     0.155152     0.208663   0.00000000
    -0.062578     0.043380     0.217064   0.00000000
     0.466059    -0.334984    -1.009247   0.00000000
     0.480392    -0.440776    -0.475323   0.00000000
     0.221809     0.075588     1.446575   0.00000000
     0.034949     0.564530     0.392685   0.00000000
     0.007616     0.439564    -0.708242   0.00000000
    -0.000886     0.117351    -0.436474   0.00000000
     0.000460     0.007651    -0.041814     1.000000

   74.470604   39.138755   20.569756   10.810637    5.681636
    2.986040    1.569342    0.824783    0.433473    0.227816
    0.119731    0.062926    0.033071

     0.000024    -0.000066   0.00000000
    -0.000059     0.000250   0.00000000
    -0.000632     0.000196   0.00000000
     0.015824    -0.018276   0.00000000
    -0.092297     0.115983   0.00000000
     0.049562    -0.058592   0.00000000
     0.271964    -0.470349   0.00000000
     0.338732    -0.408242   0.00000000
     0.292166     0.207733   0.00000000
     0.189646     0.472511   0.00000000
     0.093026     0.306374   0.00000000
     0.022643     0.083279   0.00000000
     0.001908     0.006827     1.000000

    0.801800

     1.000000

Pt:cc-pVQZ-ccECP
ccECP cc-pVQZ for Pt | source recipes/Pt/ccECP/Pt.cc-pVQZ.gamess | ccECP from Haihan Zhou et al. Journal of Chemical Physics (2024) https://doi.org/10.1063/5.0180057

  6
    0    1    2    3    4    5
    6    6    5    3    2    1
   13   13   13    3    2    1

   84.278785   44.356413   23.345038   12.286629    6.466524
    3.403369    1.791213    0.942726    0.496162    0.261133
    0.137436    0.072333    0.038069

    -0.000284     0.000045     0.000203    -0.002015     0.004863   0.00000000
     0.005895    -0.001667     0.001650     0.007068    -0.030813   0.00000000
    -0.070917     0.023143    -0.040296     0.027276     0.167639   0.00000000
     0.390999    -0.136087     0.257382    -0.292490    -0.762537   0.00000000
    -0.632934     0.239280    -0.450448     0.422456     1.395021   0.00000000
    -0.448351     0.155490    -0.427512     1.541683     1.725185   0.00000000
     0.661716    -0.292643     0.822606    -3.591527    -9.351185   0.00000000
     0.661429    -0.378381     1.209260    -0.242274    12.169893   0.00000000
     0.211271    -0.158349    -0.666001     4.885664    -5.571782   0.00000000
     0.004001     0.115629    -1.473442    -2.557172    -2.736996   0.00000000
     0.007729     0.439060    -0.136373    -1.404370     3.906903   0.00000000
    -0.003174     0.429264     0.654211     0.516340    -0.058100   0.00000000
     0.000585     0.252535     0.523307     0.772722    -1.159488     1.000000

   83.320659   43.914353   23.145165   12.198715    6.429362
    3.388611    1.785975    0.941303    0.496116    0.261479
    0.137813    0.072635    0.038282

    -0.000021    -0.000064    -0.000341     0.000310     0.013657   0.00000000
     0.000632     0.000048     0.001276    -0.001870    -0.066486   0.00000000
    -0.010061     0.004225     0.002704     0.012931     0.212031   0.00000000
     0.090729    -0.047761    -0.063318    -0.093506    -0.659034   0.00000000
    -0.274974     0.155152     0.208663     0.203970     1.716738   0.00000000
    -0.062578     0.043380     0.217064     0.877520    -1.753636   0.00000000
     0.466059    -0.334984    -1.009247    -3.557870    -2.312493   0.00000000
     0.480392    -0.440776    -0.475323     3.128034     7.180615   0.00000000
     0.221809     0.075588     1.446575     0.743696    -7.896728   0.00000000
     0.034949     0.564530     0.392685    -2.537924     4.155874   0.00000000
     0.007616     0.439564    -0.708242     0.668174    -0.190735   0.00000000
    -0.000886     0.117351    -0.436474     0.559681    -0.490525   0.00000000
     0.000460     0.007651    -0.041814     0.111720    -0.314159     1.000000

   74.470604   39.138755   20.569756   10.810637    5.681636
    2.986040    1.569342    0.824783    0.433473    0.227816
    0.119731    0.062926    0.033071

     0.000024    -0.000066     0.000190     0.003289   0.00000000
    -0.000059     0.000250    -0.000913    -0.014774   0.00000000
    -0.000632     0.000196     0.003881     0.044586   0.00000000
     0.015824    -0.018276    -0.034713    -0.151908   0.00000000
    -0.092297     0.115983     0.189456     0.556804   0.00000000
     0.049562    -0.058592    -0.110579    -0.846205   0.00000000
     0.271964    -0.470349    -1.067082    -1.121393   0.00000000
     0.338732    -0.408242     0.442815     2.710666   0.00000000
     0.292166     0.207733     1.008257    -1.433652   0.00000000
     0.189646     0.472511    -0.250424    -0.603089   0.00000000
     0.093026     0.306374    -0.510272     0.501786   0.00000000
     0.022643     0.083279    -0.212578     0.391386   0.00000000
     0.001908     0.006827    -0.015125     0.030702     1.000000

    1.666000    0.701900    0.295800

     1.000000   0.00000000   0.00000000
   0.00000000     1.000000   0.00000000
   0.00000000   0.00000000     1.000000

    1.707000    0.616600

     1.000000   0.00000000
   0.00000000     1.000000

    1.149800

     1.000000

Pt:cc-pVTZ-ccECP
ccECP cc-pVTZ for Pt | source recipes/Pt/ccECP/Pt.cc-pVTZ.gamess | ccECP from Haihan Zhou et al. Journal of Chemical Physics (2024) https://doi.org/10.1063/5.0180057

  5
    0    1    2    3    4
    5    5    4    2    1
   13   13   13    2    1

   84.278785   44.356413   23.345038   12.286629    6.466524
    3.403369    1.791213    0.942726    0.496162    0.261133
    0.137436    0.072333    0.038069

    -0.000284     0.000045     0.000203    -0.002015   0.00000000
     0.005895    -0.001667     0.001650     0.007068   0.00000000
    -0.070917     0.023143    -0.040296     0.027276   0.00000000
     0.390999    -0.136087     0.257382    -0.292490   0.00000000
    -0.632934     0.239280    -0.450448     0.422456   0.00000000
    -0.448351     0.155490    -0.427512     1.541683   0.00000000
     0.661716    -0.292643     0.822606    -3.591527   0.00000000
     0.661429    -0.378381     1.209260    -0.242274   0.00000000
     0.211271    -0.158349    -0.666001     4.885664   0.00000000
     0.004001     0.115629    -1.473442    -2.557172   0.00000000
     0.007729     0.439060    -0.136373    -1.404370   0.00000000
    -0.003174     0.429264     0.654211     0.516340   0.00000000
     0.000585     0.252535     0.523307     0.772722     1.000000

   83.320659   43.914353   23.145165   12.198715    6.429362
    3.388611    1.785975    0.941303    0.496116    0.261479
    0.137813    0.072635    0.038282

    -0.000021    -0.000064    -0.000341     0.000310   0.00000000
     0.000632     0.000048     0.001276    -0.001870   0.00000000
    -0.010061     0.004225     0.002704     0.012931   0.00000000
     0.090729    -0.047761    -0.063318    -0.093506   0.00000000
    -0.274974     0.155152     0.208663     0.203970   0.00000000
    -0.062578     0.043380     0.217064     0.877520   0.00000000
     0.466059    -0.334984    -1.009247    -3.557870   0.00000000
     0.480392    -0.440776    -0.475323     3.128034   0.00000000
     0.221809     0.075588     1.446575     0.743696   0.00000000
     0.034949     0.564530     0.392685    -2.537924   0.00000000
     0.007616     0.439564    -0.708242     0.668174   0.00000000
    -0.000886     0.117351    -0.436474     0.559681   0.00000000
     0.000460     0.007651    -0.041814     0.111720     1.000000

   74.470604   39.138755   20.569756   10.810637    5.681636
    2.986040    1.569342    0.824783    0.433473    0.227816
    0.119731    0.062926    0.033071

     0.000024    -0.000066     0.000190   0.00000000
    -0.000059     0.000250    -0.000913   0.00000000
    -0.000632     0.000196     0.003881   0.00000000
     0.015824    -0.018276    -0.034713   0.00000000
    -0.092297     0.115983     0.189456   0.00000000
     0.049562    -0.058592    -0.110579   0.00000000
     0.271964    -0.470349    -1.067082   0.00000000
     0.338732    -0.408242     0.442815   0.00000000
     0.292166     0.207733     1.008257   0.00000000
     0.189646     0.472511    -0.250424   0.00000000
     0.093026     0.306374    -0.510272   0.00000000
     0.022643     0.083279    -0.212578   0.00000000
     0.001908     0.006827    -0.015125     1.000000

    1.304000    0.433700

     1.000000   0.00000000
   0.00000000     1.000000

    1.077200

     1.000000

