
Sn:aug-cc-pV5Z-ccECP
ccECP aug-cc-pV5Z for Sn | source recipes/Sn/ccECP/Sn.aug-cc-pV5Z.gamess | ccECP from A. Annaberdiyev et al. npj Quantum Materials (2023) https://www.nature.com/articles/s41535-023-00583-6

  6
    0    1    2    3    4    5
    6    6    5    4    3    2
   14   14    5    4    3    2

   22.937872   10.885303    5.165685    3.846349    2.451407
    1.163330    1.035245    0.552065    0.278636    0.261986
    0.124327    0.074995    0.059000    0.029998

    -0.000484   0.00000000   0.00000000   0.00000000   0.00000000   0.00000000
     0.004079   0.00000000   0.00000000   0.00000000   0.00000000   0.00000000
    -0.032384   0.00000000   0.00000000   0.00000000   0.00000000   0.00000000
   0.00000000     1.000000   0.00000000   0.00000000   0.00000000   0.00000000
     0.215013   0.00000000   0.00000000   0.00000000   0.00000000   0.00000000
    -0.539092   0.00000000   0.00000000   0.00000000   0.00000000   0.00000000
   0.00000000   0.00000000     1.000000   0.00000000   0.00000000   0.00000000
    -0.051604   0.00000000   0.00000000   0.00000000   0.00000000   0.00000000
   0.00000000   0.00000000   0.00000000     1.000000   0.00000000   0.00000000
     0.432369   0.00000000   0.00000000   0.00000000   0.00000000   0.00000000
     0.588800   0.00000000   0.00000000   0.00000000   0.00000000   0.00000000
   0.00000000   0.00000000   0.00000000   0.00000000     1.000000   0.00000000
     0.233371   0.00000000   0.00000000   0.00000000   0.00000000   0.00000000
   0.00000000   0.00000000   0.00000000   0.00000000   0.00000000     1.000000

   10.474808    5.994735    5.048810    2.433504    1.277571
    1.172938    0.565351    0.272497    0.272270    0.131342
    0.063306    0.058025    0.030513    0.023210

    -0.000601   0.00000000   0.00000000   0.00000000   0.00000000   0.00000000
   0.00000000     1.000000   0.00000000   0.00000000   0.00000000   0.00000000
     0.000401   0.00000000   0.00000000   0.00000000   0.00000000   0.00000000
     0.032461   0.00000000   0.00000000   0.00000000   0.00000000   0.00000000
   0.00000000   0.00000000     1.000000   0.00000000   0.00000000   0.00000000
    -0.169156   0.00000000   0.00000000   0.00000000   0.00000000   0.00000000
     0.034827   0.00000000   0.00000000   0.00000000   0.00000000   0.00000000
     0.257002   0.00000000   0.00000000   0.00000000   0.00000000   0.00000000
   0.00000000   0.00000000   0.00000000     1.000000   0.00000000   0.00000000
     0.462660   0.00000000   0.00000000   0.00000000   0.00000000   0.00000000
     0.328728   0.00000000   0.00000000   0.00000000   0.00000000   0.00000000
   0.00000000   0.00000000   0.00000000   0.00000000     1.000000   0.00000000
     0.081186   0.00000000   0.00000000   0.00000000   0.00000000   0.00000000
   0.00000000   0.00000000   0.00000000   0.00000000   0.00000000     1.000000

    0.731355    0.353828    0.171181    0.082817    0.033127

     1.000000   0.00000000   0.00000000   0.00000000   0.00000000
   0.00000000     1.000000   0.00000000   0.00000000   0.00000000
   0.00000000   0.00000000     1.000000   0.00000000   0.00000000
   0.00000000   0.00000000   0.00000000     1.000000   0.00000000
   0.00000000   0.00000000   0.00000000   0.00000000     1.000000

    0.494123    0.263229    0.140227    0.056091

     1.000000   0.00000000   0.00000000   0.00000000
   0.00000000     1.000000   0.00000000   0.00000000
   0.00000000   0.00000000     1.000000   0.00000000
   0.00000000   0.00000000   0.00000000     1.000000

    0.533926    0.260202    0.104081

     1.000000   0.00000000   0.00000000
   0.00000000     1.000000   0.00000000
   0.00000000   0.00000000     1.000000

    0.464320    0.185728

     1.000000   0.00000000
   0.00000000     1.000000

Sn:aug-cc-pV6Z-ccECP
ccECP aug-cc-pV6Z for Sn | source recipes/Sn/ccECP/Sn.aug-cc-pV6Z.gamess | ccECP from A. Annaberdiyev et al. npj Quantum Materials (2023) https://www.nature.com/articles/s41535-023-00583-6

  7
    0    1    2    3    4    5    6
    7    7    6    5    4    3    2
   15   15    6    5    4    3    2

   22.937872   13.490291   10.885303    5.165685    3.686765
    2.451407    1.163330    1.007557    0.552065    0.275356
    0.261986    0.124327    0.075252    0.059000    0.030101

    -0.000484   0.00000000   0.00000000   0.00000000   0.00000000   0.00000000
   0.00000000
   0.00000000     1.000000   0.00000000   0.00000000   0.00000000   0.00000000
   0.00000000
     0.004079   0.00000000   0.00000000   0.00000000   0.00000000   0.00000000
   0.00000000
    -0.032384   0.00000000   0.00000000   0.00000000   0.00000000   0.00000000
   0.00000000
   0.00000000   0.00000000     1.000000   0.00000000   0.00000000   0.00000000
   0.00000000
     0.215013   0.00000000   0.00000000   0.00000000   0.00000000   0.00000000
   0.00000000
    -0.539092   0.00000000   0.00000000   0.00000000   0.00000000   0.00000000
   0.00000000
   0.00000000   0.00000000   0.00000000     1.000000   0.00000000   0.00000000
   0.00000000
    -0.051604   0.00000000   0.00000000   0.00000000   0.00000000   0.00000000
   0.00000000
   0.00000000   0.00000000   0.00000000   0.00000000     1.000000   0.00000000
   0.00000000
     0.432369   0.00000000   0.00000000   0.00000000   0.00000000   0.00000000
   0.00000000
     0.588800   0.00000000   0.00000000   0.00000000   0.00000000   0.00000000
   0.00000000
   0.00000000   0.00000000   0.00000000   0.00000000   0.00000000     1.000000
   0.00000000
     0.233371   0.00000000   0.00000000   0.00000000   0.00000000   0.00000000
   0.00000000
   0.00000000   0.00000000   0.00000000   0.00000000   0.00000000   0.00000000
     1.000000

   28.345161   10.474808    6.026984    5.048810    2.433504
    1.281508    1.172938    0.565351    0.272497    0.272485
    0.131342    0.063306    0.057938    0.030513    0.023175

   0.00000000     1.000000   0.00000000   0.00000000   0.00000000   0.00000000
   0.00000000
    -0.000601   0.00000000   0.00000000   0.00000000   0.00000000   0.00000000
   0.00000000
   0.00000000   0.00000000     1.000000   0.00000000   0.00000000   0.00000000
   0.00000000
     0.000401   0.00000000   0.00000000   0.00000000   0.00000000   0.00000000
   0.00000000
     0.032461   0.00000000   0.00000000   0.00000000   0.00000000   0.00000000
   0.00000000
   0.00000000   0.00000000   0.00000000     1.000000   0.00000000   0.00000000
   0.00000000
    -0.169156   0.00000000   0.00000000   0.00000000   0.00000000   0.00000000
   0.00000000
     0.034827   0.00000000   0.00000000   0.00000000   0.00000000   0.00000000
   0.00000000
     0.257002   0.00000000   0.00000000   0.00000000   0.00000000   0.00000000
   0.00000000
   0.00000000   0.00000000   0.00000000   0.00000000     1.000000   0.00000000
   0.00000000
     0.462660   0.00000000   0.00000000   0.00000000   0.00000000   0.00000000
   0.00000000
     0.328728   0.00000000   0.00000000   0.00000000   0.00000000   0.00000000
   0.00000000
   0.00000000   0.00000000   0.00000000   0.00000000   0.00000000     1.000000
   0.00000000
     0.081186   0.00000000   0.00000000   0.00000000   0.00000000   0.00000000
   0.00000000
   0.00000000   0.00000000   0.00000000   0.00000000   0.00000000   0.00000000
     1.000000

    1.390817    0.682192    0.334614    0.164127    0.080504
    0.032202

     1.000000   0.00000000   0.00000000   0.00000000   0.00000000   0.00000000
   0.00000000     1.000000   0.00000000   0.00000000   0.00000000   0.00000000
   0.00000000   0.00000000     1.000000   0.00000000   0.00000000   0.00000000
   0.00000000   0.00000000   0.00000000     1.000000   0.00000000   0.00000000
   0.00000000   0.00000000   0.00000000   0.00000000     1.000000   0.00000000
   0.00000000   0.00000000   0.00000000   0.00000000   0.00000000     1.000000

    0.810856    0.438057    0.236656    0.127851    0.051140

     1.000000   0.00000000   0.00000000   0.00000000   0.00000000
   0.00000000     1.000000   0.00000000   0.00000000   0.00000000
   0.00000000   0.00000000     1.000000   0.00000000   0.00000000
   0.00000000   0.00000000   0.00000000     1.000000   0.00000000
   0.00000000   0.00000000   0.00000000   0.00000000     1.000000

    0.681860    0.378032    0.209586    0.083834

     1.000000   0.00000000   0.00000000   0.00000000
   0.00000000     1.000000   0.00000000   0.00000000
   0.00000000   0.00000000     1.000000   0.00000000
   0.00000000   0.00000000   0.00000000     1.000000

    0.658426    0.277973    0.111189

     1.000000   0.00000000   0.00000000
   0.00000000     1.000000   0.00000000
   0.00000000   0.00000000     1.000000

    0.564039    0.225616

     1.000000   0.00000000
   0.00000000     1.000000

Sn:aug-cc-pVDZ-ccECP
ccECP aug-cc-pVDZ for Sn | source recipes/Sn/ccECP/Sn.aug-cc-pVDZ.gamess | ccECP from A. Annaberdiyev et al. npj Quantum Materials (2023) https://www.nature.com/articles/s41535-023-00583-6

  3
    0    1    2
    3    3    2
   11   11    2

   22.937872   10.885303    5.165685    2.451407    1.163330
    0.552065    0.261986    0.124327    0.059000    0.035259
    0.014104

    -0.000484   0.00000000   0.00000000
     0.004079   0.00000000   0.00000000
    -0.032384   0.00000000   0.00000000
     0.215013   0.00000000   0.00000000
    -0.539092   0.00000000   0.00000000
    -0.051604   0.00000000   0.00000000
     0.432369   0.00000000   0.00000000
     0.588800   0.00000000   0.00000000
     0.233371   0.00000000   0.00000000
   0.00000000     1.000000   0.00000000
   0.00000000   0.00000000     1.000000

   10.474808    5.048810    2.433504    1.172938    0.565351
    0.272497    0.131342    0.063306    0.059537    0.030513
    0.023815

    -0.000601   0.00000000   0.00000000
     0.000401   0.00000000   0.00000000
     0.032461   0.00000000   0.00000000
    -0.169156   0.00000000   0.00000000
     0.034827   0.00000000   0.00000000
     0.257002   0.00000000   0.00000000
     0.462660   0.00000000   0.00000000
     0.328728   0.00000000   0.00000000
   0.00000000     1.000000   0.00000000
     0.081186   0.00000000   0.00000000
   0.00000000   0.00000000     1.000000

    0.175881    0.070352

     1.000000   0.00000000
   0.00000000     1.000000

Sn:aug-cc-pVQZ-ccECP
ccECP aug-cc-pVQZ for Sn | source recipes/Sn/ccECP/Sn.aug-cc-pVQZ.gamess | ccECP from A. Annaberdiyev et al. npj Quantum Materials (2023) https://www.nature.com/articles/s41535-023-00583-6

  5
    0    1    2    3    4
    5    5    4    3    2
   13   13    4    3    2

   22.937872   10.885303    5.165685    2.451407    1.365902
    1.163330    0.552065    0.323338    0.261986    0.124327
    0.076541    0.059000    0.030616

    -0.000484   0.00000000   0.00000000   0.00000000   0.00000000
     0.004079   0.00000000   0.00000000   0.00000000   0.00000000
    -0.032384   0.00000000   0.00000000   0.00000000   0.00000000
     0.215013   0.00000000   0.00000000   0.00000000   0.00000000
   0.00000000     1.000000   0.00000000   0.00000000   0.00000000
    -0.539092   0.00000000   0.00000000   0.00000000   0.00000000
    -0.051604   0.00000000   0.00000000   0.00000000   0.00000000
   0.00000000   0.00000000     1.000000   0.00000000   0.00000000
     0.432369   0.00000000   0.00000000   0.00000000   0.00000000
     0.588800   0.00000000   0.00000000   0.00000000   0.00000000
   0.00000000   0.00000000   0.00000000     1.000000   0.00000000
     0.233371   0.00000000   0.00000000   0.00000000   0.00000000
   0.00000000   0.00000000   0.00000000   0.00000000     1.000000

   10.474808    5.048810    2.433504    1.287210    1.172938
    0.565351    0.275481    0.272497    0.131342    0.063306
    0.058957    0.030513    0.023583

    -0.000601   0.00000000   0.00000000   0.00000000   0.00000000
     0.000401   0.00000000   0.00000000   0.00000000   0.00000000
     0.032461   0.00000000   0.00000000   0.00000000   0.00000000
   0.00000000     1.000000   0.00000000   0.00000000   0.00000000
    -0.169156   0.00000000   0.00000000   0.00000000   0.00000000
     0.034827   0.00000000   0.00000000   0.00000000   0.00000000
   0.00000000   0.00000000     1.000000   0.00000000   0.00000000
     0.257002   0.00000000   0.00000000   0.00000000   0.00000000
     0.462660   0.00000000   0.00000000   0.00000000   0.00000000
     0.328728   0.00000000   0.00000000   0.00000000   0.00000000
   0.00000000   0.00000000   0.00000000     1.000000   0.00000000
     0.081186   0.00000000   0.00000000   0.00000000   0.00000000
   0.00000000   0.00000000   0.00000000   0.00000000     1.000000

    0.687669    0.275129    0.110076    0.044030

     1.000000   0.00000000   0.00000000   0.00000000
   0.00000000     1.000000   0.00000000   0.00000000
   0.00000000   0.00000000     1.000000   0.00000000
   0.00000000   0.00000000   0.00000000     1.000000

    0.407680    0.168682    0.067473

     1.000000   0.00000000   0.00000000
   0.00000000     1.000000   0.00000000
   0.00000000   0.00000000     1.000000

    0.369256    0.147702

     1.000000   0.00000000
   0.00000000     1.000000

Sn:aug-cc-pVTZ-ccECP
ccECP aug-cc-pVTZ for Sn | source recipes/Sn/ccECP/Sn.aug-cc-pVTZ.gamess | ccECP from A. Annaberdiyev et al. npj Quantum Materials (2023) https://www.nature.com/articles/s41535-023-00583-6

  4
    0    1    2    3
    4    4    3    2
   12   12    3    2

   22.937872   10.885303    5.165685    2.451407    1.163330
    0.552065    0.326982    0.261986    0.124327    0.079721
    0.059000    0.031888

    -0.000484   0.00000000   0.00000000   0.00000000
     0.004079   0.00000000   0.00000000   0.00000000
    -0.032384   0.00000000   0.00000000   0.00000000
     0.215013   0.00000000   0.00000000   0.00000000
    -0.539092   0.00000000   0.00000000   0.00000000
    -0.051604   0.00000000   0.00000000   0.00000000
   0.00000000     1.000000   0.00000000   0.00000000
     0.432369   0.00000000   0.00000000   0.00000000
     0.588800   0.00000000   0.00000000   0.00000000
   0.00000000   0.00000000     1.000000   0.00000000
     0.233371   0.00000000   0.00000000   0.00000000
   0.00000000   0.00000000   0.00000000     1.000000

   10.474808    5.048810    2.433504    1.172938    0.565351
    0.377471    0.272497    0.131342    0.064566    0.063306
    0.030513    0.025826

    -0.000601   0.00000000   0.00000000   0.00000000
     0.000401   0.00000000   0.00000000   0.00000000
     0.032461   0.00000000   0.00000000   0.00000000
    -0.169156   0.00000000   0.00000000   0.00000000
     0.034827   0.00000000   0.00000000   0.00000000
   0.00000000     1.000000   0.00000000   0.00000000
     0.257002   0.00000000   0.00000000   0.00000000
     0.462660   0.00000000   0.00000000   0.00000000
   0.00000000   0.00000000     1.000000   0.00000000
     0.328728   0.00000000   0.00000000   0.00000000
     0.081186   0.00000000   0.00000000   0.00000000
   0.00000000   0.00000000   0.00000000     1.000000

    0.241855    0.110823    0.044329

     1.000000   0.00000000   0.00000000
   0.00000000     1.000000   0.00000000
   0.00000000   0.00000000     1.000000

    0.274875    0.109950

     1.000000   0.00000000
   0.00000000     1.000000

Sn:cc-pV5Z-ccECP
ccECP cc-pV5Z for Sn | source recipes/Sn/ccECP/Sn.cc-pV5Z.gamess | ccECP from A. Annaberdiyev et al. npj Quantum Materials (2023) https://www.nature.com/articles/s41535-023-00583-6

  6
    0    1    2    3    4    5
    5    5    4    3    2    1
   13   13    4    3    2    1

   22.937872   10.885303    5.165685    3.846349    2.451407
    1.163330    1.035245    0.552065    0.278636    0.261986
    0.124327    0.074995    0.059000

    -0.000484   0.00000000   0.00000000   0.00000000   0.00000000
     0.004079   0.00000000   0.00000000   0.00000000   0.00000000
    -0.032384   0.00000000   0.00000000   0.00000000   0.00000000
   0.00000000     1.000000   0.00000000   0.00000000   0.00000000
     0.215013   0.00000000   0.00000000   0.00000000   0.00000000
    -0.539092   0.00000000   0.00000000   0.00000000   0.00000000
   0.00000000   0.00000000     1.000000   0.00000000   0.00000000
    -0.051604   0.00000000   0.00000000   0.00000000   0.00000000
   0.00000000   0.00000000   0.00000000     1.000000   0.00000000
     0.432369   0.00000000   0.00000000   0.00000000   0.00000000
     0.588800   0.00000000   0.00000000   0.00000000   0.00000000
   0.00000000   0.00000000   0.00000000   0.00000000     1.000000
     0.233371   0.00000000   0.00000000   0.00000000   0.00000000

   10.474808    5.994735    5.048810    2.433504    1.277571
    1.172938    0.565351    0.272497    0.272270    0.131342
    0.063306    0.058025    0.030513

    -0.000601   0.00000000   0.00000000   0.00000000   0.00000000
   0.00000000     1.000000   0.00000000   0.00000000   0.00000000
     0.000401   0.00000000   0.00000000   0.00000000   0.00000000
     0.032461   0.00000000   0.00000000   0.00000000   0.00000000
   0.00000000   0.00000000     1.000000   0.00000000   0.00000000
    -0.169156   0.00000000   0.00000000   0.00000000   0.00000000
     0.034827   0.00000000   0.00000000   0.00000000   0.00000000
     0.257002   0.00000000   0.00000000   0.00000000   0.00000000
   0.00000000   0.00000000   0.00000000     1.000000   0.00000000
     0.462660   0.00000000   0.00000000   0.00000000   0.00000000
     0.328728   0.00000000   0.00000000   0.00000000   0.00000000
   0.00000000   0.00000000   0.00000000   0.00000000     1.000000
     0.081186   0.00000000   0.00000000   0.00000000   0.00000000

    0.731355    0.353828    0.171181    0.082817

     1.000000   0.00000000   0.00000000   0.00000000
   0.00000000     1.000000   0.00000000   0.00000000
   0.00000000   0.00000000     1.000000   0.00000000
   0.00000000   0.00000000   0.00000000     1.000000

    0.494123    0.263229    0.140227

     1.000000   0.00000000   0.00000000
   0.00000000     1.000000   0.00000000
   0.00000000   0.00000000     1.000000

    0.533926    0.260202

     1.000000   0.00000000
   0.00000000     1.000000

    0.464320

     1.000000

Sn:cc-pV6Z-ccECP
ccECP cc-pV6Z for Sn | source recipes/Sn/ccECP/Sn.cc-pV6Z.gamess | ccECP from A. Annaberdiyev et al. npj Quantum Materials (2023) https://www.nature.com/articles/s41535-023-00583-6

  7
    0    1    2    3    4    5    6
    6    6    5    4    3    2    1
   14   14    5    4    3    2    1

   22.937872   13.490291   10.885303    5.165685    3.686765
    2.451407    1.163330    1.007557    0.552065    0.275356
    0.261986    0.124327    0.075252    0.059000

    -0.000484   0.00000000   0.00000000   0.00000000   0.00000000   0.00000000
   0.00000000     1.000000   0.00000000   0.00000000   0.00000000   0.00000000
     0.004079   0.00000000   0.00000000   0.00000000   0.00000000   0.00000000
    -0.032384   0.00000000   0.00000000   0.00000000   0.00000000   0.00000000
   0.00000000   0.00000000     1.000000   0.00000000   0.00000000   0.00000000
     0.215013   0.00000000   0.00000000   0.00000000   0.00000000   0.00000000
    -0.539092   0.00000000   0.00000000   0.00000000   0.00000000   0.00000000
   0.00000000   0.00000000   0.00000000     1.000000   0.00000000   0.00000000
    -0.051604   0.00000000   0.00000000   0.00000000   0.00000000   0.00000000
   0.00000000   0.00000000   0.00000000   0.00000000     1.000000   0.00000000
     0.432369   0.00000000   0.00000000   0.00000000   0.00000000   0.00000000
     0.588800   0.00000000   0.00000000   0.00000000   0.00000000   0.00000000
   0.00000000   0.00000000   0.00000000   0.00000000   0.00000000     1.000000
     0.233371   0.00000000   0.00000000   0.00000000   0.00000000   0.00000000

   28.345161   10.474808    6.026984    5.048810    2.433504
    1.281508    1.172938    0.565351    0.272497    0.272485
    0.131342    0.063306    0.057938    0.030513

   0.00000000     1.000000   0.00000000   0.00000000   0.00000000   0.00000000
    -0.000601   0.00000000   0.00000000   0.00000000   0.00000000   0.00000000
   0.00000000   0.00000000     1.000000   0.00000000   0.00000000   0.00000000
     0.000401   0.00000000   0.00000000   0.00000000   0.00000000   0.00000000
     0.032461   0.00000000   0.00000000   0.00000000   0.00000000   0.00000000
   0.00000000   0.00000000   0.00000000     1.000000   0.00000000   0.00000000
    -0.169156   0.00000000   0.00000000   0.00000000   0.00000000   0.00000000
     0.034827   0.00000000   0.00000000   0.00000000   0.00000000   0.00000000
     0.257002   0.00000000   0.00000000   0.00000000   0.00000000   0.00000000
   0.00000000   0.00000000   0.00000000   0.00000000     1.000000   0.00000000
     0.462660   0.00000000   0.00000000   0.00000000   0.00000000   0.00000000
     0.328728   0.00000000   0.00000000   0.00000000   0.00000000   0.00000000
   0.00000000   0.00000000   0.00000000   0.00000000   0.00000000     1.000000
     0.081186   0.00000000   0.00000000   0.00000000   0.00000000   0.00000000

    1.390817    0.682192    0.334614    0.164127    0.080504

     1.000000   0.00000000   0.00000000   0.00000000   0.00000000
   0.00000000     1.000000   0.00000000   0.00000000   0.00000000
   0.00000000   0.00000000     1.000000   0.00000000   0.00000000
   0.00000000   0.00000000   0.00000000     1.000000   0.00000000
   0.00000000   0.00000000   0.00000000   0.00000000     1.000000

    0.810856    0.438057    0.236656    0.127851

     1.000000   0.00000000   0.00000000   0.00000000
   0.00000000     1.000000   0.00000000   0.00000000
   0.00000000   0.00000000     1.000000   0.00000000
   0.00000000   0.00000000   0.00000000     1.000000

    0.681860    0.378032    0.209586

     1.000000   0.00000000   0.00000000
   0.00000000     1.000000   0.00000000
   0.00000000   0.00000000     1.000000

    0.658426    0.277973

     1.000000   0.00000000
   0.00000000     1.000000

    0.564039

     1.000000

Sn:cc-pVDZ-ccECP
ccECP cc-pVDZ for Sn | source recipes/Sn/ccECP/Sn.cc-pVDZ.gamess | ccECP from A. Annaberdiyev et al. npj Quantum Materials (2023) https://www.nature.com/articles/s41535-023-00583-6

  3
    0    1    2
    2    2    1
   10   10    1

   22.937872   10.885303    5.165685    2.451407    1.163330
    0.552065    0.261986    0.124327    0.059000    0.035259

    -0.000484   0.00000000
     0.004079   0.00000000
    -0.032384   0.00000000
     0.215013   0.00000000
    -0.539092   0.00000000
    -0.051604   0.00000000
     0.432369   0.00000000
     0.588800   0.00000000
     0.233371   0.00000000
   0.00000000     1.000000

   10.474808    5.048810    2.433504    1.172938    0.565351
    0.272497    0.131342    0.063306    0.059537    0.030513

    -0.000601   0.00000000
     0.000401   0.00000000
     0.032461   0.00000000
    -0.169156   0.00000000
     0.034827   0.00000000
     0.257002   0.00000000
     0.462660   0.00000000
     0.328728   0.00000000
   0.00000000     1.000000
     0.081186   0.00000000

    0.175881

     1.000000

Sn:cc-pVQZ-ccECP
ccECP cc-pVQZ for Sn | source recipes/Sn/ccECP/Sn.cc-pVQZ.gamess | ccECP from A. Annaberdiyev et al. npj Quantum Materials (2023) https://www.nature.com/articles/s41535-023-00583-6

  5
    0    1    2    3    4
    4    4    3    2    1
   12   12    3    2    1

   22.937872   10.885303    5.165685    2.451407    1.365902
    1.163330    0.552065    0.323338    0.261986    0.124327
    0.076541    0.059000

    -0.000484   0.00000000   0.00000000   0.00000000
     0.004079   0.00000000   0.00000000   0.00000000
    -0.032384   0.00000000   0.00000000   0.00000000
     0.215013   0.00000000   0.00000000   0.00000000
   0.00000000     1.000000   0.00000000   0.00000000
    -0.539092   0.00000000   0.00000000   0.00000000
    -0.051604   0.00000000   0.00000000   0.00000000
   0.00000000   0.00000000     1.000000   0.00000000
     0.432369   0.00000000   0.00000000   0.00000000
     0.588800   0.00000000   0.00000000   0.00000000
   0.00000000   0.00000000   0.00000000     1.000000
     0.233371   0.00000000   0.00000000   0.00000000

   10.474808    5.048810    2.433504    1.287210    1.172938
    0.565351    0.275481    0.272497    0.131342    0.063306
    0.058957    0.030513

    -0.000601   0.00000000   0.00000000   0.00000000
     0.000401   0.00000000   0.00000000   0.00000000
     0.032461   0.00000000   0.00000000   0.00000000
   0.00000000     1.000000   0.00000000   0.00000000
    -0.169156   0.00000000   0.00000000   0.00000000
     0.034827   0.00000000   0.00000000   0.00000000
   0.00000000   0.00000000     1.000000   0.00000000
     0.257002   0.00000000   0.00000000   0.00000000
     0.462660   0.00000000   0.00000000   0.00000000
     0.328728   0.00000000   0.00000000   0.00000000
   0.00000000   0.00000000   0.00000000     1.000000
     0.081186   0.00000000   0.00000000   0.00000000

    0.687669    0.275129    0.110076

     1.000000   0.00000000   0.00000000
   0.00000000     1.000000   0.00000000
   0.00000000   0.00000000     1.000000

    0.407680    0.168682

     1.000000   0.00000000
   0.00000000     1.000000

    0.369256

     1.000000

Sn:cc-pVTZ-ccECP
ccECP cc-pVTZ for Sn | source recipes/Sn/ccECP/Sn.cc-pVTZ.gamess | ccECP from A. Annaberdiyev et al. npj Quantum Materials (2023) https://www.nature.com/articles/s41535-023-00583-6

  4
    0    1    2    3
    3    3    2    1
   11   11    2    1

   22.937872   10.885303    5.165685    2.451407    1.163330
    0.552065    0.326982    0.261986    0.124327    0.079721
    0.059000

    -0.000484   0.00000000   0.00000000
     0.004079   0.00000000   0.00000000
    -0.032384   0.00000000   0.00000000
     0.215013   0.00000000   0.00000000
    -0.539092   0.00000000   0.00000000
    -0.051604   0.00000000   0.00000000
   0.00000000     1.000000   0.00000000
     0.432369   0.00000000   0.00000000
     0.588800   0.00000000   0.00000000
   0.00000000   0.00000000     1.000000
     0.233371   0.00000000   0.00000000

   10.474808    5.048810    2.433504    1.172938    0.565351
    0.377471    0.272497    0.131342    0.064566    0.063306
    0.030513

    -0.000601   0.00000000   0.00000000
     0.000401   0.00000000   0.00000000
     0.032461   0.00000000   0.00000000
    -0.169156   0.00000000   0.00000000
     0.034827   0.00000000   0.00000000
   0.00000000     1.000000   0.00000000
     0.257002   0.00000000   0.00000000
     0.462660   0.00000000   0.00000000
   0.00000000   0.00000000     1.000000
     0.328728   0.00000000   0.00000000
     0.081186   0.00000000   0.00000000

    0.241855    0.110823

     1.000000   0.00000000
   0.00000000     1.000000

    0.274875

     1.000000

