
Ag:aug-cc-pCV5Z-ccECP
ccECP aug-cc-pCV5Z for Ag | source recipes/Ag/ccECP/Ag.aug-cc-pCV5Z.gamess | ccECP from Guangming Wang et al. Journal of Chemical Physics (2022) https://doi.org/10.1063/5.0087300

  7
    0    1    2    3    4    5    6
   10   10    9    6    5    4    3
   16   16   16    6    5    4    3

   252.240986   120.263143    57.338912    27.337975    13.034166
     6.214413     2.962900     1.664900     1.412648     1.041500
     0.673520     0.321120     0.153103     0.072996     0.034803
     0.013921

     0.000187    -0.000008    -0.000099    -0.001900     0.008567     0.000101
   0.00000000   0.00000000   0.00000000   0.00000000
    -0.001203     0.000101     0.000652     0.009674    -0.042968    -0.002100
   0.00000000   0.00000000   0.00000000   0.00000000
     0.006572    -0.000983    -0.003771    -0.032370     0.136555     0.019626
   0.00000000   0.00000000   0.00000000   0.00000000
    -0.049135     0.010502     0.030950     0.116305    -0.411745    -0.168259
   0.00000000   0.00000000   0.00000000   0.00000000
     0.324368    -0.079895    -0.221657    -0.510709     1.449354     1.268795
   0.00000000   0.00000000   0.00000000   0.00000000
    -0.830173     0.222996     0.613121     1.359180    -4.244024    -5.556722
   0.00000000   0.00000000   0.00000000   0.00000000
     0.040602    -0.020638     0.057692    -0.446341     6.431380    12.664012
   0.00000000   0.00000000   0.00000000   0.00000000
   0.00000000   0.00000000   0.00000000   0.00000000   0.00000000   0.00000000
   0.00000000   0.00000000     1.000000   0.00000000
     0.867596    -0.290413    -1.459411    -3.589505    -3.001191   -17.224136
   0.00000000   0.00000000   0.00000000   0.00000000
   0.00000000   0.00000000   0.00000000   0.00000000   0.00000000   0.00000000
   0.00000000   0.00000000   0.00000000     1.000000
     0.402042    -0.217113    -0.130031     4.806964    -3.774340    16.894920
   0.00000000   0.00000000   0.00000000   0.00000000
     0.041210    -0.060146     1.562245    -0.846586     7.664217   -12.220432
   0.00000000   0.00000000   0.00000000   0.00000000
    -0.001441     0.281317     0.425393    -2.019864    -5.681745     5.404238
   0.00000000   0.00000000   0.00000000   0.00000000
     0.001527     0.481834    -0.568215     0.548278     1.176658    -0.235941
   0.00000000   0.00000000   0.00000000   0.00000000
    -0.000235     0.420529    -0.494792     0.652319     0.575735    -0.803515
     1.000000   0.00000000   0.00000000   0.00000000
   0.00000000   0.00000000   0.00000000   0.00000000   0.00000000   0.00000000
   0.00000000     1.000000   0.00000000   0.00000000

    50.711510    26.995067    14.370182     7.649625     4.072096
     3.845700     2.408600     2.167683     1.153915     0.614259
     0.326986     0.174063     0.092658     0.049325     0.026257
     0.010502

     0.000473    -0.000057    -0.000068    -0.003119    -0.021677     0.058096
   0.00000000   0.00000000   0.00000000   0.00000000
    -0.007776     0.003143     0.004824     0.021691     0.119340    -0.318572
   0.00000000   0.00000000   0.00000000   0.00000000
     0.079067    -0.040893    -0.064390    -0.130453    -0.488914     1.245677
   0.00000000   0.00000000   0.00000000   0.00000000
    -0.276376     0.155441     0.243719     0.395950     1.496978    -4.016432
   0.00000000   0.00000000   0.00000000   0.00000000
    -0.002600     0.005696     0.085308     0.275943    -1.655266     7.870313
   0.00000000   0.00000000   0.00000000   0.00000000
   0.00000000   0.00000000   0.00000000   0.00000000   0.00000000   0.00000000
   0.00000000   0.00000000     1.000000   0.00000000
   0.00000000   0.00000000   0.00000000   0.00000000   0.00000000   0.00000000
   0.00000000   0.00000000   0.00000000     1.000000
     0.425926    -0.317361    -0.884021    -2.505867    -2.075933    -7.672663
   0.00000000   0.00000000   0.00000000   0.00000000
     0.460864    -0.378459    -0.394819     1.926260     6.000732     2.635999
   0.00000000   0.00000000   0.00000000   0.00000000
     0.236555     0.033325     1.072408     1.292839    -5.276038     3.546661
   0.00000000   0.00000000   0.00000000   0.00000000
     0.047504     0.456558     0.628411    -1.827177     1.115333    -6.694170
   0.00000000   0.00000000   0.00000000   0.00000000
     0.007012     0.469051    -0.479278    -0.371120     1.348328     5.160061
   0.00000000   0.00000000   0.00000000   0.00000000
    -0.000383     0.186370    -0.548380     0.698860    -0.307305    -1.488513
   0.00000000   0.00000000   0.00000000   0.00000000
     0.000641     0.030594    -0.143865     0.354861    -0.679120    -0.157325
   0.00000000   0.00000000   0.00000000   0.00000000
    -0.000147     0.000776    -0.006800     0.010663     0.004214    -0.195952
     1.000000   0.00000000   0.00000000   0.00000000
   0.00000000   0.00000000   0.00000000   0.00000000   0.00000000   0.00000000
   0.00000000     1.000000   0.00000000   0.00000000

    52.271002    28.989500    16.077578     8.916626     5.375600
     4.945161     2.742587     2.480200     1.521039     0.843568
     0.467843     0.259466     0.143900     0.079807     0.044261
     0.017704

    -0.000103     0.000196     0.000287    -0.001403    -0.014004   0.00000000
   0.00000000   0.00000000   0.00000000
     0.000467    -0.000963    -0.001388     0.006606     0.066597   0.00000000
   0.00000000   0.00000000   0.00000000
     0.002803    -0.002392    -0.003056    -0.031127    -0.221205   0.00000000
   0.00000000   0.00000000   0.00000000
    -0.039328     0.050899     0.069653     0.183242     0.770960   0.00000000
   0.00000000   0.00000000   0.00000000
   0.00000000   0.00000000   0.00000000   0.00000000   0.00000000   0.00000000
   0.00000000     1.000000   0.00000000
     0.031263    -0.042644    -0.032850    -0.219705    -1.660472   0.00000000
   0.00000000   0.00000000   0.00000000
     0.184471    -0.313089    -0.711418    -1.433050    -0.337146   0.00000000
   0.00000000   0.00000000   0.00000000
   0.00000000   0.00000000   0.00000000   0.00000000   0.00000000   0.00000000
   0.00000000   0.00000000     1.000000
     0.291465    -0.428387    -0.262635     1.507546     3.585800   0.00000000
   0.00000000   0.00000000   0.00000000
     0.289956    -0.080810     0.863081     0.764291    -3.860461   0.00000000
   0.00000000   0.00000000   0.00000000
     0.231088     0.315166     0.459855    -1.346791     1.059439   0.00000000
   0.00000000   0.00000000   0.00000000
     0.142433     0.392427    -0.311796    -0.281207     0.995235   0.00000000
   0.00000000   0.00000000   0.00000000
     0.065674     0.236410    -0.460355     0.532740    -0.323151   0.00000000
   0.00000000   0.00000000   0.00000000
     0.016134     0.074921    -0.179197     0.321797    -0.495192   0.00000000
   0.00000000   0.00000000   0.00000000
     0.001687     0.008955    -0.024419     0.038935    -0.043251     1.000000
   0.00000000   0.00000000   0.00000000
   0.00000000   0.00000000   0.00000000   0.00000000   0.00000000   0.00000000
     1.000000   0.00000000   0.00000000

    10.076200     4.648100     2.144100     0.989100     0.378500
     0.144800

     1.000000   0.00000000   0.00000000   0.00000000   0.00000000   0.00000000
   0.00000000     1.000000   0.00000000   0.00000000   0.00000000   0.00000000
   0.00000000   0.00000000     1.000000   0.00000000   0.00000000   0.00000000
   0.00000000   0.00000000   0.00000000     1.000000   0.00000000   0.00000000
   0.00000000   0.00000000   0.00000000   0.00000000     1.000000   0.00000000
   0.00000000   0.00000000   0.00000000   0.00000000   0.00000000     1.000000

     4.440600     2.577300     1.495800     0.623200     0.259600

     1.000000   0.00000000   0.00000000   0.00000000   0.00000000
   0.00000000     1.000000   0.00000000   0.00000000   0.00000000
   0.00000000   0.00000000     1.000000   0.00000000   0.00000000
   0.00000000   0.00000000   0.00000000     1.000000   0.00000000
   0.00000000   0.00000000   0.00000000   0.00000000     1.000000

     4.324700     2.457700     1.081400     0.475800

     1.000000   0.00000000   0.00000000   0.00000000
   0.00000000     1.000000   0.00000000   0.00000000
   0.00000000   0.00000000     1.000000   0.00000000
   0.00000000   0.00000000   0.00000000     1.000000

     4.242300     2.264000     1.208200

     1.000000   0.00000000   0.00000000
   0.00000000     1.000000   0.00000000
   0.00000000   0.00000000     1.000000

Ag:aug-cc-pCVDZ-ccECP
ccECP aug-cc-pCVDZ for Ag | source recipes/Ag/ccECP/Ag.aug-cc-pCVDZ.gamess | ccECP from Guangming Wang et al. Journal of Chemical Physics (2022) https://doi.org/10.1063/5.0087300

  4
    0    1    2    3
    6    6    5    3
   15   15   15    3

   252.240986   120.263143    57.338912    27.337975    13.034166
     6.214413     2.962900     2.398500     1.412648     0.673520
     0.321120     0.153103     0.072996     0.034803     0.013921

     0.000187    -0.000008    -0.000099   0.00000000   0.00000000   0.00000000
    -0.001203     0.000101     0.000652   0.00000000   0.00000000   0.00000000
     0.006572    -0.000983    -0.003771   0.00000000   0.00000000   0.00000000
    -0.049135     0.010502     0.030950   0.00000000   0.00000000   0.00000000
     0.324368    -0.079895    -0.221657   0.00000000   0.00000000   0.00000000
    -0.830173     0.222996     0.613121   0.00000000   0.00000000   0.00000000
     0.040602    -0.020638     0.057692   0.00000000   0.00000000   0.00000000
   0.00000000   0.00000000   0.00000000   0.00000000   0.00000000     1.000000
     0.867596    -0.290413    -1.459411   0.00000000   0.00000000   0.00000000
     0.402042    -0.217113    -0.130031   0.00000000   0.00000000   0.00000000
     0.041210    -0.060146     1.562245   0.00000000   0.00000000   0.00000000
    -0.001441     0.281317     0.425393   0.00000000   0.00000000   0.00000000
     0.001527     0.481834    -0.568215   0.00000000   0.00000000   0.00000000
    -0.000235     0.420529    -0.494792     1.000000   0.00000000   0.00000000
   0.00000000   0.00000000   0.00000000   0.00000000     1.000000   0.00000000

    50.711510    26.995067    14.370182     7.649625     4.072096
     2.585200     2.167683     1.153915     0.614259     0.326986
     0.174063     0.092658     0.049325     0.026257     0.010502

     0.000473    -0.000057    -0.000068   0.00000000   0.00000000   0.00000000
    -0.007776     0.003143     0.004824   0.00000000   0.00000000   0.00000000
     0.079067    -0.040893    -0.064390   0.00000000   0.00000000   0.00000000
    -0.276376     0.155441     0.243719   0.00000000   0.00000000   0.00000000
    -0.002600     0.005696     0.085308   0.00000000   0.00000000   0.00000000
   0.00000000   0.00000000   0.00000000   0.00000000   0.00000000     1.000000
     0.425926    -0.317361    -0.884021   0.00000000   0.00000000   0.00000000
     0.460864    -0.378459    -0.394819   0.00000000   0.00000000   0.00000000
     0.236555     0.033325     1.072408   0.00000000   0.00000000   0.00000000
     0.047504     0.456558     0.628411   0.00000000   0.00000000   0.00000000
     0.007012     0.469051    -0.479278   0.00000000   0.00000000   0.00000000
    -0.000383     0.186370    -0.548380   0.00000000   0.00000000   0.00000000
     0.000641     0.030594    -0.143865   0.00000000   0.00000000   0.00000000
    -0.000147     0.000776    -0.006800     1.000000   0.00000000   0.00000000
   0.00000000   0.00000000   0.00000000   0.00000000     1.000000   0.00000000

    52.271002    28.989500    16.077578     8.916626     4.945161
     2.836500     2.742587     1.521039     0.843568     0.467843
     0.259466     0.143900     0.079807     0.044261     0.017704

    -0.000103     0.000196   0.00000000   0.00000000   0.00000000
     0.000467    -0.000963   0.00000000   0.00000000   0.00000000
     0.002803    -0.002392   0.00000000   0.00000000   0.00000000
    -0.039328     0.050899   0.00000000   0.00000000   0.00000000
     0.031263    -0.042644   0.00000000   0.00000000   0.00000000
   0.00000000   0.00000000   0.00000000   0.00000000     1.000000
     0.184471    -0.313089   0.00000000   0.00000000   0.00000000
     0.291465    -0.428387   0.00000000   0.00000000   0.00000000
     0.289956    -0.080810   0.00000000   0.00000000   0.00000000
     0.231088     0.315166   0.00000000   0.00000000   0.00000000
     0.142433     0.392427   0.00000000   0.00000000   0.00000000
     0.065674     0.236410   0.00000000   0.00000000   0.00000000
     0.016134     0.074921   0.00000000   0.00000000   0.00000000
     0.001687     0.008955     1.000000   0.00000000   0.00000000
   0.00000000   0.00000000   0.00000000     1.000000   0.00000000

     3.975100     1.329900     0.444900

     1.000000   0.00000000   0.00000000
   0.00000000     1.000000   0.00000000
   0.00000000   0.00000000     1.000000

Ag:aug-cc-pCVQZ-ccECP
ccECP aug-cc-pCVQZ for Ag | source recipes/Ag/ccECP/Ag.aug-cc-pCVQZ.gamess | ccECP from Guangming Wang et al. Journal of Chemical Physics (2022) https://doi.org/10.1063/5.0087300

  6
    0    1    2    3    4    5
    9    9    8    5    4    3
   16   16   16    5    4    3

   252.240986   120.263143    57.338912    27.337975    13.034166
     6.214413     2.962900     2.561300     1.603700     1.412648
     0.673520     0.321120     0.153103     0.072996     0.034803
     0.013921

     0.000187    -0.000008    -0.000099    -0.001900     0.008567   0.00000000
   0.00000000   0.00000000   0.00000000
    -0.001203     0.000101     0.000652     0.009674    -0.042968   0.00000000
   0.00000000   0.00000000   0.00000000
     0.006572    -0.000983    -0.003771    -0.032370     0.136555   0.00000000
   0.00000000   0.00000000   0.00000000
    -0.049135     0.010502     0.030950     0.116305    -0.411745   0.00000000
   0.00000000   0.00000000   0.00000000
     0.324368    -0.079895    -0.221657    -0.510709     1.449354   0.00000000
   0.00000000   0.00000000   0.00000000
    -0.830173     0.222996     0.613121     1.359180    -4.244024   0.00000000
   0.00000000   0.00000000   0.00000000
     0.040602    -0.020638     0.057692    -0.446341     6.431380   0.00000000
   0.00000000   0.00000000   0.00000000
   0.00000000   0.00000000   0.00000000   0.00000000   0.00000000   0.00000000
   0.00000000     1.000000   0.00000000
   0.00000000   0.00000000   0.00000000   0.00000000   0.00000000   0.00000000
   0.00000000   0.00000000     1.000000
     0.867596    -0.290413    -1.459411    -3.589505    -3.001191   0.00000000
   0.00000000   0.00000000   0.00000000
     0.402042    -0.217113    -0.130031     4.806964    -3.774340   0.00000000
   0.00000000   0.00000000   0.00000000
     0.041210    -0.060146     1.562245    -0.846586     7.664217   0.00000000
   0.00000000   0.00000000   0.00000000
    -0.001441     0.281317     0.425393    -2.019864    -5.681745   0.00000000
   0.00000000   0.00000000   0.00000000
     0.001527     0.481834    -0.568215     0.548278     1.176658   0.00000000
   0.00000000   0.00000000   0.00000000
    -0.000235     0.420529    -0.494792     0.652319     0.575735     1.000000
   0.00000000   0.00000000   0.00000000
   0.00000000   0.00000000   0.00000000   0.00000000   0.00000000   0.00000000
     1.000000   0.00000000   0.00000000

    50.711510    26.995067    14.370182     7.649625     4.072096
     3.238900     2.167683     2.024700     1.153915     0.614259
     0.326986     0.174063     0.092658     0.049325     0.026257
     0.010502

     0.000473    -0.000057    -0.000068    -0.003119    -0.021677   0.00000000
   0.00000000   0.00000000   0.00000000
    -0.007776     0.003143     0.004824     0.021691     0.119340   0.00000000
   0.00000000   0.00000000   0.00000000
     0.079067    -0.040893    -0.064390    -0.130453    -0.488914   0.00000000
   0.00000000   0.00000000   0.00000000
    -0.276376     0.155441     0.243719     0.395950     1.496978   0.00000000
   0.00000000   0.00000000   0.00000000
    -0.002600     0.005696     0.085308     0.275943    -1.655266   0.00000000
   0.00000000   0.00000000   0.00000000
   0.00000000   0.00000000   0.00000000   0.00000000   0.00000000   0.00000000
   0.00000000     1.000000   0.00000000
     0.425926    -0.317361    -0.884021    -2.505867    -2.075933   0.00000000
   0.00000000   0.00000000   0.00000000
   0.00000000   0.00000000   0.00000000   0.00000000   0.00000000   0.00000000
   0.00000000   0.00000000     1.000000
     0.460864    -0.378459    -0.394819     1.926260     6.000732   0.00000000
   0.00000000   0.00000000   0.00000000
     0.236555     0.033325     1.072408     1.292839    -5.276038   0.00000000
   0.00000000   0.00000000   0.00000000
     0.047504     0.456558     0.628411    -1.827177     1.115333   0.00000000
   0.00000000   0.00000000   0.00000000
     0.007012     0.469051    -0.479278    -0.371120     1.348328   0.00000000
   0.00000000   0.00000000   0.00000000
    -0.000383     0.186370    -0.548380     0.698860    -0.307305   0.00000000
   0.00000000   0.00000000   0.00000000
     0.000641     0.030594    -0.143865     0.354861    -0.679120   0.00000000
   0.00000000   0.00000000   0.00000000
    -0.000147     0.000776    -0.006800     0.010663     0.004214     1.000000
   0.00000000   0.00000000   0.00000000
   0.00000000   0.00000000   0.00000000   0.00000000   0.00000000   0.00000000
     1.000000   0.00000000   0.00000000

    52.271002    28.989500    16.077578     8.916626     5.088000
     4.945161     2.742587     2.055400     1.521039     0.843568
     0.467843     0.259466     0.143900     0.079807     0.044261
     0.017704

    -0.000103     0.000196     0.000287    -0.001403   0.00000000   0.00000000
   0.00000000   0.00000000
     0.000467    -0.000963    -0.001388     0.006606   0.00000000   0.00000000
   0.00000000   0.00000000
     0.002803    -0.002392    -0.003056    -0.031127   0.00000000   0.00000000
   0.00000000   0.00000000
    -0.039328     0.050899     0.069653     0.183242   0.00000000   0.00000000
   0.00000000   0.00000000
   0.00000000   0.00000000   0.00000000   0.00000000   0.00000000   0.00000000
     1.000000   0.00000000
     0.031263    -0.042644    -0.032850    -0.219705   0.00000000   0.00000000
   0.00000000   0.00000000
     0.184471    -0.313089    -0.711418    -1.433050   0.00000000   0.00000000
   0.00000000   0.00000000
   0.00000000   0.00000000   0.00000000   0.00000000   0.00000000   0.00000000
   0.00000000     1.000000
     0.291465    -0.428387    -0.262635     1.507546   0.00000000   0.00000000
   0.00000000   0.00000000
     0.289956    -0.080810     0.863081     0.764291   0.00000000   0.00000000
   0.00000000   0.00000000
     0.231088     0.315166     0.459855    -1.346791   0.00000000   0.00000000
   0.00000000   0.00000000
     0.142433     0.392427    -0.311796    -0.281207   0.00000000   0.00000000
   0.00000000   0.00000000
     0.065674     0.236410    -0.460355     0.532740   0.00000000   0.00000000
   0.00000000   0.00000000
     0.016134     0.074921    -0.179197     0.321797   0.00000000   0.00000000
   0.00000000   0.00000000
     0.001687     0.008955    -0.024419     0.038935     1.000000   0.00000000
   0.00000000   0.00000000
   0.00000000   0.00000000   0.00000000   0.00000000   0.00000000     1.000000
   0.00000000   0.00000000

     6.883500     3.002200     1.309400     0.484400     0.179200

     1.000000   0.00000000   0.00000000   0.00000000   0.00000000
   0.00000000     1.000000   0.00000000   0.00000000   0.00000000
   0.00000000   0.00000000     1.000000   0.00000000   0.00000000
   0.00000000   0.00000000   0.00000000     1.000000   0.00000000
   0.00000000   0.00000000   0.00000000   0.00000000     1.000000

     3.886500     2.044600     0.906700     0.402100

     1.000000   0.00000000   0.00000000   0.00000000
   0.00000000     1.000000   0.00000000   0.00000000
   0.00000000   0.00000000     1.000000   0.00000000
   0.00000000   0.00000000   0.00000000     1.000000

     3.698600     1.742300     0.820700

     1.000000   0.00000000   0.00000000
   0.00000000     1.000000   0.00000000
   0.00000000   0.00000000     1.000000

Ag:aug-cc-pCVTZ-ccECP
ccECP aug-cc-pCVTZ for Ag | source recipes/Ag/ccECP/Ag.aug-cc-pCVTZ.gamess | ccECP from Guangming Wang et al. Journal of Chemical Physics (2022) https://doi.org/10.1063/5.0087300

  5
    0    1    2    3    4
    8    8    7    4    3
   16   16   16    4    3

   252.240986   120.263143    57.338912    27.337975    13.034166
     6.214413     2.962900     2.225200     1.412648     1.396900
     0.673520     0.321120     0.153103     0.072996     0.034803
     0.013921

     0.000187    -0.000008    -0.000099    -0.001900   0.00000000   0.00000000
   0.00000000   0.00000000
    -0.001203     0.000101     0.000652     0.009674   0.00000000   0.00000000
   0.00000000   0.00000000
     0.006572    -0.000983    -0.003771    -0.032370   0.00000000   0.00000000
   0.00000000   0.00000000
    -0.049135     0.010502     0.030950     0.116305   0.00000000   0.00000000
   0.00000000   0.00000000
     0.324368    -0.079895    -0.221657    -0.510709   0.00000000   0.00000000
   0.00000000   0.00000000
    -0.830173     0.222996     0.613121     1.359180   0.00000000   0.00000000
   0.00000000   0.00000000
     0.040602    -0.020638     0.057692    -0.446341   0.00000000   0.00000000
   0.00000000   0.00000000
   0.00000000   0.00000000   0.00000000   0.00000000   0.00000000   0.00000000
     1.000000   0.00000000
     0.867596    -0.290413    -1.459411    -3.589505   0.00000000   0.00000000
   0.00000000   0.00000000
   0.00000000   0.00000000   0.00000000   0.00000000   0.00000000   0.00000000
   0.00000000     1.000000
     0.402042    -0.217113    -0.130031     4.806964   0.00000000   0.00000000
   0.00000000   0.00000000
     0.041210    -0.060146     1.562245    -0.846586   0.00000000   0.00000000
   0.00000000   0.00000000
    -0.001441     0.281317     0.425393    -2.019864   0.00000000   0.00000000
   0.00000000   0.00000000
     0.001527     0.481834    -0.568215     0.548278   0.00000000   0.00000000
   0.00000000   0.00000000
    -0.000235     0.420529    -0.494792     0.652319     1.000000   0.00000000
   0.00000000   0.00000000
   0.00000000   0.00000000   0.00000000   0.00000000   0.00000000     1.000000
   0.00000000   0.00000000

    50.711510    26.995067    14.370182     7.649625     4.072096
     3.535900     2.167683     1.240200     1.153915     0.614259
     0.326986     0.174063     0.092658     0.049325     0.026257
     0.010502

     0.000473    -0.000057    -0.000068    -0.003119   0.00000000   0.00000000
   0.00000000   0.00000000
    -0.007776     0.003143     0.004824     0.021691   0.00000000   0.00000000
   0.00000000   0.00000000
     0.079067    -0.040893    -0.064390    -0.130453   0.00000000   0.00000000
   0.00000000   0.00000000
    -0.276376     0.155441     0.243719     0.395950   0.00000000   0.00000000
   0.00000000   0.00000000
    -0.002600     0.005696     0.085308     0.275943   0.00000000   0.00000000
   0.00000000   0.00000000
   0.00000000   0.00000000   0.00000000   0.00000000   0.00000000   0.00000000
     1.000000   0.00000000
     0.425926    -0.317361    -0.884021    -2.505867   0.00000000   0.00000000
   0.00000000   0.00000000
   0.00000000   0.00000000   0.00000000   0.00000000   0.00000000   0.00000000
   0.00000000     1.000000
     0.460864    -0.378459    -0.394819     1.926260   0.00000000   0.00000000
   0.00000000   0.00000000
     0.236555     0.033325     1.072408     1.292839   0.00000000   0.00000000
   0.00000000   0.00000000
     0.047504     0.456558     0.628411    -1.827177   0.00000000   0.00000000
   0.00000000   0.00000000
     0.007012     0.469051    -0.479278    -0.371120   0.00000000   0.00000000
   0.00000000   0.00000000
    -0.000383     0.186370    -0.548380     0.698860   0.00000000   0.00000000
   0.00000000   0.00000000
     0.000641     0.030594    -0.143865     0.354861   0.00000000   0.00000000
   0.00000000   0.00000000
    -0.000147     0.000776    -0.006800     0.010663     1.000000   0.00000000
   0.00000000   0.00000000
   0.00000000   0.00000000   0.00000000   0.00000000   0.00000000     1.000000
   0.00000000   0.00000000

    52.271002    28.989500    16.077578     8.916626     4.945161
     4.452400     2.742587     1.574800     1.521039     0.843568
     0.467843     0.259466     0.143900     0.079807     0.044261
     0.017704

    -0.000103     0.000196     0.000287   0.00000000   0.00000000   0.00000000
   0.00000000
     0.000467    -0.000963    -0.001388   0.00000000   0.00000000   0.00000000
   0.00000000
     0.002803    -0.002392    -0.003056   0.00000000   0.00000000   0.00000000
   0.00000000
    -0.039328     0.050899     0.069653   0.00000000   0.00000000   0.00000000
   0.00000000
     0.031263    -0.042644    -0.032850   0.00000000   0.00000000   0.00000000
   0.00000000
   0.00000000   0.00000000   0.00000000   0.00000000   0.00000000     1.000000
   0.00000000
     0.184471    -0.313089    -0.711418   0.00000000   0.00000000   0.00000000
   0.00000000
   0.00000000   0.00000000   0.00000000   0.00000000   0.00000000   0.00000000
     1.000000
     0.291465    -0.428387    -0.262635   0.00000000   0.00000000   0.00000000
   0.00000000
     0.289956    -0.080810     0.863081   0.00000000   0.00000000   0.00000000
   0.00000000
     0.231088     0.315166     0.459855   0.00000000   0.00000000   0.00000000
   0.00000000
     0.142433     0.392427    -0.311796   0.00000000   0.00000000   0.00000000
   0.00000000
     0.065674     0.236410    -0.460355   0.00000000   0.00000000   0.00000000
   0.00000000
     0.016134     0.074921    -0.179197   0.00000000   0.00000000   0.00000000
   0.00000000
     0.001687     0.008955    -0.024419     1.000000   0.00000000   0.00000000
   0.00000000
   0.00000000   0.00000000   0.00000000   0.00000000     1.000000   0.00000000
   0.00000000

     4.869800     1.885700     0.738100     0.288900

     1.000000   0.00000000   0.00000000   0.00000000
   0.00000000     1.000000   0.00000000   0.00000000
   0.00000000   0.00000000     1.000000   0.00000000
   0.00000000   0.00000000   0.00000000     1.000000

     3.499000     1.575100     0.709000

     1.000000   0.00000000   0.00000000
   0.00000000     1.000000   0.00000000
   0.00000000   0.00000000     1.000000

Ag:aug-cc-pV5Z-ccECP
ccECP aug-cc-pV5Z for Ag | source recipes/Ag/ccECP/Ag.aug-cc-pV5Z.gamess | ccECP from Guangming Wang et al. Journal of Chemical Physics (2022) https://doi.org/10.1063/5.0087300

  7
    0    1    2    3    4    5    6
    8    8    7    5    4    3    2
   14   14   14    5    4    3    2

   252.240986   120.263143    57.338912    27.337975    13.034166
     6.214413     2.962900     1.412648     0.673520     0.321120
     0.153103     0.072996     0.034803     0.013921

     0.000187    -0.000008    -0.000099    -0.001900     0.008567     0.000101
   0.00000000   0.00000000
    -0.001203     0.000101     0.000652     0.009674    -0.042968    -0.002100
   0.00000000   0.00000000
     0.006572    -0.000983    -0.003771    -0.032370     0.136555     0.019626
   0.00000000   0.00000000
    -0.049135     0.010502     0.030950     0.116305    -0.411745    -0.168259
   0.00000000   0.00000000
     0.324368    -0.079895    -0.221657    -0.510709     1.449354     1.268795
   0.00000000   0.00000000
    -0.830173     0.222996     0.613121     1.359180    -4.244024    -5.556722
   0.00000000   0.00000000
     0.040602    -0.020638     0.057692    -0.446341     6.431380    12.664012
   0.00000000   0.00000000
     0.867596    -0.290413    -1.459411    -3.589505    -3.001191   -17.224136
   0.00000000   0.00000000
     0.402042    -0.217113    -0.130031     4.806964    -3.774340    16.894920
   0.00000000   0.00000000
     0.041210    -0.060146     1.562245    -0.846586     7.664217   -12.220432
   0.00000000   0.00000000
    -0.001441     0.281317     0.425393    -2.019864    -5.681745     5.404238
   0.00000000   0.00000000
     0.001527     0.481834    -0.568215     0.548278     1.176658    -0.235941
   0.00000000   0.00000000
    -0.000235     0.420529    -0.494792     0.652319     0.575735    -0.803515
     1.000000   0.00000000
   0.00000000   0.00000000   0.00000000   0.00000000   0.00000000   0.00000000
   0.00000000     1.000000

    50.711510    26.995067    14.370182     7.649625     4.072096
     2.167683     1.153915     0.614259     0.326986     0.174063
     0.092658     0.049325     0.026257     0.010502

     0.000473    -0.000057    -0.000068    -0.003119    -0.021677     0.058096
   0.00000000   0.00000000
    -0.007776     0.003143     0.004824     0.021691     0.119340    -0.318572
   0.00000000   0.00000000
     0.079067    -0.040893    -0.064390    -0.130453    -0.488914     1.245677
   0.00000000   0.00000000
    -0.276376     0.155441     0.243719     0.395950     1.496978    -4.016432
   0.00000000   0.00000000
    -0.002600     0.005696     0.085308     0.275943    -1.655266     7.870313
   0.00000000   0.00000000
     0.425926    -0.317361    -0.884021    -2.505867    -2.075933    -7.672663
   0.00000000   0.00000000
     0.460864    -0.378459    -0.394819     1.926260     6.000732     2.635999
   0.00000000   0.00000000
     0.236555     0.033325     1.072408     1.292839    -5.276038     3.546661
   0.00000000   0.00000000
     0.047504     0.456558     0.628411    -1.827177     1.115333    -6.694170
   0.00000000   0.00000000
     0.007012     0.469051    -0.479278    -0.371120     1.348328     5.160061
   0.00000000   0.00000000
    -0.000383     0.186370    -0.548380     0.698860    -0.307305    -1.488513
   0.00000000   0.00000000
     0.000641     0.030594    -0.143865     0.354861    -0.679120    -0.157325
   0.00000000   0.00000000
    -0.000147     0.000776    -0.006800     0.010663     0.004214    -0.195952
     1.000000   0.00000000
   0.00000000   0.00000000   0.00000000   0.00000000   0.00000000   0.00000000
   0.00000000     1.000000

    52.271002    28.989500    16.077578     8.916626     4.945161
     2.742587     1.521039     0.843568     0.467843     0.259466
     0.143900     0.079807     0.044261     0.017704

    -0.000103     0.000196     0.000287    -0.001403    -0.014004   0.00000000
   0.00000000
     0.000467    -0.000963    -0.001388     0.006606     0.066597   0.00000000
   0.00000000
     0.002803    -0.002392    -0.003056    -0.031127    -0.221205   0.00000000
   0.00000000
    -0.039328     0.050899     0.069653     0.183242     0.770960   0.00000000
   0.00000000
     0.031263    -0.042644    -0.032850    -0.219705    -1.660472   0.00000000
   0.00000000
     0.184471    -0.313089    -0.711418    -1.433050    -0.337146   0.00000000
   0.00000000
     0.291465    -0.428387    -0.262635     1.507546     3.585800   0.00000000
   0.00000000
     0.289956    -0.080810     0.863081     0.764291    -3.860461   0.00000000
   0.00000000
     0.231088     0.315166     0.459855    -1.346791     1.059439   0.00000000
   0.00000000
     0.142433     0.392427    -0.311796    -0.281207     0.995235   0.00000000
   0.00000000
     0.065674     0.236410    -0.460355     0.532740    -0.323151   0.00000000
   0.00000000
     0.016134     0.074921    -0.179197     0.321797    -0.495192   0.00000000
   0.00000000
     0.001687     0.008955    -0.024419     0.038935    -0.043251     1.000000
   0.00000000
   0.00000000   0.00000000   0.00000000   0.00000000   0.00000000   0.00000000
     1.000000

     6.865300     2.613000     0.994500     0.378500     0.144800

     1.000000   0.00000000   0.00000000   0.00000000   0.00000000
   0.00000000     1.000000   0.00000000   0.00000000   0.00000000
   0.00000000   0.00000000     1.000000   0.00000000   0.00000000
   0.00000000   0.00000000   0.00000000     1.000000   0.00000000
   0.00000000   0.00000000   0.00000000   0.00000000     1.000000

     3.408200     1.457300     0.623200     0.259600

     1.000000   0.00000000   0.00000000   0.00000000
   0.00000000     1.000000   0.00000000   0.00000000
   0.00000000   0.00000000     1.000000   0.00000000
   0.00000000   0.00000000   0.00000000     1.000000

     2.833200     1.081400     0.475800

     1.000000   0.00000000   0.00000000
   0.00000000     1.000000   0.00000000
   0.00000000   0.00000000     1.000000

     2.264000     1.208200

     1.000000   0.00000000
   0.00000000     1.000000

Ag:aug-cc-pVDZ-ccECP
ccECP aug-cc-pVDZ for Ag | source recipes/Ag/ccECP/Ag.aug-cc-pVDZ.gamess | ccECP from Guangming Wang et al. Journal of Chemical Physics (2022) https://doi.org/10.1063/5.0087300

  4
    0    1    2    3
    5    5    4    2
   14   14   14    2

   252.240986   120.263143    57.338912    27.337975    13.034166
     6.214413     2.962900     1.412648     0.673520     0.321120
     0.153103     0.072996     0.034803     0.013921

     0.000187    -0.000008    -0.000099   0.00000000   0.00000000
    -0.001203     0.000101     0.000652   0.00000000   0.00000000
     0.006572    -0.000983    -0.003771   0.00000000   0.00000000
    -0.049135     0.010502     0.030950   0.00000000   0.00000000
     0.324368    -0.079895    -0.221657   0.00000000   0.00000000
    -0.830173     0.222996     0.613121   0.00000000   0.00000000
     0.040602    -0.020638     0.057692   0.00000000   0.00000000
     0.867596    -0.290413    -1.459411   0.00000000   0.00000000
     0.402042    -0.217113    -0.130031   0.00000000   0.00000000
     0.041210    -0.060146     1.562245   0.00000000   0.00000000
    -0.001441     0.281317     0.425393   0.00000000   0.00000000
     0.001527     0.481834    -0.568215   0.00000000   0.00000000
    -0.000235     0.420529    -0.494792     1.000000   0.00000000
   0.00000000   0.00000000   0.00000000   0.00000000     1.000000

    50.711510    26.995067    14.370182     7.649625     4.072096
     2.167683     1.153915     0.614259     0.326986     0.174063
     0.092658     0.049325     0.026257     0.010502

     0.000473    -0.000057    -0.000068   0.00000000   0.00000000
    -0.007776     0.003143     0.004824   0.00000000   0.00000000
     0.079067    -0.040893    -0.064390   0.00000000   0.00000000
    -0.276376     0.155441     0.243719   0.00000000   0.00000000
    -0.002600     0.005696     0.085308   0.00000000   0.00000000
     0.425926    -0.317361    -0.884021   0.00000000   0.00000000
     0.460864    -0.378459    -0.394819   0.00000000   0.00000000
     0.236555     0.033325     1.072408   0.00000000   0.00000000
     0.047504     0.456558     0.628411   0.00000000   0.00000000
     0.007012     0.469051    -0.479278   0.00000000   0.00000000
    -0.000383     0.186370    -0.548380   0.00000000   0.00000000
     0.000641     0.030594    -0.143865   0.00000000   0.00000000
    -0.000147     0.000776    -0.006800     1.000000   0.00000000
   0.00000000   0.00000000   0.00000000   0.00000000     1.000000

    52.271002    28.989500    16.077578     8.916626     4.945161
     2.742587     1.521039     0.843568     0.467843     0.259466
     0.143900     0.079807     0.044261     0.017704

    -0.000103     0.000196   0.00000000   0.00000000
     0.000467    -0.000963   0.00000000   0.00000000
     0.002803    -0.002392   0.00000000   0.00000000
    -0.039328     0.050899   0.00000000   0.00000000
     0.031263    -0.042644   0.00000000   0.00000000
     0.184471    -0.313089   0.00000000   0.00000000
     0.291465    -0.428387   0.00000000   0.00000000
     0.289956    -0.080810   0.00000000   0.00000000
     0.231088     0.315166   0.00000000   0.00000000
     0.142433     0.392427   0.00000000   0.00000000
     0.065674     0.236410   0.00000000   0.00000000
     0.016134     0.074921   0.00000000   0.00000000
     0.001687     0.008955     1.000000   0.00000000
   0.00000000   0.00000000   0.00000000     1.000000

     1.329900     0.444900

     1.000000   0.00000000
   0.00000000     1.000000

Ag:aug-cc-pVQZ-ccECP
ccECP aug-cc-pVQZ for Ag | source recipes/Ag/ccECP/Ag.aug-cc-pVQZ.gamess | ccECP from Guangming Wang et al. Journal of Chemical Physics (2022) https://doi.org/10.1063/5.0087300

  6
    0    1    2    3    4    5
    7    7    6    4    3    2
   14   14   14    4    3    2

   252.240986   120.263143    57.338912    27.337975    13.034166
     6.214413     2.962900     1.412648     0.673520     0.321120
     0.153103     0.072996     0.034803     0.013921

     0.000187    -0.000008    -0.000099    -0.001900     0.008567   0.00000000
   0.00000000
    -0.001203     0.000101     0.000652     0.009674    -0.042968   0.00000000
   0.00000000
     0.006572    -0.000983    -0.003771    -0.032370     0.136555   0.00000000
   0.00000000
    -0.049135     0.010502     0.030950     0.116305    -0.411745   0.00000000
   0.00000000
     0.324368    -0.079895    -0.221657    -0.510709     1.449354   0.00000000
   0.00000000
    -0.830173     0.222996     0.613121     1.359180    -4.244024   0.00000000
   0.00000000
     0.040602    -0.020638     0.057692    -0.446341     6.431380   0.00000000
   0.00000000
     0.867596    -0.290413    -1.459411    -3.589505    -3.001191   0.00000000
   0.00000000
     0.402042    -0.217113    -0.130031     4.806964    -3.774340   0.00000000
   0.00000000
     0.041210    -0.060146     1.562245    -0.846586     7.664217   0.00000000
   0.00000000
    -0.001441     0.281317     0.425393    -2.019864    -5.681745   0.00000000
   0.00000000
     0.001527     0.481834    -0.568215     0.548278     1.176658   0.00000000
   0.00000000
    -0.000235     0.420529    -0.494792     0.652319     0.575735     1.000000
   0.00000000
   0.00000000   0.00000000   0.00000000   0.00000000   0.00000000   0.00000000
     1.000000

    50.711510    26.995067    14.370182     7.649625     4.072096
     2.167683     1.153915     0.614259     0.326986     0.174063
     0.092658     0.049325     0.026257     0.010502

     0.000473    -0.000057    -0.000068    -0.003119    -0.021677   0.00000000
   0.00000000
    -0.007776     0.003143     0.004824     0.021691     0.119340   0.00000000
   0.00000000
     0.079067    -0.040893    -0.064390    -0.130453    -0.488914   0.00000000
   0.00000000
    -0.276376     0.155441     0.243719     0.395950     1.496978   0.00000000
   0.00000000
    -0.002600     0.005696     0.085308     0.275943    -1.655266   0.00000000
   0.00000000
     0.425926    -0.317361    -0.884021    -2.505867    -2.075933   0.00000000
   0.00000000
     0.460864    -0.378459    -0.394819     1.926260     6.000732   0.00000000
   0.00000000
     0.236555     0.033325     1.072408     1.292839    -5.276038   0.00000000
   0.00000000
     0.047504     0.456558     0.628411    -1.827177     1.115333   0.00000000
   0.00000000
     0.007012     0.469051    -0.479278    -0.371120     1.348328   0.00000000
   0.00000000
    -0.000383     0.186370    -0.548380     0.698860    -0.307305   0.00000000
   0.00000000
     0.000641     0.030594    -0.143865     0.354861    -0.679120   0.00000000
   0.00000000
    -0.000147     0.000776    -0.006800     0.010663     0.004214     1.000000
   0.00000000
   0.00000000   0.00000000   0.00000000   0.00000000   0.00000000   0.00000000
     1.000000

    52.271002    28.989500    16.077578     8.916626     4.945161
     2.742587     1.521039     0.843568     0.467843     0.259466
     0.143900     0.079807     0.044261     0.017704

    -0.000103     0.000196     0.000287    -0.001403   0.00000000   0.00000000
     0.000467    -0.000963    -0.001388     0.006606   0.00000000   0.00000000
     0.002803    -0.002392    -0.003056    -0.031127   0.00000000   0.00000000
    -0.039328     0.050899     0.069653     0.183242   0.00000000   0.00000000
     0.031263    -0.042644    -0.032850    -0.219705   0.00000000   0.00000000
     0.184471    -0.313089    -0.711418    -1.433050   0.00000000   0.00000000
     0.291465    -0.428387    -0.262635     1.507546   0.00000000   0.00000000
     0.289956    -0.080810     0.863081     0.764291   0.00000000   0.00000000
     0.231088     0.315166     0.459855    -1.346791   0.00000000   0.00000000
     0.142433     0.392427    -0.311796    -0.281207   0.00000000   0.00000000
     0.065674     0.236410    -0.460355     0.532740   0.00000000   0.00000000
     0.016134     0.074921    -0.179197     0.321797   0.00000000   0.00000000
     0.001687     0.008955    -0.024419     0.038935     1.000000   0.00000000
   0.00000000   0.00000000   0.00000000   0.00000000   0.00000000     1.000000

     4.194200     1.425300     0.484400     0.179200

     1.000000   0.00000000   0.00000000   0.00000000
   0.00000000     1.000000   0.00000000   0.00000000
   0.00000000   0.00000000     1.000000   0.00000000
   0.00000000   0.00000000   0.00000000     1.000000

     2.530500     0.906700     0.402100

     1.000000   0.00000000   0.00000000
   0.00000000     1.000000   0.00000000
   0.00000000   0.00000000     1.000000

     1.742300     0.820700

     1.000000   0.00000000
   0.00000000     1.000000

Ag:aug-cc-pVTZ-ccECP
ccECP aug-cc-pVTZ for Ag | source recipes/Ag/ccECP/Ag.aug-cc-pVTZ.gamess | ccECP from Guangming Wang et al. Journal of Chemical Physics (2022) https://doi.org/10.1063/5.0087300

  5
    0    1    2    3    4
    6    6    5    3    2
   14   14   14    3    2

   252.240986   120.263143    57.338912    27.337975    13.034166
     6.214413     2.962900     1.412648     0.673520     0.321120
     0.153103     0.072996     0.034803     0.013921

     0.000187    -0.000008    -0.000099    -0.001900   0.00000000   0.00000000
    -0.001203     0.000101     0.000652     0.009674   0.00000000   0.00000000
     0.006572    -0.000983    -0.003771    -0.032370   0.00000000   0.00000000
    -0.049135     0.010502     0.030950     0.116305   0.00000000   0.00000000
     0.324368    -0.079895    -0.221657    -0.510709   0.00000000   0.00000000
    -0.830173     0.222996     0.613121     1.359180   0.00000000   0.00000000
     0.040602    -0.020638     0.057692    -0.446341   0.00000000   0.00000000
     0.867596    -0.290413    -1.459411    -3.589505   0.00000000   0.00000000
     0.402042    -0.217113    -0.130031     4.806964   0.00000000   0.00000000
     0.041210    -0.060146     1.562245    -0.846586   0.00000000   0.00000000
    -0.001441     0.281317     0.425393    -2.019864   0.00000000   0.00000000
     0.001527     0.481834    -0.568215     0.548278   0.00000000   0.00000000
    -0.000235     0.420529    -0.494792     0.652319     1.000000   0.00000000
   0.00000000   0.00000000   0.00000000   0.00000000   0.00000000     1.000000

    50.711510    26.995067    14.370182     7.649625     4.072096
     2.167683     1.153915     0.614259     0.326986     0.174063
     0.092658     0.049325     0.026257     0.010502

     0.000473    -0.000057    -0.000068    -0.003119   0.00000000   0.00000000
    -0.007776     0.003143     0.004824     0.021691   0.00000000   0.00000000
     0.079067    -0.040893    -0.064390    -0.130453   0.00000000   0.00000000
    -0.276376     0.155441     0.243719     0.395950   0.00000000   0.00000000
    -0.002600     0.005696     0.085308     0.275943   0.00000000   0.00000000
     0.425926    -0.317361    -0.884021    -2.505867   0.00000000   0.00000000
     0.460864    -0.378459    -0.394819     1.926260   0.00000000   0.00000000
     0.236555     0.033325     1.072408     1.292839   0.00000000   0.00000000
     0.047504     0.456558     0.628411    -1.827177   0.00000000   0.00000000
     0.007012     0.469051    -0.479278    -0.371120   0.00000000   0.00000000
    -0.000383     0.186370    -0.548380     0.698860   0.00000000   0.00000000
     0.000641     0.030594    -0.143865     0.354861   0.00000000   0.00000000
    -0.000147     0.000776    -0.006800     0.010663     1.000000   0.00000000
   0.00000000   0.00000000   0.00000000   0.00000000   0.00000000     1.000000

    52.271002    28.989500    16.077578     8.916626     4.945161
     2.742587     1.521039     0.843568     0.467843     0.259466
     0.143900     0.079807     0.044261     0.017704

    -0.000103     0.000196     0.000287   0.00000000   0.00000000
     0.000467    -0.000963    -0.001388   0.00000000   0.00000000
     0.002803    -0.002392    -0.003056   0.00000000   0.00000000
    -0.039328     0.050899     0.069653   0.00000000   0.00000000
     0.031263    -0.042644    -0.032850   0.00000000   0.00000000
     0.184471    -0.313089    -0.711418   0.00000000   0.00000000
     0.291465    -0.428387    -0.262635   0.00000000   0.00000000
     0.289956    -0.080810     0.863081   0.00000000   0.00000000
     0.231088     0.315166     0.459855   0.00000000   0.00000000
     0.142433     0.392427    -0.311796   0.00000000   0.00000000
     0.065674     0.236410    -0.460355   0.00000000   0.00000000
     0.016134     0.074921    -0.179197   0.00000000   0.00000000
     0.001687     0.008955    -0.024419     1.000000   0.00000000
   0.00000000   0.00000000   0.00000000   0.00000000     1.000000

     2.543100     0.738100     0.288900

     1.000000   0.00000000   0.00000000
   0.00000000     1.000000   0.00000000
   0.00000000   0.00000000     1.000000

     1.575100     0.709000

     1.000000   0.00000000
   0.00000000     1.000000

Ag:cc-pCV5Z-ccECP
ccECP cc-pCV5Z for Ag | source recipes/Ag/ccECP/Ag.cc-pCV5Z.gamess | ccECP from Guangming Wang et al. Journal of Chemical Physics (2022) https://doi.org/10.1063/5.0087300

  7
    0    1    2    3    4    5    6
    9    9    8    5    4    3    2
   15   15   15    5    4    3    2

   252.240986   120.263143    57.338912    27.337975    13.034166
     6.214413     2.962900     1.664900     1.412648     1.041500
     0.673520     0.321120     0.153103     0.072996     0.034803

     0.000187    -0.000008    -0.000099    -0.001900     0.008567     0.000101
   0.00000000   0.00000000   0.00000000
    -0.001203     0.000101     0.000652     0.009674    -0.042968    -0.002100
   0.00000000   0.00000000   0.00000000
     0.006572    -0.000983    -0.003771    -0.032370     0.136555     0.019626
   0.00000000   0.00000000   0.00000000
    -0.049135     0.010502     0.030950     0.116305    -0.411745    -0.168259
   0.00000000   0.00000000   0.00000000
     0.324368    -0.079895    -0.221657    -0.510709     1.449354     1.268795
   0.00000000   0.00000000   0.00000000
    -0.830173     0.222996     0.613121     1.359180    -4.244024    -5.556722
   0.00000000   0.00000000   0.00000000
     0.040602    -0.020638     0.057692    -0.446341     6.431380    12.664012
   0.00000000   0.00000000   0.00000000
   0.00000000   0.00000000   0.00000000   0.00000000   0.00000000   0.00000000
   0.00000000     1.000000   0.00000000
     0.867596    -0.290413    -1.459411    -3.589505    -3.001191   -17.224136
   0.00000000   0.00000000   0.00000000
   0.00000000   0.00000000   0.00000000   0.00000000   0.00000000   0.00000000
   0.00000000   0.00000000     1.000000
     0.402042    -0.217113    -0.130031     4.806964    -3.774340    16.894920
   0.00000000   0.00000000   0.00000000
     0.041210    -0.060146     1.562245    -0.846586     7.664217   -12.220432
   0.00000000   0.00000000   0.00000000
    -0.001441     0.281317     0.425393    -2.019864    -5.681745     5.404238
   0.00000000   0.00000000   0.00000000
     0.001527     0.481834    -0.568215     0.548278     1.176658    -0.235941
   0.00000000   0.00000000   0.00000000
    -0.000235     0.420529    -0.494792     0.652319     0.575735    -0.803515
     1.000000   0.00000000   0.00000000

    50.711510    26.995067    14.370182     7.649625     4.072096
     3.845700     2.408600     2.167683     1.153915     0.614259
     0.326986     0.174063     0.092658     0.049325     0.026257

     0.000473    -0.000057    -0.000068    -0.003119    -0.021677     0.058096
   0.00000000   0.00000000   0.00000000
    -0.007776     0.003143     0.004824     0.021691     0.119340    -0.318572
   0.00000000   0.00000000   0.00000000
     0.079067    -0.040893    -0.064390    -0.130453    -0.488914     1.245677
   0.00000000   0.00000000   0.00000000
    -0.276376     0.155441     0.243719     0.395950     1.496978    -4.016432
   0.00000000   0.00000000   0.00000000
    -0.002600     0.005696     0.085308     0.275943    -1.655266     7.870313
   0.00000000   0.00000000   0.00000000
   0.00000000   0.00000000   0.00000000   0.00000000   0.00000000   0.00000000
   0.00000000     1.000000   0.00000000
   0.00000000   0.00000000   0.00000000   0.00000000   0.00000000   0.00000000
   0.00000000   0.00000000     1.000000
     0.425926    -0.317361    -0.884021    -2.505867    -2.075933    -7.672663
   0.00000000   0.00000000   0.00000000
     0.460864    -0.378459    -0.394819     1.926260     6.000732     2.635999
   0.00000000   0.00000000   0.00000000
     0.236555     0.033325     1.072408     1.292839    -5.276038     3.546661
   0.00000000   0.00000000   0.00000000
     0.047504     0.456558     0.628411    -1.827177     1.115333    -6.694170
   0.00000000   0.00000000   0.00000000
     0.007012     0.469051    -0.479278    -0.371120     1.348328     5.160061
   0.00000000   0.00000000   0.00000000
    -0.000383     0.186370    -0.548380     0.698860    -0.307305    -1.488513
   0.00000000   0.00000000   0.00000000
     0.000641     0.030594    -0.143865     0.354861    -0.679120    -0.157325
   0.00000000   0.00000000   0.00000000
    -0.000147     0.000776    -0.006800     0.010663     0.004214    -0.195952
     1.000000   0.00000000   0.00000000

    52.271002    28.989500    16.077578     8.916626     5.375600
     4.945161     2.742587     2.480200     1.521039     0.843568
     0.467843     0.259466     0.143900     0.079807     0.044261

    -0.000103     0.000196     0.000287    -0.001403    -0.014004   0.00000000
   0.00000000   0.00000000
     0.000467    -0.000963    -0.001388     0.006606     0.066597   0.00000000
   0.00000000   0.00000000
     0.002803    -0.002392    -0.003056    -0.031127    -0.221205   0.00000000
   0.00000000   0.00000000
    -0.039328     0.050899     0.069653     0.183242     0.770960   0.00000000
   0.00000000   0.00000000
   0.00000000   0.00000000   0.00000000   0.00000000   0.00000000   0.00000000
     1.000000   0.00000000
     0.031263    -0.042644    -0.032850    -0.219705    -1.660472   0.00000000
   0.00000000   0.00000000
     0.184471    -0.313089    -0.711418    -1.433050    -0.337146   0.00000000
   0.00000000   0.00000000
   0.00000000   0.00000000   0.00000000   0.00000000   0.00000000   0.00000000
   0.00000000     1.000000
     0.291465    -0.428387    -0.262635     1.507546     3.585800   0.00000000
   0.00000000   0.00000000
     0.289956    -0.080810     0.863081     0.764291    -3.860461   0.00000000
   0.00000000   0.00000000
     0.231088     0.315166     0.459855    -1.346791     1.059439   0.00000000
   0.00000000   0.00000000
     0.142433     0.392427    -0.311796    -0.281207     0.995235   0.00000000
   0.00000000   0.00000000
     0.065674     0.236410    -0.460355     0.532740    -0.323151   0.00000000
   0.00000000   0.00000000
     0.016134     0.074921    -0.179197     0.321797    -0.495192   0.00000000
   0.00000000   0.00000000
     0.001687     0.008955    -0.024419     0.038935    -0.043251     1.000000
   0.00000000   0.00000000

    10.076200     4.648100     2.144100     0.989100     0.378500

     1.000000   0.00000000   0.00000000   0.00000000   0.00000000
   0.00000000     1.000000   0.00000000   0.00000000   0.00000000
   0.00000000   0.00000000     1.000000   0.00000000   0.00000000
   0.00000000   0.00000000   0.00000000     1.000000   0.00000000
   0.00000000   0.00000000   0.00000000   0.00000000     1.000000

     4.440600     2.577300     1.495800     0.623200

     1.000000   0.00000000   0.00000000   0.00000000
   0.00000000     1.000000   0.00000000   0.00000000
   0.00000000   0.00000000     1.000000   0.00000000
   0.00000000   0.00000000   0.00000000     1.000000

     4.324700     2.457700     1.081400

     1.000000   0.00000000   0.00000000
   0.00000000     1.000000   0.00000000
   0.00000000   0.00000000     1.000000

     4.242300     2.264000

     1.000000   0.00000000
   0.00000000     1.000000

Ag:cc-pCVDZ-ccECP
ccECP cc-pCVDZ for Ag | source recipes/Ag/ccECP/Ag.cc-pCVDZ.gamess | ccECP from Guangming Wang et al. Journal of Chemical Physics (2022) https://doi.org/10.1063/5.0087300

  4
    0    1    2    3
    5    5    4    2
   14   14   14    2

   252.240986   120.263143    57.338912    27.337975    13.034166
     6.214413     2.962900     2.398500     1.412648     0.673520
     0.321120     0.153103     0.072996     0.034803

     0.000187    -0.000008    -0.000099   0.00000000   0.00000000
    -0.001203     0.000101     0.000652   0.00000000   0.00000000
     0.006572    -0.000983    -0.003771   0.00000000   0.00000000
    -0.049135     0.010502     0.030950   0.00000000   0.00000000
     0.324368    -0.079895    -0.221657   0.00000000   0.00000000
    -0.830173     0.222996     0.613121   0.00000000   0.00000000
     0.040602    -0.020638     0.057692   0.00000000   0.00000000
   0.00000000   0.00000000   0.00000000   0.00000000     1.000000
     0.867596    -0.290413    -1.459411   0.00000000   0.00000000
     0.402042    -0.217113    -0.130031   0.00000000   0.00000000
     0.041210    -0.060146     1.562245   0.00000000   0.00000000
    -0.001441     0.281317     0.425393   0.00000000   0.00000000
     0.001527     0.481834    -0.568215   0.00000000   0.00000000
    -0.000235     0.420529    -0.494792     1.000000   0.00000000

    50.711510    26.995067    14.370182     7.649625     4.072096
     2.585200     2.167683     1.153915     0.614259     0.326986
     0.174063     0.092658     0.049325     0.026257

     0.000473    -0.000057    -0.000068   0.00000000   0.00000000
    -0.007776     0.003143     0.004824   0.00000000   0.00000000
     0.079067    -0.040893    -0.064390   0.00000000   0.00000000
    -0.276376     0.155441     0.243719   0.00000000   0.00000000
    -0.002600     0.005696     0.085308   0.00000000   0.00000000
   0.00000000   0.00000000   0.00000000   0.00000000     1.000000
     0.425926    -0.317361    -0.884021   0.00000000   0.00000000
     0.460864    -0.378459    -0.394819   0.00000000   0.00000000
     0.236555     0.033325     1.072408   0.00000000   0.00000000
     0.047504     0.456558     0.628411   0.00000000   0.00000000
     0.007012     0.469051    -0.479278   0.00000000   0.00000000
    -0.000383     0.186370    -0.548380   0.00000000   0.00000000
     0.000641     0.030594    -0.143865   0.00000000   0.00000000
    -0.000147     0.000776    -0.006800     1.000000   0.00000000

    52.271002    28.989500    16.077578     8.916626     4.945161
     2.836500     2.742587     1.521039     0.843568     0.467843
     0.259466     0.143900     0.079807     0.044261

    -0.000103     0.000196   0.00000000   0.00000000
     0.000467    -0.000963   0.00000000   0.00000000
     0.002803    -0.002392   0.00000000   0.00000000
    -0.039328     0.050899   0.00000000   0.00000000
     0.031263    -0.042644   0.00000000   0.00000000
   0.00000000   0.00000000   0.00000000     1.000000
     0.184471    -0.313089   0.00000000   0.00000000
     0.291465    -0.428387   0.00000000   0.00000000
     0.289956    -0.080810   0.00000000   0.00000000
     0.231088     0.315166   0.00000000   0.00000000
     0.142433     0.392427   0.00000000   0.00000000
     0.065674     0.236410   0.00000000   0.00000000
     0.016134     0.074921   0.00000000   0.00000000
     0.001687     0.008955     1.000000   0.00000000

     3.975100     1.329900

     1.000000   0.00000000
   0.00000000     1.000000

Ag:cc-pCVQZ-ccECP
ccECP cc-pCVQZ for Ag | source recipes/Ag/ccECP/Ag.cc-pCVQZ.gamess | ccECP from Guangming Wang et al. Journal of Chemical Physics (2022) https://doi.org/10.1063/5.0087300

  6
    0    1    2    3    4    5
    8    8    7    4    3    2
   15   15   15    4    3    2

   252.240986   120.263143    57.338912    27.337975    13.034166
     6.214413     2.962900     2.561300     1.603700     1.412648
     0.673520     0.321120     0.153103     0.072996     0.034803

     0.000187    -0.000008    -0.000099    -0.001900     0.008567   0.00000000
   0.00000000   0.00000000
    -0.001203     0.000101     0.000652     0.009674    -0.042968   0.00000000
   0.00000000   0.00000000
     0.006572    -0.000983    -0.003771    -0.032370     0.136555   0.00000000
   0.00000000   0.00000000
    -0.049135     0.010502     0.030950     0.116305    -0.411745   0.00000000
   0.00000000   0.00000000
     0.324368    -0.079895    -0.221657    -0.510709     1.449354   0.00000000
   0.00000000   0.00000000
    -0.830173     0.222996     0.613121     1.359180    -4.244024   0.00000000
   0.00000000   0.00000000
     0.040602    -0.020638     0.057692    -0.446341     6.431380   0.00000000
   0.00000000   0.00000000
   0.00000000   0.00000000   0.00000000   0.00000000   0.00000000   0.00000000
     1.000000   0.00000000
   0.00000000   0.00000000   0.00000000   0.00000000   0.00000000   0.00000000
   0.00000000     1.000000
     0.867596    -0.290413    -1.459411    -3.589505    -3.001191   0.00000000
   0.00000000   0.00000000
     0.402042    -0.217113    -0.130031     4.806964    -3.774340   0.00000000
   0.00000000   0.00000000
     0.041210    -0.060146     1.562245    -0.846586     7.664217   0.00000000
   0.00000000   0.00000000
    -0.001441     0.281317     0.425393    -2.019864    -5.681745   0.00000000
   0.00000000   0.00000000
     0.001527     0.481834    -0.568215     0.548278     1.176658   0.00000000
   0.00000000   0.00000000
    -0.000235     0.420529    -0.494792     0.652319     0.575735     1.000000
   0.00000000   0.00000000

    50.711510    26.995067    14.370182     7.649625     4.072096
     3.238900     2.167683     2.024700     1.153915     0.614259
     0.326986     0.174063     0.092658     0.049325     0.026257

     0.000473    -0.000057    -0.000068    -0.003119    -0.021677   0.00000000
   0.00000000   0.00000000
    -0.007776     0.003143     0.004824     0.021691     0.119340   0.00000000
   0.00000000   0.00000000
     0.079067    -0.040893    -0.064390    -0.130453    -0.488914   0.00000000
   0.00000000   0.00000000
    -0.276376     0.155441     0.243719     0.395950     1.496978   0.00000000
   0.00000000   0.00000000
    -0.002600     0.005696     0.085308     0.275943    -1.655266   0.00000000
   0.00000000   0.00000000
   0.00000000   0.00000000   0.00000000   0.00000000   0.00000000   0.00000000
     1.000000   0.00000000
     0.425926    -0.317361    -0.884021    -2.505867    -2.075933   0.00000000
   0.00000000   0.00000000
   0.00000000   0.00000000   0.00000000   0.00000000   0.00000000   0.00000000
   0.00000000     1.000000
     0.460864    -0.378459    -0.394819     1.926260     6.000732   0.00000000
   0.00000000   0.00000000
     0.236555     0.033325     1.072408     1.292839    -5.276038   0.00000000
   0.00000000   0.00000000
     0.047504     0.456558     0.628411    -1.827177     1.115333   0.00000000
   0.00000000   0.00000000
     0.007012     0.469051    -0.479278    -0.371120     1.348328   0.00000000
   0.00000000   0.00000000
    -0.000383     0.186370    -0.548380     0.698860    -0.307305   0.00000000
   0.00000000   0.00000000
     0.000641     0.030594    -0.143865     0.354861    -0.679120   0.00000000
   0.00000000   0.00000000
    -0.000147     0.000776    -0.006800     0.010663     0.004214     1.000000
   0.00000000   0.00000000

    52.271002    28.989500    16.077578     8.916626     5.088000
     4.945161     2.742587     2.055400     1.521039     0.843568
     0.467843     0.259466     0.143900     0.079807     0.044261

    -0.000103     0.000196     0.000287    -0.001403   0.00000000   0.00000000
   0.00000000
     0.000467    -0.000963    -0.001388     0.006606   0.00000000   0.00000000
   0.00000000
     0.002803    -0.002392    -0.003056    -0.031127   0.00000000   0.00000000
   0.00000000
    -0.039328     0.050899     0.069653     0.183242   0.00000000   0.00000000
   0.00000000
   0.00000000   0.00000000   0.00000000   0.00000000   0.00000000     1.000000
   0.00000000
     0.031263    -0.042644    -0.032850    -0.219705   0.00000000   0.00000000
   0.00000000
     0.184471    -0.313089    -0.711418    -1.433050   0.00000000   0.00000000
   0.00000000
   0.00000000   0.00000000   0.00000000   0.00000000   0.00000000   0.00000000
     1.000000
     0.291465    -0.428387    -0.262635     1.507546   0.00000000   0.00000000
   0.00000000
     0.289956    -0.080810     0.863081     0.764291   0.00000000   0.00000000
   0.00000000
     0.231088     0.315166     0.459855    -1.346791   0.00000000   0.00000000
   0.00000000
     0.142433     0.392427    -0.311796    -0.281207   0.00000000   0.00000000
   0.00000000
     0.065674     0.236410    -0.460355     0.532740   0.00000000   0.00000000
   0.00000000
     0.016134     0.074921    -0.179197     0.321797   0.00000000   0.00000000
   0.00000000
     0.001687     0.008955    -0.024419     0.038935     1.000000   0.00000000
   0.00000000

     6.883500     3.002200     1.309400     0.484400

     1.000000   0.00000000   0.00000000   0.00000000
   0.00000000     1.000000   0.00000000   0.00000000
   0.00000000   0.00000000     1.000000   0.00000000
   0.00000000   0.00000000   0.00000000     1.000000

     3.886500     2.044600     0.906700

     1.000000   0.00000000   0.00000000
   0.00000000     1.000000   0.00000000
   0.00000000   0.00000000     1.000000

     3.698600     1.742300

     1.000000   0.00000000
   0.00000000     1.000000

Ag:cc-pCVTZ-ccECP
ccECP cc-pCVTZ for Ag | source recipes/Ag/ccECP/Ag.cc-pCVTZ.gamess | ccECP from Guangming Wang et al. Journal of Chemical Physics (2022) https://doi.org/10.1063/5.0087300

  5
    0    1    2    3    4
    7    7    6    3    2
   15   15   15    3    2

   252.240986   120.263143    57.338912    27.337975    13.034166
     6.214413     2.962900     2.225200     1.412648     1.396900
     0.673520     0.321120     0.153103     0.072996     0.034803

     0.000187    -0.000008    -0.000099    -0.001900   0.00000000   0.00000000
   0.00000000
    -0.001203     0.000101     0.000652     0.009674   0.00000000   0.00000000
   0.00000000
     0.006572    -0.000983    -0.003771    -0.032370   0.00000000   0.00000000
   0.00000000
    -0.049135     0.010502     0.030950     0.116305   0.00000000   0.00000000
   0.00000000
     0.324368    -0.079895    -0.221657    -0.510709   0.00000000   0.00000000
   0.00000000
    -0.830173     0.222996     0.613121     1.359180   0.00000000   0.00000000
   0.00000000
     0.040602    -0.020638     0.057692    -0.446341   0.00000000   0.00000000
   0.00000000
   0.00000000   0.00000000   0.00000000   0.00000000   0.00000000     1.000000
   0.00000000
     0.867596    -0.290413    -1.459411    -3.589505   0.00000000   0.00000000
   0.00000000
   0.00000000   0.00000000   0.00000000   0.00000000   0.00000000   0.00000000
     1.000000
     0.402042    -0.217113    -0.130031     4.806964   0.00000000   0.00000000
   0.00000000
     0.041210    -0.060146     1.562245    -0.846586   0.00000000   0.00000000
   0.00000000
    -0.001441     0.281317     0.425393    -2.019864   0.00000000   0.00000000
   0.00000000
     0.001527     0.481834    -0.568215     0.548278   0.00000000   0.00000000
   0.00000000
    -0.000235     0.420529    -0.494792     0.652319     1.000000   0.00000000
   0.00000000

    50.711510    26.995067    14.370182     7.649625     4.072096
     3.535900     2.167683     1.240200     1.153915     0.614259
     0.326986     0.174063     0.092658     0.049325     0.026257

     0.000473    -0.000057    -0.000068    -0.003119   0.00000000   0.00000000
   0.00000000
    -0.007776     0.003143     0.004824     0.021691   0.00000000   0.00000000
   0.00000000
     0.079067    -0.040893    -0.064390    -0.130453   0.00000000   0.00000000
   0.00000000
    -0.276376     0.155441     0.243719     0.395950   0.00000000   0.00000000
   0.00000000
    -0.002600     0.005696     0.085308     0.275943   0.00000000   0.00000000
   0.00000000
   0.00000000   0.00000000   0.00000000   0.00000000   0.00000000     1.000000
   0.00000000
     0.425926    -0.317361    -0.884021    -2.505867   0.00000000   0.00000000
   0.00000000
   0.00000000   0.00000000   0.00000000   0.00000000   0.00000000   0.00000000
     1.000000
     0.460864    -0.378459    -0.394819     1.926260   0.00000000   0.00000000
   0.00000000
     0.236555     0.033325     1.072408     1.292839   0.00000000   0.00000000
   0.00000000
     0.047504     0.456558     0.628411    -1.827177   0.00000000   0.00000000
   0.00000000
     0.007012     0.469051    -0.479278    -0.371120   0.00000000   0.00000000
   0.00000000
    -0.000383     0.186370    -0.548380     0.698860   0.00000000   0.00000000
   0.00000000
     0.000641     0.030594    -0.143865     0.354861   0.00000000   0.00000000
   0.00000000
    -0.000147     0.000776    -0.006800     0.010663     1.000000   0.00000000
   0.00000000

    52.271002    28.989500    16.077578     8.916626     4.945161
     4.452400     2.742587     1.574800     1.521039     0.843568
     0.467843     0.259466     0.143900     0.079807     0.044261

    -0.000103     0.000196     0.000287   0.00000000   0.00000000   0.00000000
     0.000467    -0.000963    -0.001388   0.00000000   0.00000000   0.00000000
     0.002803    -0.002392    -0.003056   0.00000000   0.00000000   0.00000000
    -0.039328     0.050899     0.069653   0.00000000   0.00000000   0.00000000
     0.031263    -0.042644    -0.032850   0.00000000   0.00000000   0.00000000
   0.00000000   0.00000000   0.00000000   0.00000000     1.000000   0.00000000
     0.184471    -0.313089    -0.711418   0.00000000   0.00000000   0.00000000
   0.00000000   0.00000000   0.00000000   0.00000000   0.00000000     1.000000
     0.291465    -0.428387    -0.262635   0.00000000   0.00000000   0.00000000
     0.289956    -0.080810     0.863081   0.00000000   0.00000000   0.00000000
     0.231088     0.315166     0.459855   0.00000000   0.00000000   0.00000000
     0.142433     0.392427    -0.311796   0.00000000   0.00000000   0.00000000
     0.065674     0.236410    -0.460355   0.00000000   0.00000000   0.00000000
     0.016134     0.074921    -0.179197   0.00000000   0.00000000   0.00000000
     0.001687     0.008955    -0.024419     1.000000   0.00000000   0.00000000

     4.869800     1.885700     0.738100

     1.000000   0.00000000   0.00000000
   0.00000000     1.000000   0.00000000
   0.00000000   0.00000000     1.000000

     3.499000     1.575100

     1.000000   0.00000000
   0.00000000     1.000000

Ag:cc-pV5Z-ccECP
ccECP cc-pV5Z for Ag | source recipes/Ag/ccECP/Ag.cc-pV5Z.gamess | ccECP from Guangming Wang et al. Journal of Chemical Physics (2022) https://doi.org/10.1063/5.0087300

  7
    0    1    2    3    4    5    6
    7    7    6    4    3    2    1
   13   13   13    4    3    2    1

   252.240986   120.263143    57.338912    27.337975    13.034166
     6.214413     2.962900     1.412648     0.673520     0.321120
     0.153103     0.072996     0.034803

     0.000187    -0.000008    -0.000099    -0.001900     0.008567     0.000101
   0.00000000
    -0.001203     0.000101     0.000652     0.009674    -0.042968    -0.002100
   0.00000000
     0.006572    -0.000983    -0.003771    -0.032370     0.136555     0.019626
   0.00000000
    -0.049135     0.010502     0.030950     0.116305    -0.411745    -0.168259
   0.00000000
     0.324368    -0.079895    -0.221657    -0.510709     1.449354     1.268795
   0.00000000
    -0.830173     0.222996     0.613121     1.359180    -4.244024    -5.556722
   0.00000000
     0.040602    -0.020638     0.057692    -0.446341     6.431380    12.664012
   0.00000000
     0.867596    -0.290413    -1.459411    -3.589505    -3.001191   -17.224136
   0.00000000
     0.402042    -0.217113    -0.130031     4.806964    -3.774340    16.894920
   0.00000000
     0.041210    -0.060146     1.562245    -0.846586     7.664217   -12.220432
   0.00000000
    -0.001441     0.281317     0.425393    -2.019864    -5.681745     5.404238
   0.00000000
     0.001527     0.481834    -0.568215     0.548278     1.176658    -0.235941
   0.00000000
    -0.000235     0.420529    -0.494792     0.652319     0.575735    -0.803515
     1.000000

    50.711510    26.995067    14.370182     7.649625     4.072096
     2.167683     1.153915     0.614259     0.326986     0.174063
     0.092658     0.049325     0.026257

     0.000473    -0.000057    -0.000068    -0.003119    -0.021677     0.058096
   0.00000000
    -0.007776     0.003143     0.004824     0.021691     0.119340    -0.318572
   0.00000000
     0.079067    -0.040893    -0.064390    -0.130453    -0.488914     1.245677
   0.00000000
    -0.276376     0.155441     0.243719     0.395950     1.496978    -4.016432
   0.00000000
    -0.002600     0.005696     0.085308     0.275943    -1.655266     7.870313
   0.00000000
     0.425926    -0.317361    -0.884021    -2.505867    -2.075933    -7.672663
   0.00000000
     0.460864    -0.378459    -0.394819     1.926260     6.000732     2.635999
   0.00000000
     0.236555     0.033325     1.072408     1.292839    -5.276038     3.546661
   0.00000000
     0.047504     0.456558     0.628411    -1.827177     1.115333    -6.694170
   0.00000000
     0.007012     0.469051    -0.479278    -0.371120     1.348328     5.160061
   0.00000000
    -0.000383     0.186370    -0.548380     0.698860    -0.307305    -1.488513
   0.00000000
     0.000641     0.030594    -0.143865     0.354861    -0.679120    -0.157325
   0.00000000
    -0.000147     0.000776    -0.006800     0.010663     0.004214    -0.195952
     1.000000

    52.271002    28.989500    16.077578     8.916626     4.945161
     2.742587     1.521039     0.843568     0.467843     0.259466
     0.143900     0.079807     0.044261

    -0.000103     0.000196     0.000287    -0.001403    -0.014004   0.00000000
     0.000467    -0.000963    -0.001388     0.006606     0.066597   0.00000000
     0.002803    -0.002392    -0.003056    -0.031127    -0.221205   0.00000000
    -0.039328     0.050899     0.069653     0.183242     0.770960   0.00000000
     0.031263    -0.042644    -0.032850    -0.219705    -1.660472   0.00000000
     0.184471    -0.313089    -0.711418    -1.433050    -0.337146   0.00000000
     0.291465    -0.428387    -0.262635     1.507546     3.585800   0.00000000
     0.289956    -0.080810     0.863081     0.764291    -3.860461   0.00000000
     0.231088     0.315166     0.459855    -1.346791     1.059439   0.00000000
     0.142433     0.392427    -0.311796    -0.281207     0.995235   0.00000000
     0.065674     0.236410    -0.460355     0.532740    -0.323151   0.00000000
     0.016134     0.074921    -0.179197     0.321797    -0.495192   0.00000000
     0.001687     0.008955    -0.024419     0.038935    -0.043251     1.000000

     6.865300     2.613000     0.994500     0.378500

     1.000000   0.00000000   0.00000000   0.00000000
   0.00000000     1.000000   0.00000000   0.00000000
   0.00000000   0.00000000     1.000000   0.00000000
   0.00000000   0.00000000   0.00000000     1.000000

     3.408200     1.457300     0.623200

     1.000000   0.00000000   0.00000000
   0.00000000     1.000000   0.00000000
   0.00000000   0.00000000     1.000000

     2.833200     1.081400

     1.000000   0.00000000
   0.00000000     1.000000

     2.264000

     1.000000

Ag:cc-pVDZ-ccECP
ccECP cc-pVDZ for Ag | source recipes/Ag/ccECP/Ag.cc-pVDZ.gamess | ccECP from Guangming Wang et al. Journal of Chemical Physics (2022) https://doi.org/10.1063/5.0087300

  4
    0    1    2    3
    4    4    3    1
   13   13   13    1

   252.240986   120.263143    57.338912    27.337975    13.034166
     6.214413     2.962900     1.412648     0.673520     0.321120
     0.153103     0.072996     0.034803

     0.000187    -0.000008    -0.000099   0.00000000
    -0.001203     0.000101     0.000652   0.00000000
     0.006572    -0.000983    -0.003771   0.00000000
    -0.049135     0.010502     0.030950   0.00000000
     0.324368    -0.079895    -0.221657   0.00000000
    -0.830173     0.222996     0.613121   0.00000000
     0.040602    -0.020638     0.057692   0.00000000
     0.867596    -0.290413    -1.459411   0.00000000
     0.402042    -0.217113    -0.130031   0.00000000
     0.041210    -0.060146     1.562245   0.00000000
    -0.001441     0.281317     0.425393   0.00000000
     0.001527     0.481834    -0.568215   0.00000000
    -0.000235     0.420529    -0.494792     1.000000

    50.711510    26.995067    14.370182     7.649625     4.072096
     2.167683     1.153915     0.614259     0.326986     0.174063
     0.092658     0.049325     0.026257

     0.000473    -0.000057    -0.000068   0.00000000
    -0.007776     0.003143     0.004824   0.00000000
     0.079067    -0.040893    -0.064390   0.00000000
    -0.276376     0.155441     0.243719   0.00000000
    -0.002600     0.005696     0.085308   0.00000000
     0.425926    -0.317361    -0.884021   0.00000000
     0.460864    -0.378459    -0.394819   0.00000000
     0.236555     0.033325     1.072408   0.00000000
     0.047504     0.456558     0.628411   0.00000000
     0.007012     0.469051    -0.479278   0.00000000
    -0.000383     0.186370    -0.548380   0.00000000
     0.000641     0.030594    -0.143865   0.00000000
    -0.000147     0.000776    -0.006800     1.000000

    52.271002    28.989500    16.077578     8.916626     4.945161
     2.742587     1.521039     0.843568     0.467843     0.259466
     0.143900     0.079807     0.044261

    -0.000103     0.000196   0.00000000
     0.000467    -0.000963   0.00000000
     0.002803    -0.002392   0.00000000
    -0.039328     0.050899   0.00000000
     0.031263    -0.042644   0.00000000
     0.184471    -0.313089   0.00000000
     0.291465    -0.428387   0.00000000
     0.289956    -0.080810   0.00000000
     0.231088     0.315166   0.00000000
     0.142433     0.392427   0.00000000
     0.065674     0.236410   0.00000000
     0.016134     0.074921   0.00000000
     0.001687     0.008955     1.000000

     1.329900

     1.000000

Ag:cc-pVQZ-ccECP
ccECP cc-pVQZ for Ag | source recipes/Ag/ccECP/Ag.cc-pVQZ.gamess | ccECP from Guangming Wang et al. Journal of Chemical Physics (2022) https://doi.org/10.1063/5.0087300

  6
    0    1    2    3    4    5
    6    6    5    3    2    1
   13   13   13    3    2    1

   252.240986   120.263143    57.338912    27.337975    13.034166
     6.214413     2.962900     1.412648     0.673520     0.321120
     0.153103     0.072996     0.034803

     0.000187    -0.000008    -0.000099    -0.001900     0.008567   0.00000000
    -0.001203     0.000101     0.000652     0.009674    -0.042968   0.00000000
     0.006572    -0.000983    -0.003771    -0.032370     0.136555   0.00000000
    -0.049135     0.010502     0.030950     0.116305    -0.411745   0.00000000
     0.324368    -0.079895    -0.221657    -0.510709     1.449354   0.00000000
    -0.830173     0.222996     0.613121     1.359180    -4.244024   0.00000000
     0.040602    -0.020638     0.057692    -0.446341     6.431380   0.00000000
     0.867596    -0.290413    -1.459411    -3.589505    -3.001191   0.00000000
     0.402042    -0.217113    -0.130031     4.806964    -3.774340   0.00000000
     0.041210    -0.060146     1.562245    -0.846586     7.664217   0.00000000
    -0.001441     0.281317     0.425393    -2.019864    -5.681745   0.00000000
     0.001527     0.481834    -0.568215     0.548278     1.176658   0.00000000
    -0.000235     0.420529    -0.494792     0.652319     0.575735     1.000000

    50.711510    26.995067    14.370182     7.649625     4.072096
     2.167683     1.153915     0.614259     0.326986     0.174063
     0.092658     0.049325     0.026257

     0.000473    -0.000057    -0.000068    -0.003119    -0.021677   0.00000000
    -0.007776     0.003143     0.004824     0.021691     0.119340   0.00000000
     0.079067    -0.040893    -0.064390    -0.130453    -0.488914   0.00000000
    -0.276376     0.155441     0.243719     0.395950     1.496978   0.00000000
    -0.002600     0.005696     0.085308     0.275943    -1.655266   0.00000000
     0.425926    -0.317361    -0.884021    -2.505867    -2.075933   0.00000000
     0.460864    -0.378459    -0.394819     1.926260     6.000732   0.00000000
     0.236555     0.033325     1.072408     1.292839    -5.276038   0.00000000
     0.047504     0.456558     0.628411    -1.827177     1.115333   0.00000000
     0.007012     0.469051    -0.479278    -0.371120     1.348328   0.00000000
    -0.000383     0.186370    -0.548380     0.698860    -0.307305   0.00000000
     0.000641     0.030594    -0.143865     0.354861    -0.679120   0.00000000
    -0.000147     0.000776    -0.006800     0.010663     0.004214     1.000000

    52.271002    28.989500    16.077578     8.916626     4.945161
     2.742587     1.521039     0.843568     0.467843     0.259466
     0.143900     0.079807     0.044261

    -0.000103     0.000196     0.000287    -0.001403   0.00000000
     0.000467    -0.000963    -0.001388     0.006606   0.00000000
     0.002803    -0.002392    -0.003056    -0.031127   0.00000000
    -0.039328     0.050899     0.069653     0.183242   0.00000000
     0.031263    -0.042644    -0.032850    -0.219705   0.00000000
     0.184471    -0.313089    -0.711418    -1.433050   0.00000000
     0.291465    -0.428387    -0.262635     1.507546   0.00000000
     0.289956    -0.080810     0.863081     0.764291   0.00000000
     0.231088     0.315166     0.459855    -1.346791   0.00000000
     0.142433     0.392427    -0.311796    -0.281207   0.00000000
     0.065674     0.236410    -0.460355     0.532740   0.00000000
     0.016134     0.074921    -0.179197     0.321797   0.00000000
     0.001687     0.008955    -0.024419     0.038935     1.000000

     4.194200     1.425300     0.484400

     1.000000   0.00000000   0.00000000
   0.00000000     1.000000   0.00000000
   0.00000000   0.00000000     1.000000

     2.530500     0.906700

     1.000000   0.00000000
   0.00000000     1.000000

     1.742300

     1.000000

Ag:cc-pVTZ-ccECP
ccECP cc-pVTZ for Ag | source recipes/Ag/ccECP/Ag.cc-pVTZ.gamess | ccECP from Guangming Wang et al. Journal of Chemical Physics (2022) https://doi.org/10.1063/5.0087300

  5
    0    1    2    3    4
    5    5    4    2    1
   13   13   13    2    1

   252.240986   120.263143    57.338912    27.337975    13.034166
     6.214413     2.962900     1.412648     0.673520     0.321120
     0.153103     0.072996     0.034803

     0.000187    -0.000008    -0.000099    -0.001900   0.00000000
    -0.001203     0.000101     0.000652     0.009674   0.00000000
     0.006572    -0.000983    -0.003771    -0.032370   0.00000000
    -0.049135     0.010502     0.030950     0.116305   0.00000000
     0.324368    -0.079895    -0.221657    -0.510709   0.00000000
    -0.830173     0.222996     0.613121     1.359180   0.00000000
     0.040602    -0.020638     0.057692    -0.446341   0.00000000
     0.867596    -0.290413    -1.459411    -3.589505   0.00000000
     0.402042    -0.217113    -0.130031     4.806964   0.00000000
     0.041210    -0.060146     1.562245    -0.846586   0.00000000
    -0.001441     0.281317     0.425393    -2.019864   0.00000000
     0.001527     0.481834    -0.568215     0.548278   0.00000000
    -0.000235     0.420529    -0.494792     0.652319     1.000000

    50.711510    26.995067    14.370182     7.649625     4.072096
     2.167683     1.153915     0.614259     0.326986     0.174063
     0.092658     0.049325     0.026257

     0.000473    -0.000057    -0.000068    -0.003119   0.00000000
    -0.007776     0.003143     0.004824     0.021691   0.00000000
     0.079067    -0.040893    -0.064390    -0.130453   0.00000000
    -0.276376     0.155441     0.243719     0.395950   0.00000000
    -0.002600     0.005696     0.085308     0.275943   0.00000000
     0.425926    -0.317361    -0.884021    -2.505867   0.00000000
     0.460864    -0.378459    -0.394819     1.926260   0.00000000
     0.236555     0.033325     1.072408     1.292839   0.00000000
     0.047504     0.456558     0.628411    -1.827177   0.00000000
     0.007012     0.469051    -0.479278    -0.371120   0.00000000
    -0.000383     0.186370    -0.548380     0.698860   0.00000000
     0.000641     0.030594    -0.143865     0.354861   0.00000000
    -0.000147     0.000776    -0.006800     0.010663     1.000000

    52.271002    28.989500    16.077578     8.916626     4.945161
     2.742587     1.521039     0.843568     0.467843     0.259466
     0.143900     0.079807     0.044261

    -0.000103     0.000196     0.000287   0.00000000
     0.000467    -0.000963    -0.001388   0.00000000
     0.002803    -0.002392    -0.003056   0.00000000
    -0.039328     0.050899     0.069653   0.00000000
     0.031263    -0.042644    -0.032850   0.00000000
     0.184471    -0.313089    -0.711418   0.00000000
     0.291465    -0.428387    -0.262635   0.00000000
     0.289956    -0.080810     0.863081   0.00000000
     0.231088     0.315166     0.459855   0.00000000
     0.142433     0.392427    -0.311796   0.00000000
     0.065674     0.236410    -0.460355   0.00000000
     0.016134     0.074921    -0.179197   0.00000000
     0.001687     0.008955    -0.024419     1.000000

     2.543100     0.738100

     1.000000   0.00000000
   0.00000000     1.000000

     1.575100

     1.000000

