
Ru:aug-cc-pCV5Z-ccECP
ccECP aug-cc-pCV5Z for Ru | source recipes/Ru/ccECP/Ru.aug-cc-pCV5Z.gamess | ccECP from Omar Madany et al. Journal of Chemical Physics (2025) https://doi.org/10.1063/5.0285320

  7
    0    1    2    3    4    5    6
   10   10    9    6    5    4    3
   16   16   16    6    5    4    3

   80.787188   42.424850   22.279125   11.699733    6.144036
    3.226499    2.366300    1.694375    0.889789    0.854400
    0.467267    0.245382    0.128861    0.067670    0.035537
    0.014215

    -0.000106     0.000030    -0.000136    -0.001103     0.001764     0.041415
   0.00000000   0.00000000   0.00000000   0.00000000
     0.002992    -0.000819    -0.000794     0.003716    -0.012098    -0.222824
   0.00000000   0.00000000   0.00000000   0.00000000
    -0.041316     0.011730     0.024201     0.020052     0.084829     0.764859
   0.00000000   0.00000000   0.00000000   0.00000000
     0.262361    -0.077942    -0.179129    -0.226215    -0.501661    -2.357125
   0.00000000   0.00000000   0.00000000   0.00000000
    -0.447841     0.143678     0.335170     0.372116     0.999709     5.348897
   0.00000000   0.00000000   0.00000000   0.00000000
    -0.422902     0.122881     0.375533     1.188542     1.800195    -5.222267
   0.00000000   0.00000000   0.00000000   0.00000000
   0.00000000   0.00000000   0.00000000   0.00000000   0.00000000   0.00000000
   0.00000000   0.00000000     1.000000   0.00000000
     0.467285    -0.160464    -0.581889    -2.517676    -8.327627    -3.666713
   0.00000000   0.00000000   0.00000000   0.00000000
     0.685811    -0.310561    -1.122877    -1.395838     9.401639    16.150792
   0.00000000   0.00000000   0.00000000   0.00000000
   0.00000000   0.00000000   0.00000000   0.00000000   0.00000000   0.00000000
   0.00000000   0.00000000   0.00000000     1.000000
     0.279541    -0.176062     0.128771     4.698053    -1.962514   -22.685596
   0.00000000   0.00000000   0.00000000   0.00000000
     0.024326    -0.057050     1.531674    -1.265283    -5.104962    18.822551
   0.00000000   0.00000000   0.00000000   0.00000000
     0.002971     0.383226     0.408017    -2.020820     4.265158    -8.354684
   0.00000000   0.00000000   0.00000000   0.00000000
    -0.001538     0.371489    -0.432252     0.227901     0.353475     0.124899
   0.00000000   0.00000000   0.00000000   0.00000000
    -0.000590     0.460625    -0.724638     0.968825    -1.301239     1.233148
     1.000000   0.00000000   0.00000000   0.00000000
   0.00000000   0.00000000   0.00000000   0.00000000   0.00000000   0.00000000
   0.00000000     1.000000   0.00000000   0.00000000

   92.208552   48.639559   25.657128   13.534009    7.139123
    3.765853    3.082900    1.986469    1.427400    1.047852
    0.552737    0.291566    0.153800    0.081129    0.042795
    0.017118

    -0.000045     0.000001    -0.000118    -0.000986     0.003064    -0.026714
   0.00000000   0.00000000   0.00000000   0.00000000
     0.000452    -0.000111     0.000405     0.004543    -0.014974     0.129213
   0.00000000   0.00000000   0.00000000   0.00000000
    -0.005080     0.002166     0.001742    -0.009692     0.050026    -0.393558
   0.00000000   0.00000000   0.00000000   0.00000000
     0.049585    -0.024736    -0.036161    -0.015396    -0.188563     1.067858
   0.00000000   0.00000000   0.00000000   0.00000000
    -0.162275     0.086509     0.131403     0.061055     0.507531    -2.562127
   0.00000000   0.00000000   0.00000000   0.00000000
    -0.101104     0.053171     0.148453     0.668971     0.385945     3.442179
   0.00000000   0.00000000   0.00000000   0.00000000
   0.00000000   0.00000000   0.00000000   0.00000000   0.00000000   0.00000000
   0.00000000   0.00000000     1.000000   0.00000000
     0.329482    -0.203126    -0.529353    -2.015947    -4.171768    -0.066270
   0.00000000   0.00000000   0.00000000   0.00000000
   0.00000000   0.00000000   0.00000000   0.00000000   0.00000000   0.00000000
   0.00000000   0.00000000   0.00000000     1.000000
     0.484649    -0.366554    -0.757330     0.188872     6.270159    -5.999061
   0.00000000   0.00000000   0.00000000   0.00000000
     0.300939    -0.138604     0.700461     2.763358    -3.454549    10.487760
   0.00000000   0.00000000   0.00000000   0.00000000
     0.077358     0.354907     1.022885    -1.950328    -1.110008   -10.582691
   0.00000000   0.00000000   0.00000000   0.00000000
     0.009880     0.532618    -0.271602    -0.710129     2.551477     6.413730
   0.00000000   0.00000000   0.00000000   0.00000000
     0.000727     0.272563    -0.670257     0.731331    -0.620551    -1.404012
   0.00000000   0.00000000   0.00000000   0.00000000
     0.000269     0.047177    -0.203637     0.383719    -0.610577    -0.530652
     1.000000   0.00000000   0.00000000   0.00000000
   0.00000000   0.00000000   0.00000000   0.00000000   0.00000000   0.00000000
   0.00000000     1.000000   0.00000000   0.00000000

   59.257355   31.193645   16.420636    8.643982    4.550275
    4.335300    2.395309    1.681300    1.260914    0.663757
    0.349408    0.183932    0.096824    0.050969    0.026830
    0.010732

     0.000019     0.000013     0.000236     0.000957    -0.004608   0.00000000
   0.00000000   0.00000000   0.00000000
    -0.000211     0.000075    -0.000904    -0.004130     0.020946   0.00000000
   0.00000000   0.00000000   0.00000000
     0.003572    -0.003915    -0.002721     0.004652    -0.071554   0.00000000
   0.00000000   0.00000000   0.00000000
    -0.027531     0.034801     0.046036     0.044337     0.275875   0.00000000
   0.00000000   0.00000000   0.00000000
     0.005703    -0.007757     0.006535     0.093775    -0.391167   0.00000000
   0.00000000   0.00000000   0.00000000
   0.00000000   0.00000000   0.00000000   0.00000000   0.00000000   0.00000000
   0.00000000     1.000000   0.00000000
     0.145110    -0.223437    -0.519066    -1.340442    -1.741962   0.00000000
   0.00000000   0.00000000   0.00000000
   0.00000000   0.00000000   0.00000000   0.00000000   0.00000000   0.00000000
   0.00000000   0.00000000     1.000000
     0.291446    -0.436640    -0.527245     0.706250     3.787203   0.00000000
   0.00000000   0.00000000   0.00000000
     0.318113    -0.196283     0.754272     1.447157    -2.971322   0.00000000
   0.00000000   0.00000000   0.00000000
     0.260161     0.297395     0.626004    -1.599792     0.188364   0.00000000
   0.00000000   0.00000000   0.00000000
     0.155636     0.448346    -0.364177    -0.151101     1.501875   0.00000000
   0.00000000   0.00000000   0.00000000
     0.061253     0.248011    -0.474795     0.576899    -0.741353   0.00000000
   0.00000000   0.00000000   0.00000000
     0.009479     0.054609    -0.132263     0.247669    -0.294635   0.00000000
   0.00000000   0.00000000   0.00000000
     0.000407     0.002493    -0.006098     0.002155    -0.037112     1.000000
   0.00000000   0.00000000   0.00000000
   0.00000000   0.00000000   0.00000000   0.00000000   0.00000000   0.00000000
     1.000000   0.00000000   0.00000000

    7.055700    3.312563    1.343192    0.544643    0.220844
    0.088338

   0.00000000   0.00000000   0.00000000   0.00000000   0.00000000     1.000000
     1.000000   0.00000000   0.00000000   0.00000000   0.00000000   0.00000000
   0.00000000     1.000000   0.00000000   0.00000000   0.00000000   0.00000000
   0.00000000   0.00000000     1.000000   0.00000000   0.00000000   0.00000000
   0.00000000   0.00000000   0.00000000     1.000000   0.00000000   0.00000000
   0.00000000   0.00000000   0.00000000   0.00000000     1.000000   0.00000000

    3.334800    2.415946    0.993719    0.408733    0.163493

   0.00000000   0.00000000   0.00000000   0.00000000     1.000000
     1.000000   0.00000000   0.00000000   0.00000000   0.00000000
   0.00000000     1.000000   0.00000000   0.00000000   0.00000000
   0.00000000   0.00000000     1.000000   0.00000000   0.00000000
   0.00000000   0.00000000   0.00000000     1.000000   0.00000000

    3.255900    1.950292    0.720919    0.288368

   0.00000000   0.00000000   0.00000000     1.000000
     1.000000   0.00000000   0.00000000   0.00000000
   0.00000000     1.000000   0.00000000   0.00000000
   0.00000000   0.00000000     1.000000   0.00000000

    3.220000    1.520426    0.608170

   0.00000000   0.00000000     1.000000
     1.000000   0.00000000   0.00000000
   0.00000000     1.000000   0.00000000

Ru:aug-cc-pCVDZ-ccECP
ccECP aug-cc-pCVDZ for Ru | source recipes/Ru/ccECP/Ru.aug-cc-pCVDZ.gamess | ccECP from Omar Madany et al. Journal of Chemical Physics (2025) https://doi.org/10.1063/5.0285320

  4
    0    1    2    3
    6    6    5    3
   15   15   15    3

   80.787188   42.424850   22.279125   11.699733    6.144036
    3.226499    1.830560    1.694375    0.889789    0.467267
    0.245382    0.128861    0.067670    0.035537    0.014215

    -0.000106     0.000030    -0.000136   0.00000000   0.00000000   0.00000000
     0.002992    -0.000819    -0.000794   0.00000000   0.00000000   0.00000000
    -0.041316     0.011730     0.024201   0.00000000   0.00000000   0.00000000
     0.262361    -0.077942    -0.179129   0.00000000   0.00000000   0.00000000
    -0.447841     0.143678     0.335170   0.00000000   0.00000000   0.00000000
    -0.422902     0.122881     0.375533   0.00000000   0.00000000   0.00000000
   0.00000000   0.00000000   0.00000000   0.00000000   0.00000000     1.000000
     0.467285    -0.160464    -0.581889   0.00000000   0.00000000   0.00000000
     0.685811    -0.310561    -1.122877   0.00000000   0.00000000   0.00000000
     0.279541    -0.176062     0.128771   0.00000000   0.00000000   0.00000000
     0.024326    -0.057050     1.531674   0.00000000   0.00000000   0.00000000
     0.002971     0.383226     0.408017   0.00000000   0.00000000   0.00000000
    -0.001538     0.371489    -0.432252   0.00000000   0.00000000   0.00000000
    -0.000590     0.460625    -0.724638     1.000000   0.00000000   0.00000000
   0.00000000   0.00000000   0.00000000   0.00000000     1.000000   0.00000000

   92.208552   48.639559   25.657128   13.534009    7.139123
    3.765853    2.180797    1.986469    1.047852    0.552737
    0.291566    0.153800    0.081129    0.042795    0.017118

    -0.000045     0.000001    -0.000118   0.00000000   0.00000000   0.00000000
     0.000452    -0.000111     0.000405   0.00000000   0.00000000   0.00000000
    -0.005080     0.002166     0.001742   0.00000000   0.00000000   0.00000000
     0.049585    -0.024736    -0.036161   0.00000000   0.00000000   0.00000000
    -0.162275     0.086509     0.131403   0.00000000   0.00000000   0.00000000
    -0.101104     0.053171     0.148453   0.00000000   0.00000000   0.00000000
   0.00000000   0.00000000   0.00000000   0.00000000   0.00000000     1.000000
     0.329482    -0.203126    -0.529353   0.00000000   0.00000000   0.00000000
     0.484649    -0.366554    -0.757330   0.00000000   0.00000000   0.00000000
     0.300939    -0.138604     0.700461   0.00000000   0.00000000   0.00000000
     0.077358     0.354907     1.022885   0.00000000   0.00000000   0.00000000
     0.009880     0.532618    -0.271602   0.00000000   0.00000000   0.00000000
     0.000727     0.272563    -0.670257   0.00000000   0.00000000   0.00000000
     0.000269     0.047177    -0.203637     1.000000   0.00000000   0.00000000
   0.00000000   0.00000000   0.00000000   0.00000000     1.000000   0.00000000

   59.257355   31.193645   16.420636    8.643982    4.550275
    2.395309    1.829722    1.260914    0.663757    0.349408
    0.183932    0.096824    0.050969    0.026830    0.010732

     0.000019     0.000013   0.00000000   0.00000000   0.00000000
    -0.000211     0.000075   0.00000000   0.00000000   0.00000000
     0.003572    -0.003915   0.00000000   0.00000000   0.00000000
    -0.027531     0.034801   0.00000000   0.00000000   0.00000000
     0.005703    -0.007757   0.00000000   0.00000000   0.00000000
     0.145110    -0.223437   0.00000000   0.00000000   0.00000000
   0.00000000   0.00000000   0.00000000   0.00000000     1.000000
     0.291446    -0.436640   0.00000000   0.00000000   0.00000000
     0.318113    -0.196283   0.00000000   0.00000000   0.00000000
     0.260161     0.297395   0.00000000   0.00000000   0.00000000
     0.155636     0.448346   0.00000000   0.00000000   0.00000000
     0.061253     0.248011   0.00000000   0.00000000   0.00000000
     0.009479     0.054609   0.00000000   0.00000000   0.00000000
     0.000407     0.002493     1.000000   0.00000000   0.00000000
   0.00000000   0.00000000   0.00000000     1.000000   0.00000000

    2.361250    0.835070    0.334028

   0.00000000   0.00000000     1.000000
     1.000000   0.00000000   0.00000000
   0.00000000     1.000000   0.00000000

Ru:aug-cc-pCVQZ-ccECP
ccECP aug-cc-pCVQZ for Ru | source recipes/Ru/ccECP/Ru.aug-cc-pCVQZ.gamess | ccECP from Omar Madany et al. Journal of Chemical Physics (2025) https://doi.org/10.1063/5.0285320

  6
    0    1    2    3    4    5
    8    9    8    5    4    3
   15   16   16    5    4    3

   80.787188   42.424850   22.279125   11.699733    6.144036
    3.226499    1.743914    1.694375    0.889789    0.467267
    0.245382    0.128861    0.067670    0.035537    0.014215

    -0.000106     0.000030    -0.000136    -0.001103     0.001764   0.00000000
   0.00000000   0.00000000
     0.002992    -0.000819    -0.000794     0.003716    -0.012098   0.00000000
   0.00000000   0.00000000
    -0.041316     0.011730     0.024201     0.020052     0.084829   0.00000000
   0.00000000   0.00000000
     0.262361    -0.077942    -0.179129    -0.226215    -0.501661   0.00000000
   0.00000000   0.00000000
    -0.447841     0.143678     0.335170     0.372116     0.999709   0.00000000
   0.00000000   0.00000000
    -0.422902     0.122881     0.375533     1.188542     1.800195   0.00000000
   0.00000000   0.00000000
   0.00000000   0.00000000   0.00000000   0.00000000   0.00000000   0.00000000
   0.00000000     1.000000
     0.467285    -0.160464    -0.581889    -2.517676    -8.327627   0.00000000
   0.00000000   0.00000000
     0.685811    -0.310561    -1.122877    -1.395838     9.401639   0.00000000
   0.00000000   0.00000000
     0.279541    -0.176062     0.128771     4.698053    -1.962514   0.00000000
   0.00000000   0.00000000
     0.024326    -0.057050     1.531674    -1.265283    -5.104962   0.00000000
   0.00000000   0.00000000
     0.002971     0.383226     0.408017    -2.020820     4.265158   0.00000000
   0.00000000   0.00000000
    -0.001538     0.371489    -0.432252     0.227901     0.353475   0.00000000
   0.00000000   0.00000000
    -0.000590     0.460625    -0.724638     0.968825    -1.301239     1.000000
   0.00000000   0.00000000
   0.00000000   0.00000000   0.00000000   0.00000000   0.00000000   0.00000000
     1.000000   0.00000000

   92.208552   48.639559   25.657128   13.534009    7.139123
    3.765853    2.899323    1.986469    1.707849    1.047852
    0.552737    0.291566    0.153800    0.081129    0.042795
    0.017118

    -0.000045     0.000001    -0.000118    -0.000986     0.003064   0.00000000
   0.00000000   0.00000000   0.00000000
     0.000452    -0.000111     0.000405     0.004543    -0.014974   0.00000000
   0.00000000   0.00000000   0.00000000
    -0.005080     0.002166     0.001742    -0.009692     0.050026   0.00000000
   0.00000000   0.00000000   0.00000000
     0.049585    -0.024736    -0.036161    -0.015396    -0.188563   0.00000000
   0.00000000   0.00000000   0.00000000
    -0.162275     0.086509     0.131403     0.061055     0.507531   0.00000000
   0.00000000   0.00000000   0.00000000
    -0.101104     0.053171     0.148453     0.668971     0.385945   0.00000000
   0.00000000   0.00000000   0.00000000
   0.00000000   0.00000000   0.00000000   0.00000000   0.00000000   0.00000000
   0.00000000     1.000000   0.00000000
     0.329482    -0.203126    -0.529353    -2.015947    -4.171768   0.00000000
   0.00000000   0.00000000   0.00000000
   0.00000000   0.00000000   0.00000000   0.00000000   0.00000000   0.00000000
   0.00000000   0.00000000     1.000000
     0.484649    -0.366554    -0.757330     0.188872     6.270159   0.00000000
   0.00000000   0.00000000   0.00000000
     0.300939    -0.138604     0.700461     2.763358    -3.454549   0.00000000
   0.00000000   0.00000000   0.00000000
     0.077358     0.354907     1.022885    -1.950328    -1.110008   0.00000000
   0.00000000   0.00000000   0.00000000
     0.009880     0.532618    -0.271602    -0.710129     2.551477   0.00000000
   0.00000000   0.00000000   0.00000000
     0.000727     0.272563    -0.670257     0.731331    -0.620551   0.00000000
   0.00000000   0.00000000   0.00000000
     0.000269     0.047177    -0.203637     0.383719    -0.610577     1.000000
   0.00000000   0.00000000   0.00000000
   0.00000000   0.00000000   0.00000000   0.00000000   0.00000000   0.00000000
     1.000000   0.00000000   0.00000000

   59.257355   31.193645   16.420636    8.643982    4.550275
    4.046813    2.395309    1.419822    1.260914    0.663757
    0.349408    0.183932    0.096824    0.050969    0.026830
    0.010732

     0.000019     0.000013     0.000236     0.000957   0.00000000   0.00000000
   0.00000000   0.00000000
    -0.000211     0.000075    -0.000904    -0.004130   0.00000000   0.00000000
   0.00000000   0.00000000
     0.003572    -0.003915    -0.002721     0.004652   0.00000000   0.00000000
   0.00000000   0.00000000
    -0.027531     0.034801     0.046036     0.044337   0.00000000   0.00000000
   0.00000000   0.00000000
     0.005703    -0.007757     0.006535     0.093775   0.00000000   0.00000000
   0.00000000   0.00000000
   0.00000000   0.00000000   0.00000000   0.00000000   0.00000000   0.00000000
     1.000000   0.00000000
     0.145110    -0.223437    -0.519066    -1.340442   0.00000000   0.00000000
   0.00000000   0.00000000
   0.00000000   0.00000000   0.00000000   0.00000000   0.00000000   0.00000000
   0.00000000     1.000000
     0.291446    -0.436640    -0.527245     0.706250   0.00000000   0.00000000
   0.00000000   0.00000000
     0.318113    -0.196283     0.754272     1.447157   0.00000000   0.00000000
   0.00000000   0.00000000
     0.260161     0.297395     0.626004    -1.599792   0.00000000   0.00000000
   0.00000000   0.00000000
     0.155636     0.448346    -0.364177    -0.151101   0.00000000   0.00000000
   0.00000000   0.00000000
     0.061253     0.248011    -0.474795     0.576899   0.00000000   0.00000000
   0.00000000   0.00000000
     0.009479     0.054609    -0.132263     0.247669   0.00000000   0.00000000
   0.00000000   0.00000000
     0.000407     0.002493    -0.006098     0.002155     1.000000   0.00000000
   0.00000000   0.00000000
   0.00000000   0.00000000   0.00000000   0.00000000   0.00000000     1.000000
   0.00000000   0.00000000

    2.431085    1.900406    0.851797    0.298450    0.119380

     1.000000   0.00000000   0.00000000   0.00000000   0.00000000
   0.00000000   0.00000000   0.00000000   0.00000000     1.000000
   0.00000000     1.000000   0.00000000   0.00000000   0.00000000
   0.00000000   0.00000000     1.000000   0.00000000   0.00000000
   0.00000000   0.00000000   0.00000000     1.000000   0.00000000

    3.014818    1.730026    0.591318    0.236527

   0.00000000   0.00000000   0.00000000     1.000000
     1.000000   0.00000000   0.00000000   0.00000000
   0.00000000     1.000000   0.00000000   0.00000000
   0.00000000   0.00000000     1.000000   0.00000000

    2.800258    1.175025    0.470010

   0.00000000   0.00000000     1.000000
     1.000000   0.00000000   0.00000000
   0.00000000     1.000000   0.00000000

Ru:aug-cc-pCVTZ-ccECP
ccECP aug-cc-pCVTZ for Ru | source recipes/Ru/ccECP/Ru.aug-cc-pCVTZ.gamess | ccECP from Omar Madany et al. Journal of Chemical Physics (2025) https://doi.org/10.1063/5.0285320

  5
    0    1    2    3    4
    8    8    7    4    3
   16   16   16    4    3

   80.787188   42.424850   22.279125   11.699733    6.144036
    3.226499    1.808523    1.694375    1.022564    0.889789
    0.467267    0.245382    0.128861    0.067670    0.035537
    0.014215

    -0.000106     0.000030    -0.000136    -0.001103   0.00000000   0.00000000
   0.00000000   0.00000000
     0.002992    -0.000819    -0.000794     0.003716   0.00000000   0.00000000
   0.00000000   0.00000000
    -0.041316     0.011730     0.024201     0.020052   0.00000000   0.00000000
   0.00000000   0.00000000
     0.262361    -0.077942    -0.179129    -0.226215   0.00000000   0.00000000
   0.00000000   0.00000000
    -0.447841     0.143678     0.335170     0.372116   0.00000000   0.00000000
   0.00000000   0.00000000
    -0.422902     0.122881     0.375533     1.188542   0.00000000   0.00000000
   0.00000000   0.00000000
   0.00000000   0.00000000   0.00000000   0.00000000   0.00000000   0.00000000
   0.00000000     1.000000
     0.467285    -0.160464    -0.581889    -2.517676   0.00000000   0.00000000
   0.00000000   0.00000000
   0.00000000   0.00000000   0.00000000   0.00000000   0.00000000   0.00000000
     1.000000   0.00000000
     0.685811    -0.310561    -1.122877    -1.395838   0.00000000   0.00000000
   0.00000000   0.00000000
     0.279541    -0.176062     0.128771     4.698053   0.00000000   0.00000000
   0.00000000   0.00000000
     0.024326    -0.057050     1.531674    -1.265283   0.00000000   0.00000000
   0.00000000   0.00000000
     0.002971     0.383226     0.408017    -2.020820   0.00000000   0.00000000
   0.00000000   0.00000000
    -0.001538     0.371489    -0.432252     0.227901   0.00000000   0.00000000
   0.00000000   0.00000000
    -0.000590     0.460625    -0.724638     0.968825     1.000000   0.00000000
   0.00000000   0.00000000
   0.00000000   0.00000000   0.00000000   0.00000000   0.00000000     1.000000
   0.00000000   0.00000000

   92.208552   48.639559   25.657128   13.534009    7.139123
    3.765853    1.986469    1.557548    1.460373    1.047852
    0.552737    0.291566    0.153800    0.081129    0.042795
    0.017118

    -0.000045     0.000001    -0.000118    -0.000986   0.00000000   0.00000000
   0.00000000   0.00000000
     0.000452    -0.000111     0.000405     0.004543   0.00000000   0.00000000
   0.00000000   0.00000000
    -0.005080     0.002166     0.001742    -0.009692   0.00000000   0.00000000
   0.00000000   0.00000000
     0.049585    -0.024736    -0.036161    -0.015396   0.00000000   0.00000000
   0.00000000   0.00000000
    -0.162275     0.086509     0.131403     0.061055   0.00000000   0.00000000
   0.00000000   0.00000000
    -0.101104     0.053171     0.148453     0.668971   0.00000000   0.00000000
   0.00000000   0.00000000
     0.329482    -0.203126    -0.529353    -2.015947   0.00000000   0.00000000
   0.00000000   0.00000000
   0.00000000   0.00000000   0.00000000   0.00000000   0.00000000   0.00000000
   0.00000000     1.000000
   0.00000000   0.00000000   0.00000000   0.00000000   0.00000000   0.00000000
     1.000000   0.00000000
     0.484649    -0.366554    -0.757330     0.188872   0.00000000   0.00000000
   0.00000000   0.00000000
     0.300939    -0.138604     0.700461     2.763358   0.00000000   0.00000000
   0.00000000   0.00000000
     0.077358     0.354907     1.022885    -1.950328   0.00000000   0.00000000
   0.00000000   0.00000000
     0.009880     0.532618    -0.271602    -0.710129   0.00000000   0.00000000
   0.00000000   0.00000000
     0.000727     0.272563    -0.670257     0.731331   0.00000000   0.00000000
   0.00000000   0.00000000
     0.000269     0.047177    -0.203637     0.383719     1.000000   0.00000000
   0.00000000   0.00000000
   0.00000000   0.00000000   0.00000000   0.00000000   0.00000000     1.000000
   0.00000000   0.00000000

   59.257355   31.193645   16.420636    8.643982    4.550275
    3.282560    2.395309    1.260914    1.004642    0.663757
    0.349408    0.183932    0.096824    0.050969    0.026830
    0.010732

     0.000019     0.000013     0.000236   0.00000000   0.00000000   0.00000000
   0.00000000
    -0.000211     0.000075    -0.000904   0.00000000   0.00000000   0.00000000
   0.00000000
     0.003572    -0.003915    -0.002721   0.00000000   0.00000000   0.00000000
   0.00000000
    -0.027531     0.034801     0.046036   0.00000000   0.00000000   0.00000000
   0.00000000
     0.005703    -0.007757     0.006535   0.00000000   0.00000000   0.00000000
   0.00000000
   0.00000000   0.00000000   0.00000000   0.00000000   0.00000000     1.000000
   0.00000000
     0.145110    -0.223437    -0.519066   0.00000000   0.00000000   0.00000000
   0.00000000
     0.291446    -0.436640    -0.527245   0.00000000   0.00000000   0.00000000
   0.00000000
   0.00000000   0.00000000   0.00000000   0.00000000   0.00000000   0.00000000
     1.000000
     0.318113    -0.196283     0.754272   0.00000000   0.00000000   0.00000000
   0.00000000
     0.260161     0.297395     0.626004   0.00000000   0.00000000   0.00000000
   0.00000000
     0.155636     0.448346    -0.364177   0.00000000   0.00000000   0.00000000
   0.00000000
     0.061253     0.248011    -0.474795   0.00000000   0.00000000   0.00000000
   0.00000000
     0.009479     0.054609    -0.132263   0.00000000   0.00000000   0.00000000
   0.00000000
     0.000407     0.002493    -0.006098     1.000000   0.00000000   0.00000000
   0.00000000
   0.00000000   0.00000000   0.00000000   0.00000000     1.000000   0.00000000
   0.00000000

    2.794979    1.626463    0.468977    0.187591

   0.00000000   0.00000000   0.00000000     1.000000
     1.000000   0.00000000   0.00000000   0.00000000
   0.00000000     1.000000   0.00000000   0.00000000
   0.00000000   0.00000000     1.000000   0.00000000

    2.584510    1.064025    0.425610

   0.00000000   0.00000000     1.000000
     1.000000   0.00000000   0.00000000
   0.00000000     1.000000   0.00000000

Ru:aug-cc-pV5Z-ccECP
ccECP aug-cc-pV5Z for Ru | source recipes/Ru/ccECP/Ru.aug-cc-pV5Z.gamess | ccECP from Omar Madany et al. Journal of Chemical Physics (2025) https://doi.org/10.1063/5.0285320

  7
    0    1    2    3    4    5    6
    8    8    7    5    4    3    2
   14   14   14    5    4    3    2

   80.787188   42.424850   22.279125   11.699733    6.144036
    3.226499    1.694375    0.889789    0.467267    0.245382
    0.128861    0.067670    0.035537    0.014215

    -0.000106     0.000030    -0.000136    -0.001103     0.001764     0.041415
   0.00000000   0.00000000
     0.002992    -0.000819    -0.000794     0.003716    -0.012098    -0.222824
   0.00000000   0.00000000
    -0.041316     0.011730     0.024201     0.020052     0.084829     0.764859
   0.00000000   0.00000000
     0.262361    -0.077942    -0.179129    -0.226215    -0.501661    -2.357125
   0.00000000   0.00000000
    -0.447841     0.143678     0.335170     0.372116     0.999709     5.348897
   0.00000000   0.00000000
    -0.422902     0.122881     0.375533     1.188542     1.800195    -5.222267
   0.00000000   0.00000000
     0.467285    -0.160464    -0.581889    -2.517676    -8.327627    -3.666713
   0.00000000   0.00000000
     0.685811    -0.310561    -1.122877    -1.395838     9.401639    16.150792
   0.00000000   0.00000000
     0.279541    -0.176062     0.128771     4.698053    -1.962514   -22.685596
   0.00000000   0.00000000
     0.024326    -0.057050     1.531674    -1.265283    -5.104962    18.822551
   0.00000000   0.00000000
     0.002971     0.383226     0.408017    -2.020820     4.265158    -8.354684
   0.00000000   0.00000000
    -0.001538     0.371489    -0.432252     0.227901     0.353475     0.124899
   0.00000000   0.00000000
    -0.000590     0.460625    -0.724638     0.968825    -1.301239     1.233148
     1.000000   0.00000000
   0.00000000   0.00000000   0.00000000   0.00000000   0.00000000   0.00000000
   0.00000000     1.000000

   92.208552   48.639559   25.657128   13.534009    7.139123
    3.765853    1.986469    1.047852    0.552737    0.291566
    0.153800    0.081129    0.042795    0.017118

    -0.000045     0.000001    -0.000118    -0.000986     0.003064    -0.026714
   0.00000000   0.00000000
     0.000452    -0.000111     0.000405     0.004543    -0.014974     0.129213
   0.00000000   0.00000000
    -0.005080     0.002166     0.001742    -0.009692     0.050026    -0.393558
   0.00000000   0.00000000
     0.049585    -0.024736    -0.036161    -0.015396    -0.188563     1.067858
   0.00000000   0.00000000
    -0.162275     0.086509     0.131403     0.061055     0.507531    -2.562127
   0.00000000   0.00000000
    -0.101104     0.053171     0.148453     0.668971     0.385945     3.442179
   0.00000000   0.00000000
     0.329482    -0.203126    -0.529353    -2.015947    -4.171768    -0.066270
   0.00000000   0.00000000
     0.484649    -0.366554    -0.757330     0.188872     6.270159    -5.999061
   0.00000000   0.00000000
     0.300939    -0.138604     0.700461     2.763358    -3.454549    10.487760
   0.00000000   0.00000000
     0.077358     0.354907     1.022885    -1.950328    -1.110008   -10.582691
   0.00000000   0.00000000
     0.009880     0.532618    -0.271602    -0.710129     2.551477     6.413730
   0.00000000   0.00000000
     0.000727     0.272563    -0.670257     0.731331    -0.620551    -1.404012
   0.00000000   0.00000000
     0.000269     0.047177    -0.203637     0.383719    -0.610577    -0.530652
     1.000000   0.00000000
   0.00000000   0.00000000   0.00000000   0.00000000   0.00000000   0.00000000
   0.00000000     1.000000

   59.257355   31.193645   16.420636    8.643982    4.550275
    2.395309    1.260914    0.663757    0.349408    0.183932
    0.096824    0.050969    0.026830    0.010732

     0.000019     0.000013     0.000236     0.000957    -0.004608   0.00000000
   0.00000000
    -0.000211     0.000075    -0.000904    -0.004130     0.020946   0.00000000
   0.00000000
     0.003572    -0.003915    -0.002721     0.004652    -0.071554   0.00000000
   0.00000000
    -0.027531     0.034801     0.046036     0.044337     0.275875   0.00000000
   0.00000000
     0.005703    -0.007757     0.006535     0.093775    -0.391167   0.00000000
   0.00000000
     0.145110    -0.223437    -0.519066    -1.340442    -1.741962   0.00000000
   0.00000000
     0.291446    -0.436640    -0.527245     0.706250     3.787203   0.00000000
   0.00000000
     0.318113    -0.196283     0.754272     1.447157    -2.971322   0.00000000
   0.00000000
     0.260161     0.297395     0.626004    -1.599792     0.188364   0.00000000
   0.00000000
     0.155636     0.448346    -0.364177    -0.151101     1.501875   0.00000000
   0.00000000
     0.061253     0.248011    -0.474795     0.576899    -0.741353   0.00000000
   0.00000000
     0.009479     0.054609    -0.132263     0.247669    -0.294635   0.00000000
   0.00000000
     0.000407     0.002493    -0.006098     0.002155    -0.037112     1.000000
   0.00000000
   0.00000000   0.00000000   0.00000000   0.00000000   0.00000000   0.00000000
     1.000000

    3.312563    1.343192    0.544643    0.220844    0.088338

     1.000000   0.00000000   0.00000000   0.00000000   0.00000000
   0.00000000     1.000000   0.00000000   0.00000000   0.00000000
   0.00000000   0.00000000     1.000000   0.00000000   0.00000000
   0.00000000   0.00000000   0.00000000     1.000000   0.00000000
   0.00000000   0.00000000   0.00000000   0.00000000     1.000000

    2.415946    0.993719    0.408733    0.163493

     1.000000   0.00000000   0.00000000   0.00000000
   0.00000000     1.000000   0.00000000   0.00000000
   0.00000000   0.00000000     1.000000   0.00000000
   0.00000000   0.00000000   0.00000000     1.000000

    1.950292    0.720919    0.288368

     1.000000   0.00000000   0.00000000
   0.00000000     1.000000   0.00000000
   0.00000000   0.00000000     1.000000

    1.520426    0.608170

     1.000000   0.00000000
   0.00000000     1.000000

Ru:aug-cc-pVDZ-ccECP
ccECP aug-cc-pVDZ for Ru | source recipes/Ru/ccECP/Ru.aug-cc-pVDZ.gamess | ccECP from Omar Madany et al. Journal of Chemical Physics (2025) https://doi.org/10.1063/5.0285320

  4
    0    1    2    3
    5    5    4    2
   14   14   14    2

   80.787188   42.424850   22.279125   11.699733    6.144036
    3.226499    1.694375    0.889789    0.467267    0.245382
    0.128861    0.067670    0.035537    0.014215

    -0.000106     0.000030    -0.000136   0.00000000   0.00000000
     0.002992    -0.000819    -0.000794   0.00000000   0.00000000
    -0.041316     0.011730     0.024201   0.00000000   0.00000000
     0.262361    -0.077942    -0.179129   0.00000000   0.00000000
    -0.447841     0.143678     0.335170   0.00000000   0.00000000
    -0.422902     0.122881     0.375533   0.00000000   0.00000000
     0.467285    -0.160464    -0.581889   0.00000000   0.00000000
     0.685811    -0.310561    -1.122877   0.00000000   0.00000000
     0.279541    -0.176062     0.128771   0.00000000   0.00000000
     0.024326    -0.057050     1.531674   0.00000000   0.00000000
     0.002971     0.383226     0.408017   0.00000000   0.00000000
    -0.001538     0.371489    -0.432252   0.00000000   0.00000000
    -0.000590     0.460625    -0.724638     1.000000   0.00000000
   0.00000000   0.00000000   0.00000000   0.00000000     1.000000

   92.208552   48.639559   25.657128   13.534009    7.139123
    3.765853    1.986469    1.047852    0.552737    0.291566
    0.153800    0.081129    0.042795    0.017118

    -0.000045     0.000001    -0.000118   0.00000000   0.00000000
     0.000452    -0.000111     0.000405   0.00000000   0.00000000
    -0.005080     0.002166     0.001742   0.00000000   0.00000000
     0.049585    -0.024736    -0.036161   0.00000000   0.00000000
    -0.162275     0.086509     0.131403   0.00000000   0.00000000
    -0.101104     0.053171     0.148453   0.00000000   0.00000000
     0.329482    -0.203126    -0.529353   0.00000000   0.00000000
     0.484649    -0.366554    -0.757330   0.00000000   0.00000000
     0.300939    -0.138604     0.700461   0.00000000   0.00000000
     0.077358     0.354907     1.022885   0.00000000   0.00000000
     0.009880     0.532618    -0.271602   0.00000000   0.00000000
     0.000727     0.272563    -0.670257   0.00000000   0.00000000
     0.000269     0.047177    -0.203637     1.000000   0.00000000
   0.00000000   0.00000000   0.00000000   0.00000000     1.000000

   59.257355   31.193645   16.420636    8.643982    4.550275
    2.395309    1.260914    0.663757    0.349408    0.183932
    0.096824    0.050969    0.026830    0.010732

     0.000019     0.000013   0.00000000   0.00000000
    -0.000211     0.000075   0.00000000   0.00000000
     0.003572    -0.003915   0.00000000   0.00000000
    -0.027531     0.034801   0.00000000   0.00000000
     0.005703    -0.007757   0.00000000   0.00000000
     0.145110    -0.223437   0.00000000   0.00000000
     0.291446    -0.436640   0.00000000   0.00000000
     0.318113    -0.196283   0.00000000   0.00000000
     0.260161     0.297395   0.00000000   0.00000000
     0.155636     0.448346   0.00000000   0.00000000
     0.061253     0.248011   0.00000000   0.00000000
     0.009479     0.054609   0.00000000   0.00000000
     0.000407     0.002493     1.000000   0.00000000
   0.00000000   0.00000000   0.00000000     1.000000

    0.835070    0.334028

     1.000000   0.00000000
   0.00000000     1.000000

Ru:aug-cc-pVQZ-ccECP
ccECP aug-cc-pVQZ for Ru | source recipes/Ru/ccECP/Ru.aug-cc-pVQZ.gamess | ccECP from Omar Madany et al. Journal of Chemical Physics (2025) https://doi.org/10.1063/5.0285320

  6
    0    1    2    3    4    5
    7    7    6    4    3    2
   14   14   14    4    3    2

   80.787188   42.424850   22.279125   11.699733    6.144036
    3.226499    1.694375    0.889789    0.467267    0.245382
    0.128861    0.067670    0.035537    0.014215

    -0.000106     0.000030    -0.000136    -0.001103     0.001764   0.00000000
   0.00000000
     0.002992    -0.000819    -0.000794     0.003716    -0.012098   0.00000000
   0.00000000
    -0.041316     0.011730     0.024201     0.020052     0.084829   0.00000000
   0.00000000
     0.262361    -0.077942    -0.179129    -0.226215    -0.501661   0.00000000
   0.00000000
    -0.447841     0.143678     0.335170     0.372116     0.999709   0.00000000
   0.00000000
    -0.422902     0.122881     0.375533     1.188542     1.800195   0.00000000
   0.00000000
     0.467285    -0.160464    -0.581889    -2.517676    -8.327627   0.00000000
   0.00000000
     0.685811    -0.310561    -1.122877    -1.395838     9.401639   0.00000000
   0.00000000
     0.279541    -0.176062     0.128771     4.698053    -1.962514   0.00000000
   0.00000000
     0.024326    -0.057050     1.531674    -1.265283    -5.104962   0.00000000
   0.00000000
     0.002971     0.383226     0.408017    -2.020820     4.265158   0.00000000
   0.00000000
    -0.001538     0.371489    -0.432252     0.227901     0.353475   0.00000000
   0.00000000
    -0.000590     0.460625    -0.724638     0.968825    -1.301239     1.000000
   0.00000000
   0.00000000   0.00000000   0.00000000   0.00000000   0.00000000   0.00000000
     1.000000

   92.208552   48.639559   25.657128   13.534009    7.139123
    3.765853    1.986469    1.047852    0.552737    0.291566
    0.153800    0.081129    0.042795    0.017118

    -0.000045     0.000001    -0.000118    -0.000986     0.003064   0.00000000
   0.00000000
     0.000452    -0.000111     0.000405     0.004543    -0.014974   0.00000000
   0.00000000
    -0.005080     0.002166     0.001742    -0.009692     0.050026   0.00000000
   0.00000000
     0.049585    -0.024736    -0.036161    -0.015396    -0.188563   0.00000000
   0.00000000
    -0.162275     0.086509     0.131403     0.061055     0.507531   0.00000000
   0.00000000
    -0.101104     0.053171     0.148453     0.668971     0.385945   0.00000000
   0.00000000
     0.329482    -0.203126    -0.529353    -2.015947    -4.171768   0.00000000
   0.00000000
     0.484649    -0.366554    -0.757330     0.188872     6.270159   0.00000000
   0.00000000
     0.300939    -0.138604     0.700461     2.763358    -3.454549   0.00000000
   0.00000000
     0.077358     0.354907     1.022885    -1.950328    -1.110008   0.00000000
   0.00000000
     0.009880     0.532618    -0.271602    -0.710129     2.551477   0.00000000
   0.00000000
     0.000727     0.272563    -0.670257     0.731331    -0.620551   0.00000000
   0.00000000
     0.000269     0.047177    -0.203637     0.383719    -0.610577     1.000000
   0.00000000
   0.00000000   0.00000000   0.00000000   0.00000000   0.00000000   0.00000000
     1.000000

   59.257355   31.193645   16.420636    8.643982    4.550275
    2.395309    1.260914    0.663757    0.349408    0.183932
    0.096824    0.050969    0.026830    0.010732

     0.000019     0.000013     0.000236     0.000957   0.00000000   0.00000000
    -0.000211     0.000075    -0.000904    -0.004130   0.00000000   0.00000000
     0.003572    -0.003915    -0.002721     0.004652   0.00000000   0.00000000
    -0.027531     0.034801     0.046036     0.044337   0.00000000   0.00000000
     0.005703    -0.007757     0.006535     0.093775   0.00000000   0.00000000
     0.145110    -0.223437    -0.519066    -1.340442   0.00000000   0.00000000
     0.291446    -0.436640    -0.527245     0.706250   0.00000000   0.00000000
     0.318113    -0.196283     0.754272     1.447157   0.00000000   0.00000000
     0.260161     0.297395     0.626004    -1.599792   0.00000000   0.00000000
     0.155636     0.448346    -0.364177    -0.151101   0.00000000   0.00000000
     0.061253     0.248011    -0.474795     0.576899   0.00000000   0.00000000
     0.009479     0.054609    -0.132263     0.247669   0.00000000   0.00000000
     0.000407     0.002493    -0.006098     0.002155     1.000000   0.00000000
   0.00000000   0.00000000   0.00000000   0.00000000   0.00000000     1.000000

    2.431085    0.851797    0.298450    0.119380

     1.000000   0.00000000   0.00000000   0.00000000
   0.00000000     1.000000   0.00000000   0.00000000
   0.00000000   0.00000000     1.000000   0.00000000
   0.00000000   0.00000000   0.00000000     1.000000

    1.730026    0.591318    0.236527

     1.000000   0.00000000   0.00000000
   0.00000000     1.000000   0.00000000
   0.00000000   0.00000000     1.000000

    1.175025    0.470010

     1.000000   0.00000000
   0.00000000     1.000000

Ru:aug-cc-pVTZ-ccECP
ccECP aug-cc-pVTZ for Ru | source recipes/Ru/ccECP/Ru.aug-cc-pVTZ.gamess | ccECP from Omar Madany et al. Journal of Chemical Physics (2025) https://doi.org/10.1063/5.0285320

  5
    0    1    2    3    4
    6    6    5    3    2
   14   14   14    3    2

   80.787188   42.424850   22.279125   11.699733    6.144036
    3.226499    1.694375    0.889789    0.467267    0.245382
    0.128861    0.067670    0.035537    0.014215

    -0.000106     0.000030    -0.000136    -0.001103   0.00000000   0.00000000
     0.002992    -0.000819    -0.000794     0.003716   0.00000000   0.00000000
    -0.041316     0.011730     0.024201     0.020052   0.00000000   0.00000000
     0.262361    -0.077942    -0.179129    -0.226215   0.00000000   0.00000000
    -0.447841     0.143678     0.335170     0.372116   0.00000000   0.00000000
    -0.422902     0.122881     0.375533     1.188542   0.00000000   0.00000000
     0.467285    -0.160464    -0.581889    -2.517676   0.00000000   0.00000000
     0.685811    -0.310561    -1.122877    -1.395838   0.00000000   0.00000000
     0.279541    -0.176062     0.128771     4.698053   0.00000000   0.00000000
     0.024326    -0.057050     1.531674    -1.265283   0.00000000   0.00000000
     0.002971     0.383226     0.408017    -2.020820   0.00000000   0.00000000
    -0.001538     0.371489    -0.432252     0.227901   0.00000000   0.00000000
    -0.000590     0.460625    -0.724638     0.968825     1.000000   0.00000000
   0.00000000   0.00000000   0.00000000   0.00000000   0.00000000     1.000000

   92.208552   48.639559   25.657128   13.534009    7.139123
    3.765853    1.986469    1.047852    0.552737    0.291566
    0.153800    0.081129    0.042795    0.017118

    -0.000045     0.000001    -0.000118    -0.000986   0.00000000   0.00000000
     0.000452    -0.000111     0.000405     0.004543   0.00000000   0.00000000
    -0.005080     0.002166     0.001742    -0.009692   0.00000000   0.00000000
     0.049585    -0.024736    -0.036161    -0.015396   0.00000000   0.00000000
    -0.162275     0.086509     0.131403     0.061055   0.00000000   0.00000000
    -0.101104     0.053171     0.148453     0.668971   0.00000000   0.00000000
     0.329482    -0.203126    -0.529353    -2.015947   0.00000000   0.00000000
     0.484649    -0.366554    -0.757330     0.188872   0.00000000   0.00000000
     0.300939    -0.138604     0.700461     2.763358   0.00000000   0.00000000
     0.077358     0.354907     1.022885    -1.950328   0.00000000   0.00000000
     0.009880     0.532618    -0.271602    -0.710129   0.00000000   0.00000000
     0.000727     0.272563    -0.670257     0.731331   0.00000000   0.00000000
     0.000269     0.047177    -0.203637     0.383719     1.000000   0.00000000
   0.00000000   0.00000000   0.00000000   0.00000000   0.00000000     1.000000

   59.257355   31.193645   16.420636    8.643982    4.550275
    2.395309    1.260914    0.663757    0.349408    0.183932
    0.096824    0.050969    0.026830    0.010732

     0.000019     0.000013     0.000236   0.00000000   0.00000000
    -0.000211     0.000075    -0.000904   0.00000000   0.00000000
     0.003572    -0.003915    -0.002721   0.00000000   0.00000000
    -0.027531     0.034801     0.046036   0.00000000   0.00000000
     0.005703    -0.007757     0.006535   0.00000000   0.00000000
     0.145110    -0.223437    -0.519066   0.00000000   0.00000000
     0.291446    -0.436640    -0.527245   0.00000000   0.00000000
     0.318113    -0.196283     0.754272   0.00000000   0.00000000
     0.260161     0.297395     0.626004   0.00000000   0.00000000
     0.155636     0.448346    -0.364177   0.00000000   0.00000000
     0.061253     0.248011    -0.474795   0.00000000   0.00000000
     0.009479     0.054609    -0.132263   0.00000000   0.00000000
     0.000407     0.002493    -0.006098     1.000000   0.00000000
   0.00000000   0.00000000   0.00000000   0.00000000     1.000000

    1.626463    0.468977    0.187591

     1.000000   0.00000000   0.00000000
   0.00000000     1.000000   0.00000000
   0.00000000   0.00000000     1.000000

    1.064025    0.425610

     1.000000   0.00000000
   0.00000000     1.000000

Ru:cc-pCV5Z-ccECP
ccECP cc-pCV5Z for Ru | source recipes/Ru/ccECP/Ru.cc-pCV5Z.gamess | ccECP from Omar Madany et al. Journal of Chemical Physics (2025) https://doi.org/10.1063/5.0285320

  7
    0    1    2    3    4    5    6
    9    9    8    5    4    3    2
   15   15   15    5    4    3    2

   80.787188   42.424850   22.279125   11.699733    6.144036
    3.226499    2.366300    1.694375    0.889789    0.854400
    0.467267    0.245382    0.128861    0.067670    0.035537

    -0.000106     0.000030    -0.000136    -0.001103     0.001764     0.041415
   0.00000000   0.00000000   0.00000000
     0.002992    -0.000819    -0.000794     0.003716    -0.012098    -0.222824
   0.00000000   0.00000000   0.00000000
    -0.041316     0.011730     0.024201     0.020052     0.084829     0.764859
   0.00000000   0.00000000   0.00000000
     0.262361    -0.077942    -0.179129    -0.226215    -0.501661    -2.357125
   0.00000000   0.00000000   0.00000000
    -0.447841     0.143678     0.335170     0.372116     0.999709     5.348897
   0.00000000   0.00000000   0.00000000
    -0.422902     0.122881     0.375533     1.188542     1.800195    -5.222267
   0.00000000   0.00000000   0.00000000
   0.00000000   0.00000000   0.00000000   0.00000000   0.00000000   0.00000000
   0.00000000     1.000000   0.00000000
     0.467285    -0.160464    -0.581889    -2.517676    -8.327627    -3.666713
   0.00000000   0.00000000   0.00000000
     0.685811    -0.310561    -1.122877    -1.395838     9.401639    16.150792
   0.00000000   0.00000000   0.00000000
   0.00000000   0.00000000   0.00000000   0.00000000   0.00000000   0.00000000
   0.00000000   0.00000000     1.000000
     0.279541    -0.176062     0.128771     4.698053    -1.962514   -22.685596
   0.00000000   0.00000000   0.00000000
     0.024326    -0.057050     1.531674    -1.265283    -5.104962    18.822551
   0.00000000   0.00000000   0.00000000
     0.002971     0.383226     0.408017    -2.020820     4.265158    -8.354684
   0.00000000   0.00000000   0.00000000
    -0.001538     0.371489    -0.432252     0.227901     0.353475     0.124899
   0.00000000   0.00000000   0.00000000
    -0.000590     0.460625    -0.724638     0.968825    -1.301239     1.233148
     1.000000   0.00000000   0.00000000

   92.208552   48.639559   25.657128   13.534009    7.139123
    3.765853    3.082900    1.986469    1.427400    1.047852
    0.552737    0.291566    0.153800    0.081129    0.042795

    -0.000045     0.000001    -0.000118    -0.000986     0.003064    -0.026714
   0.00000000   0.00000000   0.00000000
     0.000452    -0.000111     0.000405     0.004543    -0.014974     0.129213
   0.00000000   0.00000000   0.00000000
    -0.005080     0.002166     0.001742    -0.009692     0.050026    -0.393558
   0.00000000   0.00000000   0.00000000
     0.049585    -0.024736    -0.036161    -0.015396    -0.188563     1.067858
   0.00000000   0.00000000   0.00000000
    -0.162275     0.086509     0.131403     0.061055     0.507531    -2.562127
   0.00000000   0.00000000   0.00000000
    -0.101104     0.053171     0.148453     0.668971     0.385945     3.442179
   0.00000000   0.00000000   0.00000000
   0.00000000   0.00000000   0.00000000   0.00000000   0.00000000   0.00000000
   0.00000000     1.000000   0.00000000
     0.329482    -0.203126    -0.529353    -2.015947    -4.171768    -0.066270
   0.00000000   0.00000000   0.00000000
   0.00000000   0.00000000   0.00000000   0.00000000   0.00000000   0.00000000
   0.00000000   0.00000000     1.000000
     0.484649    -0.366554    -0.757330     0.188872     6.270159    -5.999061
   0.00000000   0.00000000   0.00000000
     0.300939    -0.138604     0.700461     2.763358    -3.454549    10.487760
   0.00000000   0.00000000   0.00000000
     0.077358     0.354907     1.022885    -1.950328    -1.110008   -10.582691
   0.00000000   0.00000000   0.00000000
     0.009880     0.532618    -0.271602    -0.710129     2.551477     6.413730
   0.00000000   0.00000000   0.00000000
     0.000727     0.272563    -0.670257     0.731331    -0.620551    -1.404012
   0.00000000   0.00000000   0.00000000
     0.000269     0.047177    -0.203637     0.383719    -0.610577    -0.530652
     1.000000   0.00000000   0.00000000

   59.257355   31.193645   16.420636    8.643982    4.550275
    4.335300    2.395309    1.681300    1.260914    0.663757
    0.349408    0.183932    0.096824    0.050969    0.026830

     0.000019     0.000013     0.000236     0.000957    -0.004608   0.00000000
   0.00000000   0.00000000
    -0.000211     0.000075    -0.000904    -0.004130     0.020946   0.00000000
   0.00000000   0.00000000
     0.003572    -0.003915    -0.002721     0.004652    -0.071554   0.00000000
   0.00000000   0.00000000
    -0.027531     0.034801     0.046036     0.044337     0.275875   0.00000000
   0.00000000   0.00000000
     0.005703    -0.007757     0.006535     0.093775    -0.391167   0.00000000
   0.00000000   0.00000000
   0.00000000   0.00000000   0.00000000   0.00000000   0.00000000   0.00000000
     1.000000   0.00000000
     0.145110    -0.223437    -0.519066    -1.340442    -1.741962   0.00000000
   0.00000000   0.00000000
   0.00000000   0.00000000   0.00000000   0.00000000   0.00000000   0.00000000
   0.00000000     1.000000
     0.291446    -0.436640    -0.527245     0.706250     3.787203   0.00000000
   0.00000000   0.00000000
     0.318113    -0.196283     0.754272     1.447157    -2.971322   0.00000000
   0.00000000   0.00000000
     0.260161     0.297395     0.626004    -1.599792     0.188364   0.00000000
   0.00000000   0.00000000
     0.155636     0.448346    -0.364177    -0.151101     1.501875   0.00000000
   0.00000000   0.00000000
     0.061253     0.248011    -0.474795     0.576899    -0.741353   0.00000000
   0.00000000   0.00000000
     0.009479     0.054609    -0.132263     0.247669    -0.294635   0.00000000
   0.00000000   0.00000000
     0.000407     0.002493    -0.006098     0.002155    -0.037112     1.000000
   0.00000000   0.00000000

    7.055700    3.312563    1.343192    0.544643    0.220844

   0.00000000   0.00000000   0.00000000   0.00000000     1.000000
     1.000000   0.00000000   0.00000000   0.00000000   0.00000000
   0.00000000     1.000000   0.00000000   0.00000000   0.00000000
   0.00000000   0.00000000     1.000000   0.00000000   0.00000000
   0.00000000   0.00000000   0.00000000     1.000000   0.00000000

    3.334800    2.415946    0.993719    0.408733

   0.00000000   0.00000000   0.00000000     1.000000
     1.000000   0.00000000   0.00000000   0.00000000
   0.00000000     1.000000   0.00000000   0.00000000
   0.00000000   0.00000000     1.000000   0.00000000

    3.255900    1.950292    0.720919

   0.00000000   0.00000000     1.000000
     1.000000   0.00000000   0.00000000
   0.00000000     1.000000   0.00000000

    3.220000    1.520426

   0.00000000     1.000000
     1.000000   0.00000000

Ru:cc-pCVDZ-ccECP
ccECP cc-pCVDZ for Ru | source recipes/Ru/ccECP/Ru.cc-pCVDZ.gamess | ccECP from Omar Madany et al. Journal of Chemical Physics (2025) https://doi.org/10.1063/5.0285320

  4
    0    1    2    3
    5    5    4    2
   14   14   14    2

   80.787188   42.424850   22.279125   11.699733    6.144036
    3.226499    1.830560    1.694375    0.889789    0.467267
    0.245382    0.128861    0.067670    0.035537

    -0.000106     0.000030    -0.000136   0.00000000   0.00000000
     0.002992    -0.000819    -0.000794   0.00000000   0.00000000
    -0.041316     0.011730     0.024201   0.00000000   0.00000000
     0.262361    -0.077942    -0.179129   0.00000000   0.00000000
    -0.447841     0.143678     0.335170   0.00000000   0.00000000
    -0.422902     0.122881     0.375533   0.00000000   0.00000000
   0.00000000   0.00000000   0.00000000   0.00000000     1.000000
     0.467285    -0.160464    -0.581889   0.00000000   0.00000000
     0.685811    -0.310561    -1.122877   0.00000000   0.00000000
     0.279541    -0.176062     0.128771   0.00000000   0.00000000
     0.024326    -0.057050     1.531674   0.00000000   0.00000000
     0.002971     0.383226     0.408017   0.00000000   0.00000000
    -0.001538     0.371489    -0.432252   0.00000000   0.00000000
    -0.000590     0.460625    -0.724638     1.000000   0.00000000

   92.208552   48.639559   25.657128   13.534009    7.139123
    3.765853    2.180797    1.986469    1.047852    0.552737
    0.291566    0.153800    0.081129    0.042795

    -0.000045     0.000001    -0.000118   0.00000000   0.00000000
     0.000452    -0.000111     0.000405   0.00000000   0.00000000
    -0.005080     0.002166     0.001742   0.00000000   0.00000000
     0.049585    -0.024736    -0.036161   0.00000000   0.00000000
    -0.162275     0.086509     0.131403   0.00000000   0.00000000
    -0.101104     0.053171     0.148453   0.00000000   0.00000000
   0.00000000   0.00000000   0.00000000   0.00000000     1.000000
     0.329482    -0.203126    -0.529353   0.00000000   0.00000000
     0.484649    -0.366554    -0.757330   0.00000000   0.00000000
     0.300939    -0.138604     0.700461   0.00000000   0.00000000
     0.077358     0.354907     1.022885   0.00000000   0.00000000
     0.009880     0.532618    -0.271602   0.00000000   0.00000000
     0.000727     0.272563    -0.670257   0.00000000   0.00000000
     0.000269     0.047177    -0.203637     1.000000   0.00000000

   59.257355   31.193645   16.420636    8.643982    4.550275
    2.395309    1.829722    1.260914    0.663757    0.349408
    0.183932    0.096824    0.050969    0.026830

     0.000019     0.000013   0.00000000   0.00000000
    -0.000211     0.000075   0.00000000   0.00000000
     0.003572    -0.003915   0.00000000   0.00000000
    -0.027531     0.034801   0.00000000   0.00000000
     0.005703    -0.007757   0.00000000   0.00000000
     0.145110    -0.223437   0.00000000   0.00000000
   0.00000000   0.00000000   0.00000000     1.000000
     0.291446    -0.436640   0.00000000   0.00000000
     0.318113    -0.196283   0.00000000   0.00000000
     0.260161     0.297395   0.00000000   0.00000000
     0.155636     0.448346   0.00000000   0.00000000
     0.061253     0.248011   0.00000000   0.00000000
     0.009479     0.054609   0.00000000   0.00000000
     0.000407     0.002493     1.000000   0.00000000

    2.361250    0.835070

   0.00000000     1.000000
     1.000000   0.00000000

Ru:cc-pCVQZ-ccECP
ccECP cc-pCVQZ for Ru | source recipes/Ru/ccECP/Ru.cc-pCVQZ.gamess | ccECP from Omar Madany et al. Journal of Chemical Physics (2025) https://doi.org/10.1063/5.0285320

  6
    0    1    2    3    4    5
    7    8    7    4    3    2
   14   15   15    4    3    2

   80.787188   42.424850   22.279125   11.699733    6.144036
    3.226499    1.743914    1.694375    0.889789    0.467267
    0.245382    0.128861    0.067670    0.035537

    -0.000106     0.000030    -0.000136    -0.001103     0.001764   0.00000000
   0.00000000
     0.002992    -0.000819    -0.000794     0.003716    -0.012098   0.00000000
   0.00000000
    -0.041316     0.011730     0.024201     0.020052     0.084829   0.00000000
   0.00000000
     0.262361    -0.077942    -0.179129    -0.226215    -0.501661   0.00000000
   0.00000000
    -0.447841     0.143678     0.335170     0.372116     0.999709   0.00000000
   0.00000000
    -0.422902     0.122881     0.375533     1.188542     1.800195   0.00000000
   0.00000000
   0.00000000   0.00000000   0.00000000   0.00000000   0.00000000   0.00000000
     1.000000
     0.467285    -0.160464    -0.581889    -2.517676    -8.327627   0.00000000
   0.00000000
     0.685811    -0.310561    -1.122877    -1.395838     9.401639   0.00000000
   0.00000000
     0.279541    -0.176062     0.128771     4.698053    -1.962514   0.00000000
   0.00000000
     0.024326    -0.057050     1.531674    -1.265283    -5.104962   0.00000000
   0.00000000
     0.002971     0.383226     0.408017    -2.020820     4.265158   0.00000000
   0.00000000
    -0.001538     0.371489    -0.432252     0.227901     0.353475   0.00000000
   0.00000000
    -0.000590     0.460625    -0.724638     0.968825    -1.301239     1.000000
   0.00000000

   92.208552   48.639559   25.657128   13.534009    7.139123
    3.765853    2.899323    1.986469    1.707849    1.047852
    0.552737    0.291566    0.153800    0.081129    0.042795

    -0.000045     0.000001    -0.000118    -0.000986     0.003064   0.00000000
   0.00000000   0.00000000
     0.000452    -0.000111     0.000405     0.004543    -0.014974   0.00000000
   0.00000000   0.00000000
    -0.005080     0.002166     0.001742    -0.009692     0.050026   0.00000000
   0.00000000   0.00000000
     0.049585    -0.024736    -0.036161    -0.015396    -0.188563   0.00000000
   0.00000000   0.00000000
    -0.162275     0.086509     0.131403     0.061055     0.507531   0.00000000
   0.00000000   0.00000000
    -0.101104     0.053171     0.148453     0.668971     0.385945   0.00000000
   0.00000000   0.00000000
   0.00000000   0.00000000   0.00000000   0.00000000   0.00000000   0.00000000
     1.000000   0.00000000
     0.329482    -0.203126    -0.529353    -2.015947    -4.171768   0.00000000
   0.00000000   0.00000000
   0.00000000   0.00000000   0.00000000   0.00000000   0.00000000   0.00000000
   0.00000000     1.000000
     0.484649    -0.366554    -0.757330     0.188872     6.270159   0.00000000
   0.00000000   0.00000000
     0.300939    -0.138604     0.700461     2.763358    -3.454549   0.00000000
   0.00000000   0.00000000
     0.077358     0.354907     1.022885    -1.950328    -1.110008   0.00000000
   0.00000000   0.00000000
     0.009880     0.532618    -0.271602    -0.710129     2.551477   0.00000000
   0.00000000   0.00000000
     0.000727     0.272563    -0.670257     0.731331    -0.620551   0.00000000
   0.00000000   0.00000000
     0.000269     0.047177    -0.203637     0.383719    -0.610577     1.000000
   0.00000000   0.00000000

   59.257355   31.193645   16.420636    8.643982    4.550275
    4.046813    2.395309    1.419822    1.260914    0.663757
    0.349408    0.183932    0.096824    0.050969    0.026830

     0.000019     0.000013     0.000236     0.000957   0.00000000   0.00000000
   0.00000000
    -0.000211     0.000075    -0.000904    -0.004130   0.00000000   0.00000000
   0.00000000
     0.003572    -0.003915    -0.002721     0.004652   0.00000000   0.00000000
   0.00000000
    -0.027531     0.034801     0.046036     0.044337   0.00000000   0.00000000
   0.00000000
     0.005703    -0.007757     0.006535     0.093775   0.00000000   0.00000000
   0.00000000
   0.00000000   0.00000000   0.00000000   0.00000000   0.00000000     1.000000
   0.00000000
     0.145110    -0.223437    -0.519066    -1.340442   0.00000000   0.00000000
   0.00000000
   0.00000000   0.00000000   0.00000000   0.00000000   0.00000000   0.00000000
     1.000000
     0.291446    -0.436640    -0.527245     0.706250   0.00000000   0.00000000
   0.00000000
     0.318113    -0.196283     0.754272     1.447157   0.00000000   0.00000000
   0.00000000
     0.260161     0.297395     0.626004    -1.599792   0.00000000   0.00000000
   0.00000000
     0.155636     0.448346    -0.364177    -0.151101   0.00000000   0.00000000
   0.00000000
     0.061253     0.248011    -0.474795     0.576899   0.00000000   0.00000000
   0.00000000
     0.009479     0.054609    -0.132263     0.247669   0.00000000   0.00000000
   0.00000000
     0.000407     0.002493    -0.006098     0.002155     1.000000   0.00000000
   0.00000000

    2.431085    1.900406    0.851797    0.298450

     1.000000   0.00000000   0.00000000   0.00000000
   0.00000000   0.00000000   0.00000000     1.000000
   0.00000000     1.000000   0.00000000   0.00000000
   0.00000000   0.00000000     1.000000   0.00000000

    3.014818    1.730026    0.591318

   0.00000000   0.00000000     1.000000
     1.000000   0.00000000   0.00000000
   0.00000000     1.000000   0.00000000

    2.800258    1.175025

   0.00000000     1.000000
     1.000000   0.00000000

Ru:cc-pCVTZ-ccECP
ccECP cc-pCVTZ for Ru | source recipes/Ru/ccECP/Ru.cc-pCVTZ.gamess | ccECP from Omar Madany et al. Journal of Chemical Physics (2025) https://doi.org/10.1063/5.0285320

  5
    0    1    2    3    4
    7    7    6    3    2
   15   15   15    3    2

   80.787188   42.424850   22.279125   11.699733    6.144036
    3.226499    1.808523    1.694375    1.022564    0.889789
    0.467267    0.245382    0.128861    0.067670    0.035537

    -0.000106     0.000030    -0.000136    -0.001103   0.00000000   0.00000000
   0.00000000
     0.002992    -0.000819    -0.000794     0.003716   0.00000000   0.00000000
   0.00000000
    -0.041316     0.011730     0.024201     0.020052   0.00000000   0.00000000
   0.00000000
     0.262361    -0.077942    -0.179129    -0.226215   0.00000000   0.00000000
   0.00000000
    -0.447841     0.143678     0.335170     0.372116   0.00000000   0.00000000
   0.00000000
    -0.422902     0.122881     0.375533     1.188542   0.00000000   0.00000000
   0.00000000
   0.00000000   0.00000000   0.00000000   0.00000000   0.00000000   0.00000000
     1.000000
     0.467285    -0.160464    -0.581889    -2.517676   0.00000000   0.00000000
   0.00000000
   0.00000000   0.00000000   0.00000000   0.00000000   0.00000000     1.000000
   0.00000000
     0.685811    -0.310561    -1.122877    -1.395838   0.00000000   0.00000000
   0.00000000
     0.279541    -0.176062     0.128771     4.698053   0.00000000   0.00000000
   0.00000000
     0.024326    -0.057050     1.531674    -1.265283   0.00000000   0.00000000
   0.00000000
     0.002971     0.383226     0.408017    -2.020820   0.00000000   0.00000000
   0.00000000
    -0.001538     0.371489    -0.432252     0.227901   0.00000000   0.00000000
   0.00000000
    -0.000590     0.460625    -0.724638     0.968825     1.000000   0.00000000
   0.00000000

   92.208552   48.639559   25.657128   13.534009    7.139123
    3.765853    1.986469    1.557548    1.460373    1.047852
    0.552737    0.291566    0.153800    0.081129    0.042795

    -0.000045     0.000001    -0.000118    -0.000986   0.00000000   0.00000000
   0.00000000
     0.000452    -0.000111     0.000405     0.004543   0.00000000   0.00000000
   0.00000000
    -0.005080     0.002166     0.001742    -0.009692   0.00000000   0.00000000
   0.00000000
     0.049585    -0.024736    -0.036161    -0.015396   0.00000000   0.00000000
   0.00000000
    -0.162275     0.086509     0.131403     0.061055   0.00000000   0.00000000
   0.00000000
    -0.101104     0.053171     0.148453     0.668971   0.00000000   0.00000000
   0.00000000
     0.329482    -0.203126    -0.529353    -2.015947   0.00000000   0.00000000
   0.00000000
   0.00000000   0.00000000   0.00000000   0.00000000   0.00000000   0.00000000
     1.000000
   0.00000000   0.00000000   0.00000000   0.00000000   0.00000000     1.000000
   0.00000000
     0.484649    -0.366554    -0.757330     0.188872   0.00000000   0.00000000
   0.00000000
     0.300939    -0.138604     0.700461     2.763358   0.00000000   0.00000000
   0.00000000
     0.077358     0.354907     1.022885    -1.950328   0.00000000   0.00000000
   0.00000000
     0.009880     0.532618    -0.271602    -0.710129   0.00000000   0.00000000
   0.00000000
     0.000727     0.272563    -0.670257     0.731331   0.00000000   0.00000000
   0.00000000
     0.000269     0.047177    -0.203637     0.383719     1.000000   0.00000000
   0.00000000

   59.257355   31.193645   16.420636    8.643982    4.550275
    3.282560    2.395309    1.260914    1.004642    0.663757
    0.349408    0.183932    0.096824    0.050969    0.026830

     0.000019     0.000013     0.000236   0.00000000   0.00000000   0.00000000
    -0.000211     0.000075    -0.000904   0.00000000   0.00000000   0.00000000
     0.003572    -0.003915    -0.002721   0.00000000   0.00000000   0.00000000
    -0.027531     0.034801     0.046036   0.00000000   0.00000000   0.00000000
     0.005703    -0.007757     0.006535   0.00000000   0.00000000   0.00000000
   0.00000000   0.00000000   0.00000000   0.00000000     1.000000   0.00000000
     0.145110    -0.223437    -0.519066   0.00000000   0.00000000   0.00000000
     0.291446    -0.436640    -0.527245   0.00000000   0.00000000   0.00000000
   0.00000000   0.00000000   0.00000000   0.00000000   0.00000000     1.000000
     0.318113    -0.196283     0.754272   0.00000000   0.00000000   0.00000000
     0.260161     0.297395     0.626004   0.00000000   0.00000000   0.00000000
     0.155636     0.448346    -0.364177   0.00000000   0.00000000   0.00000000
     0.061253     0.248011    -0.474795   0.00000000   0.00000000   0.00000000
     0.009479     0.054609    -0.132263   0.00000000   0.00000000   0.00000000
     0.000407     0.002493    -0.006098     1.000000   0.00000000   0.00000000

    2.794979    1.626463    0.468977

   0.00000000   0.00000000     1.000000
     1.000000   0.00000000   0.00000000
   0.00000000     1.000000   0.00000000

    2.584510    1.064025

   0.00000000     1.000000
     1.000000   0.00000000

Ru:cc-pV5Z-ccECP
ccECP cc-pV5Z for Ru | source recipes/Ru/ccECP/Ru.cc-pV5Z.gamess | ccECP from Omar Madany et al. Journal of Chemical Physics (2025) https://doi.org/10.1063/5.0285320

  7
    0    1    2    3    4    5    6
    7    7    6    4    3    2    1
   13   13   13    4    3    2    1

   80.787188   42.424850   22.279125   11.699733    6.144036
    3.226499    1.694375    0.889789    0.467267    0.245382
    0.128861    0.067670    0.035537

    -0.000106     0.000030    -0.000136    -0.001103     0.001764     0.041415
   0.00000000
     0.002992    -0.000819    -0.000794     0.003716    -0.012098    -0.222824
   0.00000000
    -0.041316     0.011730     0.024201     0.020052     0.084829     0.764859
   0.00000000
     0.262361    -0.077942    -0.179129    -0.226215    -0.501661    -2.357125
   0.00000000
    -0.447841     0.143678     0.335170     0.372116     0.999709     5.348897
   0.00000000
    -0.422902     0.122881     0.375533     1.188542     1.800195    -5.222267
   0.00000000
     0.467285    -0.160464    -0.581889    -2.517676    -8.327627    -3.666713
   0.00000000
     0.685811    -0.310561    -1.122877    -1.395838     9.401639    16.150792
   0.00000000
     0.279541    -0.176062     0.128771     4.698053    -1.962514   -22.685596
   0.00000000
     0.024326    -0.057050     1.531674    -1.265283    -5.104962    18.822551
   0.00000000
     0.002971     0.383226     0.408017    -2.020820     4.265158    -8.354684
   0.00000000
    -0.001538     0.371489    -0.432252     0.227901     0.353475     0.124899
   0.00000000
    -0.000590     0.460625    -0.724638     0.968825    -1.301239     1.233148
     1.000000

   92.208552   48.639559   25.657128   13.534009    7.139123
    3.765853    1.986469    1.047852    0.552737    0.291566
    0.153800    0.081129    0.042795

    -0.000045     0.000001    -0.000118    -0.000986     0.003064    -0.026714
   0.00000000
     0.000452    -0.000111     0.000405     0.004543    -0.014974     0.129213
   0.00000000
    -0.005080     0.002166     0.001742    -0.009692     0.050026    -0.393558
   0.00000000
     0.049585    -0.024736    -0.036161    -0.015396    -0.188563     1.067858
   0.00000000
    -0.162275     0.086509     0.131403     0.061055     0.507531    -2.562127
   0.00000000
    -0.101104     0.053171     0.148453     0.668971     0.385945     3.442179
   0.00000000
     0.329482    -0.203126    -0.529353    -2.015947    -4.171768    -0.066270
   0.00000000
     0.484649    -0.366554    -0.757330     0.188872     6.270159    -5.999061
   0.00000000
     0.300939    -0.138604     0.700461     2.763358    -3.454549    10.487760
   0.00000000
     0.077358     0.354907     1.022885    -1.950328    -1.110008   -10.582691
   0.00000000
     0.009880     0.532618    -0.271602    -0.710129     2.551477     6.413730
   0.00000000
     0.000727     0.272563    -0.670257     0.731331    -0.620551    -1.404012
   0.00000000
     0.000269     0.047177    -0.203637     0.383719    -0.610577    -0.530652
     1.000000

   59.257355   31.193645   16.420636    8.643982    4.550275
    2.395309    1.260914    0.663757    0.349408    0.183932
    0.096824    0.050969    0.026830

     0.000019     0.000013     0.000236     0.000957    -0.004608   0.00000000
    -0.000211     0.000075    -0.000904    -0.004130     0.020946   0.00000000
     0.003572    -0.003915    -0.002721     0.004652    -0.071554   0.00000000
    -0.027531     0.034801     0.046036     0.044337     0.275875   0.00000000
     0.005703    -0.007757     0.006535     0.093775    -0.391167   0.00000000
     0.145110    -0.223437    -0.519066    -1.340442    -1.741962   0.00000000
     0.291446    -0.436640    -0.527245     0.706250     3.787203   0.00000000
     0.318113    -0.196283     0.754272     1.447157    -2.971322   0.00000000
     0.260161     0.297395     0.626004    -1.599792     0.188364   0.00000000
     0.155636     0.448346    -0.364177    -0.151101     1.501875   0.00000000
     0.061253     0.248011    -0.474795     0.576899    -0.741353   0.00000000
     0.009479     0.054609    -0.132263     0.247669    -0.294635   0.00000000
     0.000407     0.002493    -0.006098     0.002155    -0.037112     1.000000

    3.312563    1.343192    0.544643    0.220844

     1.000000   0.00000000   0.00000000   0.00000000
   0.00000000     1.000000   0.00000000   0.00000000
   0.00000000   0.00000000     1.000000   0.00000000
   0.00000000   0.00000000   0.00000000     1.000000

    2.415946    0.993719    0.408733

     1.000000   0.00000000   0.00000000
   0.00000000     1.000000   0.00000000
   0.00000000   0.00000000     1.000000

    1.950292    0.720919

     1.000000   0.00000000
   0.00000000     1.000000

    1.520426

     1.000000

Ru:cc-pVDZ-ccECP
ccECP cc-pVDZ for Ru | source recipes/Ru/ccECP/Ru.cc-pVDZ.gamess | ccECP from Omar Madany et al. Journal of Chemical Physics (2025) https://doi.org/10.1063/5.0285320

  4
    0    1    2    3
    4    4    3    1
   13   13   13    1

   80.787188   42.424850   22.279125   11.699733    6.144036
    3.226499    1.694375    0.889789    0.467267    0.245382
    0.128861    0.067670    0.035537

    -0.000106     0.000030    -0.000136   0.00000000
     0.002992    -0.000819    -0.000794   0.00000000
    -0.041316     0.011730     0.024201   0.00000000
     0.262361    -0.077942    -0.179129   0.00000000
    -0.447841     0.143678     0.335170   0.00000000
    -0.422902     0.122881     0.375533   0.00000000
     0.467285    -0.160464    -0.581889   0.00000000
     0.685811    -0.310561    -1.122877   0.00000000
     0.279541    -0.176062     0.128771   0.00000000
     0.024326    -0.057050     1.531674   0.00000000
     0.002971     0.383226     0.408017   0.00000000
    -0.001538     0.371489    -0.432252   0.00000000
    -0.000590     0.460625    -0.724638     1.000000

   92.208552   48.639559   25.657128   13.534009    7.139123
    3.765853    1.986469    1.047852    0.552737    0.291566
    0.153800    0.081129    0.042795

    -0.000045     0.000001    -0.000118   0.00000000
     0.000452    -0.000111     0.000405   0.00000000
    -0.005080     0.002166     0.001742   0.00000000
     0.049585    -0.024736    -0.036161   0.00000000
    -0.162275     0.086509     0.131403   0.00000000
    -0.101104     0.053171     0.148453   0.00000000
     0.329482    -0.203126    -0.529353   0.00000000
     0.484649    -0.366554    -0.757330   0.00000000
     0.300939    -0.138604     0.700461   0.00000000
     0.077358     0.354907     1.022885   0.00000000
     0.009880     0.532618    -0.271602   0.00000000
     0.000727     0.272563    -0.670257   0.00000000
     0.000269     0.047177    -0.203637     1.000000

   59.257355   31.193645   16.420636    8.643982    4.550275
    2.395309    1.260914    0.663757    0.349408    0.183932
    0.096824    0.050969    0.026830

     0.000019     0.000013   0.00000000
    -0.000211     0.000075   0.00000000
     0.003572    -0.003915   0.00000000
    -0.027531     0.034801   0.00000000
     0.005703    -0.007757   0.00000000
     0.145110    -0.223437   0.00000000
     0.291446    -0.436640   0.00000000
     0.318113    -0.196283   0.00000000
     0.260161     0.297395   0.00000000
     0.155636     0.448346   0.00000000
     0.061253     0.248011   0.00000000
     0.009479     0.054609   0.00000000
     0.000407     0.002493     1.000000

    0.835070

     1.000000

Ru:cc-pVQZ-ccECP
ccECP cc-pVQZ for Ru | source recipes/Ru/ccECP/Ru.cc-pVQZ.gamess | ccECP from Omar Madany et al. Journal of Chemical Physics (2025) https://doi.org/10.1063/5.0285320

  6
    0    1    2    3    4    5
    6    6    5    3    2    1
   13   13   13    3    2    1

   80.787188   42.424850   22.279125   11.699733    6.144036
    3.226499    1.694375    0.889789    0.467267    0.245382
    0.128861    0.067670    0.035537

    -0.000106     0.000030    -0.000136    -0.001103     0.001764   0.00000000
     0.002992    -0.000819    -0.000794     0.003716    -0.012098   0.00000000
    -0.041316     0.011730     0.024201     0.020052     0.084829   0.00000000
     0.262361    -0.077942    -0.179129    -0.226215    -0.501661   0.00000000
    -0.447841     0.143678     0.335170     0.372116     0.999709   0.00000000
    -0.422902     0.122881     0.375533     1.188542     1.800195   0.00000000
     0.467285    -0.160464    -0.581889    -2.517676    -8.327627   0.00000000
     0.685811    -0.310561    -1.122877    -1.395838     9.401639   0.00000000
     0.279541    -0.176062     0.128771     4.698053    -1.962514   0.00000000
     0.024326    -0.057050     1.531674    -1.265283    -5.104962   0.00000000
     0.002971     0.383226     0.408017    -2.020820     4.265158   0.00000000
    -0.001538     0.371489    -0.432252     0.227901     0.353475   0.00000000
    -0.000590     0.460625    -0.724638     0.968825    -1.301239     1.000000

   92.208552   48.639559   25.657128   13.534009    7.139123
    3.765853    1.986469    1.047852    0.552737    0.291566
    0.153800    0.081129    0.042795

    -0.000045     0.000001    -0.000118    -0.000986     0.003064   0.00000000
     0.000452    -0.000111     0.000405     0.004543    -0.014974   0.00000000
    -0.005080     0.002166     0.001742    -0.009692     0.050026   0.00000000
     0.049585    -0.024736    -0.036161    -0.015396    -0.188563   0.00000000
    -0.162275     0.086509     0.131403     0.061055     0.507531   0.00000000
    -0.101104     0.053171     0.148453     0.668971     0.385945   0.00000000
     0.329482    -0.203126    -0.529353    -2.015947    -4.171768   0.00000000
     0.484649    -0.366554    -0.757330     0.188872     6.270159   0.00000000
     0.300939    -0.138604     0.700461     2.763358    -3.454549   0.00000000
     0.077358     0.354907     1.022885    -1.950328    -1.110008   0.00000000
     0.009880     0.532618    -0.271602    -0.710129     2.551477   0.00000000
     0.000727     0.272563    -0.670257     0.731331    -0.620551   0.00000000
     0.000269     0.047177    -0.203637     0.383719    -0.610577     1.000000

   59.257355   31.193645   16.420636    8.643982    4.550275
    2.395309    1.260914    0.663757    0.349408    0.183932
    0.096824    0.050969    0.026830

     0.000019     0.000013     0.000236     0.000957   0.00000000
    -0.000211     0.000075    -0.000904    -0.004130   0.00000000
     0.003572    -0.003915    -0.002721     0.004652   0.00000000
    -0.027531     0.034801     0.046036     0.044337   0.00000000
     0.005703    -0.007757     0.006535     0.093775   0.00000000
     0.145110    -0.223437    -0.519066    -1.340442   0.00000000
     0.291446    -0.436640    -0.527245     0.706250   0.00000000
     0.318113    -0.196283     0.754272     1.447157   0.00000000
     0.260161     0.297395     0.626004    -1.599792   0.00000000
     0.155636     0.448346    -0.364177    -0.151101   0.00000000
     0.061253     0.248011    -0.474795     0.576899   0.00000000
     0.009479     0.054609    -0.132263     0.247669   0.00000000
     0.000407     0.002493    -0.006098     0.002155     1.000000

    2.431085    0.851797    0.298450

     1.000000   0.00000000   0.00000000
   0.00000000     1.000000   0.00000000
   0.00000000   0.00000000     1.000000

    1.730026    0.591318

     1.000000   0.00000000
   0.00000000     1.000000

    1.175025

     1.000000

Ru:cc-pVTZ-ccECP
ccECP cc-pVTZ for Ru | source recipes/Ru/ccECP/Ru.cc-pVTZ.gamess | ccECP from Omar Madany et al. Journal of Chemical Physics (2025) https://doi.org/10.1063/5.0285320

  5
    0    1    2    3    4
    5    5    4    2    1
   13   13   13    2    1

   80.787188   42.424850   22.279125   11.699733    6.144036
    3.226499    1.694375    0.889789    0.467267    0.245382
    0.128861    0.067670    0.035537

    -0.000106     0.000030    -0.000136    -0.001103   0.00000000
     0.002992    -0.000819    -0.000794     0.003716   0.00000000
    -0.041316     0.011730     0.024201     0.020052   0.00000000
     0.262361    -0.077942    -0.179129    -0.226215   0.00000000
    -0.447841     0.143678     0.335170     0.372116   0.00000000
    -0.422902     0.122881     0.375533     1.188542   0.00000000
     0.467285    -0.160464    -0.581889    -2.517676   0.00000000
     0.685811    -0.310561    -1.122877    -1.395838   0.00000000
     0.279541    -0.176062     0.128771     4.698053   0.00000000
     0.024326    -0.057050     1.531674    -1.265283   0.00000000
     0.002971     0.383226     0.408017    -2.020820   0.00000000
    -0.001538     0.371489    -0.432252     0.227901   0.00000000
    -0.000590     0.460625    -0.724638     0.968825     1.000000

   92.208552   48.639559   25.657128   13.534009    7.139123
    3.765853    1.986469    1.047852    0.552737    0.291566
    0.153800    0.081129    0.042795

    -0.000045     0.000001    -0.000118    -0.000986   0.00000000
     0.000452    -0.000111     0.000405     0.004543   0.00000000
    -0.005080     0.002166     0.001742    -0.009692   0.00000000
     0.049585    -0.024736    -0.036161    -0.015396   0.00000000
    -0.162275     0.086509     0.131403     0.061055   0.00000000
    -0.101104     0.053171     0.148453     0.668971   0.00000000
     0.329482    -0.203126    -0.529353    -2.015947   0.00000000
     0.484649    -0.366554    -0.757330     0.188872   0.00000000
     0.300939    -0.138604     0.700461     2.763358   0.00000000
     0.077358     0.354907     1.022885    -1.950328   0.00000000
     0.009880     0.532618    -0.271602    -0.710129   0.00000000
     0.000727     0.272563    -0.670257     0.731331   0.00000000
     0.000269     0.047177    -0.203637     0.383719     1.000000

   59.257355   31.193645   16.420636    8.643982    4.550275
    2.395309    1.260914    0.663757    0.349408    0.183932
    0.096824    0.050969    0.026830

     0.000019     0.000013     0.000236   0.00000000
    -0.000211     0.000075    -0.000904   0.00000000
     0.003572    -0.003915    -0.002721   0.00000000
    -0.027531     0.034801     0.046036   0.00000000
     0.005703    -0.007757     0.006535   0.00000000
     0.145110    -0.223437    -0.519066   0.00000000
     0.291446    -0.436640    -0.527245   0.00000000
     0.318113    -0.196283     0.754272   0.00000000
     0.260161     0.297395     0.626004   0.00000000
     0.155636     0.448346    -0.364177   0.00000000
     0.061253     0.248011    -0.474795   0.00000000
     0.009479     0.054609    -0.132263   0.00000000
     0.000407     0.002493    -0.006098     1.000000

    1.626463    0.468977

     1.000000   0.00000000
   0.00000000     1.000000

    1.064025

     1.000000

