
Br:aug-cc-pV5Z-ccECP
ccECP aug-cc-pV5Z for Br | source recipes/Br/ccECP/Br.aug-cc-pV5Z.gamess | ccECP from Guangming Wang et al. Journal of Chemical Physics 151, 144110 (2019) https://doi.org/10.1063/1.5121006

  6
    0    1    2    3    4    5
    6    6    5    4    3    2
   14   14    5    4    3    2

   60.457695   27.422852   12.438662    5.642021    2.559150
    1.160798    0.717852    0.526524    0.387636    0.238824
    0.209321    0.113032    0.108328    0.045213

   -0.00045200    0.00000000    0.00000000    0.00000000    0.00000000
    0.00000000
    0.00337200    0.00000000    0.00000000    0.00000000    0.00000000
    0.00000000
   -0.02504500    0.00000000    0.00000000    0.00000000    0.00000000
    0.00000000
    0.17010100    0.00000000    0.00000000    0.00000000    0.00000000
    0.00000000
   -0.43099200    0.00000000    0.00000000    0.00000000    0.00000000
    0.00000000
   -0.15435800    0.00000000    0.00000000    0.00000000    0.00000000
    0.00000000
    0.00000000    1.00000000    0.00000000    0.00000000    0.00000000
    0.00000000
    0.52545800    0.00000000    0.00000000    0.00000000    0.00000000
    0.00000000
    0.00000000    0.00000000    1.00000000    0.00000000    0.00000000
    0.00000000
    0.59273500    0.00000000    0.00000000    0.00000000    0.00000000
    0.00000000
    0.00000000    0.00000000    0.00000000    1.00000000    0.00000000
    0.00000000
    0.00000000    0.00000000    0.00000000    0.00000000    1.00000000
    0.00000000
    0.16949000    0.00000000    0.00000000    0.00000000    0.00000000
    0.00000000
    0.00000000    0.00000000    0.00000000    0.00000000    0.00000000
    1.00000000

   27.437987   12.887440    6.053145    2.843122    1.335395
    1.077437    0.627226    0.464537    0.294604    0.200285
    0.138374    0.086353    0.064993    0.034541

    0.00008700    0.00000000    0.00000000    0.00000000    0.00000000
    0.00000000
   -0.00179700    0.00000000    0.00000000    0.00000000    0.00000000
    0.00000000
    0.02715000    0.00000000    0.00000000    0.00000000    0.00000000
    0.00000000
   -0.13414300    0.00000000    0.00000000    0.00000000    0.00000000
    0.00000000
   -0.00623400    0.00000000    0.00000000    0.00000000    0.00000000
    0.00000000
    0.00000000    1.00000000    0.00000000    0.00000000    0.00000000
    0.00000000
    0.30955100    0.00000000    0.00000000    0.00000000    0.00000000
    0.00000000
    0.00000000    0.00000000    1.00000000    0.00000000    0.00000000
    0.00000000
    0.44028500    0.00000000    0.00000000    0.00000000    0.00000000
    0.00000000
    0.00000000    0.00000000    0.00000000    1.00000000    0.00000000
    0.00000000
    0.31675000    0.00000000    0.00000000    0.00000000    0.00000000
    0.00000000
    0.00000000    0.00000000    0.00000000    0.00000000    1.00000000
    0.00000000
    0.09253300    0.00000000    0.00000000    0.00000000    0.00000000
    0.00000000
    0.00000000    0.00000000    0.00000000    0.00000000    0.00000000
    1.00000000

    2.131944    0.965261    0.437032    0.197871    0.079148

    1.00000000    0.00000000    0.00000000    0.00000000    0.00000000
    0.00000000    1.00000000    0.00000000    0.00000000    0.00000000
    0.00000000    0.00000000    1.00000000    0.00000000    0.00000000
    0.00000000    0.00000000    0.00000000    1.00000000    0.00000000
    0.00000000    0.00000000    0.00000000    0.00000000    1.00000000

    1.053363    0.531391    0.268071    0.107228

    1.00000000    0.00000000    0.00000000    0.00000000
    0.00000000    1.00000000    0.00000000    0.00000000
    0.00000000    0.00000000    1.00000000    0.00000000
    0.00000000    0.00000000    0.00000000    1.00000000

    1.023572    0.454585    0.181834

    1.00000000    0.00000000    0.00000000
    0.00000000    1.00000000    0.00000000
    0.00000000    0.00000000    1.00000000

    0.837913    0.335165

    1.00000000    0.00000000
    0.00000000    1.00000000

Br:aug-cc-pV6Z-ccECP
ccECP aug-cc-pV6Z for Br | source recipes/Br/ccECP/Br.aug-cc-pV6Z.gamess | ccECP from Guangming Wang et al. Journal of Chemical Physics 151, 144110 (2019) https://doi.org/10.1063/1.5121006

  7
    0    1    2    3    4    5    6
    7    7    6    5    4    3    2
   15   15    6    5    4    3    2

   60.457695   27.422852   12.438662    5.642021    2.559150
    2.494708    1.181165    1.160798    0.559244    0.526524
    0.264784    0.238824    0.125367    0.108328    0.050147

   -0.00045200    0.00000000    0.00000000    0.00000000    0.00000000
    0.00000000    0.00000000
    0.00337200    0.00000000    0.00000000    0.00000000    0.00000000
    0.00000000    0.00000000
   -0.02504500    0.00000000    0.00000000    0.00000000    0.00000000
    0.00000000    0.00000000
    0.17010100    0.00000000    0.00000000    0.00000000    0.00000000
    0.00000000    0.00000000
   -0.43099200    0.00000000    0.00000000    0.00000000    0.00000000
    0.00000000    0.00000000
    0.00000000    1.00000000    0.00000000    0.00000000    0.00000000
    0.00000000    0.00000000
    0.00000000    0.00000000    1.00000000    0.00000000    0.00000000
    0.00000000    0.00000000
   -0.15435800    0.00000000    0.00000000    0.00000000    0.00000000
    0.00000000    0.00000000
    0.00000000    0.00000000    0.00000000    1.00000000    0.00000000
    0.00000000    0.00000000
    0.52545800    0.00000000    0.00000000    0.00000000    0.00000000
    0.00000000    0.00000000
    0.00000000    0.00000000    0.00000000    0.00000000    1.00000000
    0.00000000    0.00000000
    0.59273500    0.00000000    0.00000000    0.00000000    0.00000000
    0.00000000    0.00000000
    0.00000000    0.00000000    0.00000000    0.00000000    0.00000000
    1.00000000    0.00000000
    0.16949000    0.00000000    0.00000000    0.00000000    0.00000000
    0.00000000    0.00000000
    0.00000000    0.00000000    0.00000000    0.00000000    0.00000000
    0.00000000    1.00000000

   27.437987   12.887440    6.053145    2.843122    1.356668
    1.335395    0.664552    0.627226    0.325525    0.294604
    0.159456    0.138374    0.078108    0.064993    0.031243

    0.00008700    0.00000000    0.00000000    0.00000000    0.00000000
    0.00000000    0.00000000
   -0.00179700    0.00000000    0.00000000    0.00000000    0.00000000
    0.00000000    0.00000000
    0.02715000    0.00000000    0.00000000    0.00000000    0.00000000
    0.00000000    0.00000000
   -0.13414300    0.00000000    0.00000000    0.00000000    0.00000000
    0.00000000    0.00000000
    0.00000000    1.00000000    0.00000000    0.00000000    0.00000000
    0.00000000    0.00000000
   -0.00623400    0.00000000    0.00000000    0.00000000    0.00000000
    0.00000000    0.00000000
    0.00000000    0.00000000    1.00000000    0.00000000    0.00000000
    0.00000000    0.00000000
    0.30955100    0.00000000    0.00000000    0.00000000    0.00000000
    0.00000000    0.00000000
    0.00000000    0.00000000    0.00000000    1.00000000    0.00000000
    0.00000000    0.00000000
    0.44028500    0.00000000    0.00000000    0.00000000    0.00000000
    0.00000000    0.00000000
    0.00000000    0.00000000    0.00000000    0.00000000    1.00000000
    0.00000000    0.00000000
    0.31675000    0.00000000    0.00000000    0.00000000    0.00000000
    0.00000000    0.00000000
    0.00000000    0.00000000    0.00000000    0.00000000    0.00000000
    0.00000000    1.00000000
    0.09253300    0.00000000    0.00000000    0.00000000    0.00000000
    0.00000000    0.00000000
    0.00000000    0.00000000    0.00000000    0.00000000    0.00000000
    1.00000000    0.00000000

    2.338487    1.209425    0.625494    0.323495    0.167306
    0.066922

    1.00000000    0.00000000    0.00000000    0.00000000    0.00000000
    0.00000000
    0.00000000    1.00000000    0.00000000    0.00000000    0.00000000
    0.00000000
    0.00000000    0.00000000    1.00000000    0.00000000    0.00000000
    0.00000000
    0.00000000    0.00000000    0.00000000    1.00000000    0.00000000
    0.00000000
    0.00000000    0.00000000    0.00000000    0.00000000    1.00000000
    0.00000000
    0.00000000    0.00000000    0.00000000    0.00000000    0.00000000
    1.00000000

    1.211891    0.701529    0.406095    0.235077    0.094031

    1.00000000    0.00000000    0.00000000    0.00000000    0.00000000
    0.00000000    1.00000000    0.00000000    0.00000000    0.00000000
    0.00000000    0.00000000    1.00000000    0.00000000    0.00000000
    0.00000000    0.00000000    0.00000000    1.00000000    0.00000000
    0.00000000    0.00000000    0.00000000    0.00000000    1.00000000

    1.292807    0.690290    0.368578    0.147431

    1.00000000    0.00000000    0.00000000    0.00000000
    0.00000000    1.00000000    0.00000000    0.00000000
    0.00000000    0.00000000    1.00000000    0.00000000
    0.00000000    0.00000000    0.00000000    1.00000000

    1.215157    0.602256    0.240902

    1.00000000    0.00000000    0.00000000
    0.00000000    1.00000000    0.00000000
    0.00000000    0.00000000    1.00000000

    1.003305    0.401322

    1.00000000    0.00000000
    0.00000000    1.00000000

Br:aug-cc-pVDZ-ccECP
ccECP aug-cc-pVDZ for Br | source recipes/Br/ccECP/Br.aug-cc-pVDZ.gamess | ccECP from Guangming Wang et al. Journal of Chemical Physics 151, 144110 (2019) https://doi.org/10.1063/1.5121006

  3
    0    1    2
    3    3    2
   11   11    2

   60.457695   27.422852   12.438662    5.642021    2.559150
    1.160798    0.526524    0.238824    0.108328    0.071724
    0.028690

   -0.00045200    0.00000000    0.00000000
    0.00337200    0.00000000    0.00000000
   -0.02504500    0.00000000    0.00000000
    0.17010100    0.00000000    0.00000000
   -0.43099200    0.00000000    0.00000000
   -0.15435800    0.00000000    0.00000000
    0.52545800    0.00000000    0.00000000
    0.59273500    0.00000000    0.00000000
    0.16949000    0.00000000    0.00000000
    0.00000000    1.00000000    0.00000000
    0.00000000    0.00000000    1.00000000

   27.437987   12.887440    6.053145    2.843122    1.335395
    0.627226    0.294604    0.138374    0.126435    0.064993
    0.050574

    0.00008700    0.00000000    0.00000000
   -0.00179700    0.00000000    0.00000000
    0.02715000    0.00000000    0.00000000
   -0.13414300    0.00000000    0.00000000
   -0.00623400    0.00000000    0.00000000
    0.30955100    0.00000000    0.00000000
    0.44028500    0.00000000    0.00000000
    0.31675000    0.00000000    0.00000000
    0.00000000    1.00000000    0.00000000
    0.09253300    0.00000000    0.00000000
    0.00000000    0.00000000    1.00000000

    0.416740    0.166696

    1.00000000    0.00000000
    0.00000000    1.00000000

Br:aug-cc-pVQZ-ccECP
ccECP aug-cc-pVQZ for Br | source recipes/Br/ccECP/Br.aug-cc-pVQZ.gamess | ccECP from Guangming Wang et al. Journal of Chemical Physics 151, 144110 (2019) https://doi.org/10.1063/1.5121006

  5
    0    1    2    3    4
    5    5    4    3    2
   13   13    4    3    2

   60.457695   27.422852   12.438662    5.642021    2.559150
    1.160798    0.716355    0.526524    0.328206    0.238824
    0.150371    0.108328    0.060148

   -0.00045200    0.00000000    0.00000000    0.00000000    0.00000000
    0.00337200    0.00000000    0.00000000    0.00000000    0.00000000
   -0.02504500    0.00000000    0.00000000    0.00000000    0.00000000
    0.17010100    0.00000000    0.00000000    0.00000000    0.00000000
   -0.43099200    0.00000000    0.00000000    0.00000000    0.00000000
   -0.15435800    0.00000000    0.00000000    0.00000000    0.00000000
    0.00000000    1.00000000    0.00000000    0.00000000    0.00000000
    0.52545800    0.00000000    0.00000000    0.00000000    0.00000000
    0.00000000    0.00000000    1.00000000    0.00000000    0.00000000
    0.59273500    0.00000000    0.00000000    0.00000000    0.00000000
    0.00000000    0.00000000    0.00000000    1.00000000    0.00000000
    0.16949000    0.00000000    0.00000000    0.00000000    0.00000000
    0.00000000    0.00000000    0.00000000    0.00000000    1.00000000

   27.437987   12.887440    6.053145    2.843122    1.335395
    0.750243    0.627226    0.294604    0.285597    0.138374
    0.108719    0.064993    0.043488

    0.00008700    0.00000000    0.00000000    0.00000000    0.00000000
   -0.00179700    0.00000000    0.00000000    0.00000000    0.00000000
    0.02715000    0.00000000    0.00000000    0.00000000    0.00000000
   -0.13414300    0.00000000    0.00000000    0.00000000    0.00000000
   -0.00623400    0.00000000    0.00000000    0.00000000    0.00000000
    0.00000000    1.00000000    0.00000000    0.00000000    0.00000000
    0.30955100    0.00000000    0.00000000    0.00000000    0.00000000
    0.44028500    0.00000000    0.00000000    0.00000000    0.00000000
    0.00000000    0.00000000    1.00000000    0.00000000    0.00000000
    0.31675000    0.00000000    0.00000000    0.00000000    0.00000000
    0.00000000    0.00000000    0.00000000    1.00000000    0.00000000
    0.09253300    0.00000000    0.00000000    0.00000000    0.00000000
    0.00000000    0.00000000    0.00000000    0.00000000    1.00000000

    1.865751    0.698782    0.261716    0.104686

    1.00000000    0.00000000    0.00000000    0.00000000
    0.00000000    1.00000000    0.00000000    0.00000000
    0.00000000    0.00000000    1.00000000    0.00000000
    0.00000000    0.00000000    0.00000000    1.00000000

    0.852676    0.345036    0.138014

    1.00000000    0.00000000    0.00000000
    0.00000000    1.00000000    0.00000000
    0.00000000    0.00000000    1.00000000

    0.673499    0.269400

    1.00000000    0.00000000
    0.00000000    1.00000000

Br:aug-cc-pVTZ-ccECP
ccECP aug-cc-pVTZ for Br | source recipes/Br/ccECP/Br.aug-cc-pVTZ.gamess | ccECP from Guangming Wang et al. Journal of Chemical Physics 151, 144110 (2019) https://doi.org/10.1063/1.5121006

  4
    0    1    2    3
    4    4    3    2
   12   12    3    2

   60.457695   27.422852   12.438662    5.642021    2.559150
    1.160798    0.663065    0.526524    0.238824    0.158034
    0.108328    0.063214

   -0.00045200    0.00000000    0.00000000    0.00000000
    0.00337200    0.00000000    0.00000000    0.00000000
   -0.02504500    0.00000000    0.00000000    0.00000000
    0.17010100    0.00000000    0.00000000    0.00000000
   -0.43099200    0.00000000    0.00000000    0.00000000
   -0.15435800    0.00000000    0.00000000    0.00000000
    0.00000000    1.00000000    0.00000000    0.00000000
    0.52545800    0.00000000    0.00000000    0.00000000
    0.59273500    0.00000000    0.00000000    0.00000000
    0.00000000    0.00000000    1.00000000    0.00000000
    0.16949000    0.00000000    0.00000000    0.00000000
    0.00000000    0.00000000    0.00000000    1.00000000

   27.437987   12.887440    6.053145    2.843122    1.335395
    0.627226    0.294604    0.163319    0.138374    0.085667
    0.064993    0.034267

    0.00008700    0.00000000    0.00000000    0.00000000
   -0.00179700    0.00000000    0.00000000    0.00000000
    0.02715000    0.00000000    0.00000000    0.00000000
   -0.13414300    0.00000000    0.00000000    0.00000000
   -0.00623400    0.00000000    0.00000000    0.00000000
    0.30955100    0.00000000    0.00000000    0.00000000
    0.44028500    0.00000000    0.00000000    0.00000000
    0.00000000    1.00000000    0.00000000    0.00000000
    0.31675000    0.00000000    0.00000000    0.00000000
    0.00000000    0.00000000    1.00000000    0.00000000
    0.09253300    0.00000000    0.00000000    0.00000000
    0.00000000    0.00000000    0.00000000    1.00000000

    0.569580    0.242720    0.097088

    1.00000000    0.00000000    0.00000000
    0.00000000    1.00000000    0.00000000
    0.00000000    0.00000000    1.00000000

    0.576157    0.230463

    1.00000000    0.00000000
    0.00000000    1.00000000

Br:cc-pV5Z-ccECP
ccECP cc-pV5Z for Br | source recipes/Br/ccECP/Br.cc-pV5Z.gamess | ccECP from Guangming Wang et al. Journal of Chemical Physics 151, 144110 (2019) https://doi.org/10.1063/1.5121006

  6
    0    1    2    3    4    5
    5    5    4    3    2    1
   13   13    4    3    2    1

   60.457695   27.422852   12.438662    5.642021    2.559150
    1.160798    0.717852    0.526524    0.387636    0.238824
    0.209321    0.113032    0.108328

   -0.00045200    0.00000000    0.00000000    0.00000000    0.00000000
    0.00337200    0.00000000    0.00000000    0.00000000    0.00000000
   -0.02504500    0.00000000    0.00000000    0.00000000    0.00000000
    0.17010100    0.00000000    0.00000000    0.00000000    0.00000000
   -0.43099200    0.00000000    0.00000000    0.00000000    0.00000000
   -0.15435800    0.00000000    0.00000000    0.00000000    0.00000000
    0.00000000    1.00000000    0.00000000    0.00000000    0.00000000
    0.52545800    0.00000000    0.00000000    0.00000000    0.00000000
    0.00000000    0.00000000    1.00000000    0.00000000    0.00000000
    0.59273500    0.00000000    0.00000000    0.00000000    0.00000000
    0.00000000    0.00000000    0.00000000    1.00000000    0.00000000
    0.00000000    0.00000000    0.00000000    0.00000000    1.00000000
    0.16949000    0.00000000    0.00000000    0.00000000    0.00000000

   27.437987   12.887440    6.053145    2.843122    1.335395
    1.077437    0.627226    0.464537    0.294604    0.200285
    0.138374    0.086353    0.064993

    0.00008700    0.00000000    0.00000000    0.00000000    0.00000000
   -0.00179700    0.00000000    0.00000000    0.00000000    0.00000000
    0.02715000    0.00000000    0.00000000    0.00000000    0.00000000
   -0.13414300    0.00000000    0.00000000    0.00000000    0.00000000
   -0.00623400    0.00000000    0.00000000    0.00000000    0.00000000
    0.00000000    1.00000000    0.00000000    0.00000000    0.00000000
    0.30955100    0.00000000    0.00000000    0.00000000    0.00000000
    0.00000000    0.00000000    1.00000000    0.00000000    0.00000000
    0.44028500    0.00000000    0.00000000    0.00000000    0.00000000
    0.00000000    0.00000000    0.00000000    1.00000000    0.00000000
    0.31675000    0.00000000    0.00000000    0.00000000    0.00000000
    0.00000000    0.00000000    0.00000000    0.00000000    1.00000000
    0.09253300    0.00000000    0.00000000    0.00000000    0.00000000

    2.131944    0.965261    0.437032    0.197871

    1.00000000    0.00000000    0.00000000    0.00000000
    0.00000000    1.00000000    0.00000000    0.00000000
    0.00000000    0.00000000    1.00000000    0.00000000
    0.00000000    0.00000000    0.00000000    1.00000000

    1.053363    0.531391    0.268071

    1.00000000    0.00000000    0.00000000
    0.00000000    1.00000000    0.00000000
    0.00000000    0.00000000    1.00000000

    1.023572    0.454585

    1.00000000    0.00000000
    0.00000000    1.00000000

    0.837913

    1.00000000

Br:cc-pV6Z-ccECP
ccECP cc-pV6Z for Br | source recipes/Br/ccECP/Br.cc-pV6Z.gamess | ccECP from Guangming Wang et al. Journal of Chemical Physics 151, 144110 (2019) https://doi.org/10.1063/1.5121006

  7
    0    1    2    3    4    5    6
    6    6    5    4    3    2    1
   14   14    5    4    3    2    1

   60.457695   27.422852   12.438662    5.642021    2.559150
    2.494708    1.181165    1.160798    0.559244    0.526524
    0.264784    0.238824    0.125367    0.108328

   -0.00045200    0.00000000    0.00000000    0.00000000    0.00000000
    0.00000000
    0.00337200    0.00000000    0.00000000    0.00000000    0.00000000
    0.00000000
   -0.02504500    0.00000000    0.00000000    0.00000000    0.00000000
    0.00000000
    0.17010100    0.00000000    0.00000000    0.00000000    0.00000000
    0.00000000
   -0.43099200    0.00000000    0.00000000    0.00000000    0.00000000
    0.00000000
    0.00000000    1.00000000    0.00000000    0.00000000    0.00000000
    0.00000000
    0.00000000    0.00000000    1.00000000    0.00000000    0.00000000
    0.00000000
   -0.15435800    0.00000000    0.00000000    0.00000000    0.00000000
    0.00000000
    0.00000000    0.00000000    0.00000000    1.00000000    0.00000000
    0.00000000
    0.52545800    0.00000000    0.00000000    0.00000000    0.00000000
    0.00000000
    0.00000000    0.00000000    0.00000000    0.00000000    1.00000000
    0.00000000
    0.59273500    0.00000000    0.00000000    0.00000000    0.00000000
    0.00000000
    0.00000000    0.00000000    0.00000000    0.00000000    0.00000000
    1.00000000
    0.16949000    0.00000000    0.00000000    0.00000000    0.00000000
    0.00000000

   27.437987   12.887440    6.053145    2.843122    1.356668
    1.335395    0.664552    0.627226    0.325525    0.294604
    0.159456    0.138374    0.078108    0.064993

    0.00008700    0.00000000    0.00000000    0.00000000    0.00000000
    0.00000000
   -0.00179700    0.00000000    0.00000000    0.00000000    0.00000000
    0.00000000
    0.02715000    0.00000000    0.00000000    0.00000000    0.00000000
    0.00000000
   -0.13414300    0.00000000    0.00000000    0.00000000    0.00000000
    0.00000000
    0.00000000    1.00000000    0.00000000    0.00000000    0.00000000
    0.00000000
   -0.00623400    0.00000000    0.00000000    0.00000000    0.00000000
    0.00000000
    0.00000000    0.00000000    1.00000000    0.00000000    0.00000000
    0.00000000
    0.30955100    0.00000000    0.00000000    0.00000000    0.00000000
    0.00000000
    0.00000000    0.00000000    0.00000000    1.00000000    0.00000000
    0.00000000
    0.44028500    0.00000000    0.00000000    0.00000000    0.00000000
    0.00000000
    0.00000000    0.00000000    0.00000000    0.00000000    1.00000000
    0.00000000
    0.31675000    0.00000000    0.00000000    0.00000000    0.00000000
    0.00000000
    0.00000000    0.00000000    0.00000000    0.00000000    0.00000000
    1.00000000
    0.09253300    0.00000000    0.00000000    0.00000000    0.00000000
    0.00000000

    2.338487    1.209425    0.625494    0.323495    0.167306

    1.00000000    0.00000000    0.00000000    0.00000000    0.00000000
    0.00000000    1.00000000    0.00000000    0.00000000    0.00000000
    0.00000000    0.00000000    1.00000000    0.00000000    0.00000000
    0.00000000    0.00000000    0.00000000    1.00000000    0.00000000
    0.00000000    0.00000000    0.00000000    0.00000000    1.00000000

    1.211891    0.701529    0.406095    0.235077

    1.00000000    0.00000000    0.00000000    0.00000000
    0.00000000    1.00000000    0.00000000    0.00000000
    0.00000000    0.00000000    1.00000000    0.00000000
    0.00000000    0.00000000    0.00000000    1.00000000

    1.292807    0.690290    0.368578

    1.00000000    0.00000000    0.00000000
    0.00000000    1.00000000    0.00000000
    0.00000000    0.00000000    1.00000000

    1.215157    0.602256

    1.00000000    0.00000000
    0.00000000    1.00000000

    1.003305

    1.00000000

Br:cc-pVDZ-ccECP
ccECP cc-pVDZ for Br | source recipes/Br/ccECP/Br.cc-pVDZ.gamess | ccECP from Guangming Wang et al. Journal of Chemical Physics 151, 144110 (2019) https://doi.org/10.1063/1.5121006

  3
    0    1    2
    2    2    1
   10   10    1

   60.457695   27.422852   12.438662    5.642021    2.559150
    1.160798    0.526524    0.238824    0.108328    0.071724

   -0.00045200    0.00000000
    0.00337200    0.00000000
   -0.02504500    0.00000000
    0.17010100    0.00000000
   -0.43099200    0.00000000
   -0.15435800    0.00000000
    0.52545800    0.00000000
    0.59273500    0.00000000
    0.16949000    0.00000000
    0.00000000    1.00000000

   27.437987   12.887440    6.053145    2.843122    1.335395
    0.627226    0.294604    0.138374    0.126435    0.064993

    0.00008700    0.00000000
   -0.00179700    0.00000000
    0.02715000    0.00000000
   -0.13414300    0.00000000
   -0.00623400    0.00000000
    0.30955100    0.00000000
    0.44028500    0.00000000
    0.31675000    0.00000000
    0.00000000    1.00000000
    0.09253300    0.00000000

    0.416740

    1.00000000

Br:cc-pVQZ-ccECP
ccECP cc-pVQZ for Br | source recipes/Br/ccECP/Br.cc-pVQZ.gamess | ccECP from Guangming Wang et al. Journal of Chemical Physics 151, 144110 (2019) https://doi.org/10.1063/1.5121006

  5
    0    1    2    3    4
    4    4    3    2    1
   12   12    3    2    1

   60.457695   27.422852   12.438662    5.642021    2.559150
    1.160798    0.716355    0.526524    0.328206    0.238824
    0.150371    0.108328

   -0.00045200    0.00000000    0.00000000    0.00000000
    0.00337200    0.00000000    0.00000000    0.00000000
   -0.02504500    0.00000000    0.00000000    0.00000000
    0.17010100    0.00000000    0.00000000    0.00000000
   -0.43099200    0.00000000    0.00000000    0.00000000
   -0.15435800    0.00000000    0.00000000    0.00000000
    0.00000000    1.00000000    0.00000000    0.00000000
    0.52545800    0.00000000    0.00000000    0.00000000
    0.00000000    0.00000000    1.00000000    0.00000000
    0.59273500    0.00000000    0.00000000    0.00000000
    0.00000000    0.00000000    0.00000000    1.00000000
    0.16949000    0.00000000    0.00000000    0.00000000

   27.437987   12.887440    6.053145    2.843122    1.335395
    0.750243    0.627226    0.294604    0.285597    0.138374
    0.108719    0.064993

    0.00008700    0.00000000    0.00000000    0.00000000
   -0.00179700    0.00000000    0.00000000    0.00000000
    0.02715000    0.00000000    0.00000000    0.00000000
   -0.13414300    0.00000000    0.00000000    0.00000000
   -0.00623400    0.00000000    0.00000000    0.00000000
    0.00000000    1.00000000    0.00000000    0.00000000
    0.30955100    0.00000000    0.00000000    0.00000000
    0.44028500    0.00000000    0.00000000    0.00000000
    0.00000000    0.00000000    1.00000000    0.00000000
    0.31675000    0.00000000    0.00000000    0.00000000
    0.00000000    0.00000000    0.00000000    1.00000000
    0.09253300    0.00000000    0.00000000    0.00000000

    1.865751    0.698782    0.261716

    1.00000000    0.00000000    0.00000000
    0.00000000    1.00000000    0.00000000
    0.00000000    0.00000000    1.00000000

    0.852676    0.345036

    1.00000000    0.00000000
    0.00000000    1.00000000

    0.673499

    1.00000000

Br:cc-pVTZ-ccECP
ccECP cc-pVTZ for Br | source recipes/Br/ccECP/Br.cc-pVTZ.gamess | ccECP from Guangming Wang et al. Journal of Chemical Physics 151, 144110 (2019) https://doi.org/10.1063/1.5121006

  4
    0    1    2    3
    3    3    2    1
   11   11    2    1

   60.457695   27.422852   12.438662    5.642021    2.559150
    1.160798    0.663065    0.526524    0.238824    0.158034
    0.108328

   -0.00045200    0.00000000    0.00000000
    0.00337200    0.00000000    0.00000000
   -0.02504500    0.00000000    0.00000000
    0.17010100    0.00000000    0.00000000
   -0.43099200    0.00000000    0.00000000
   -0.15435800    0.00000000    0.00000000
    0.00000000    1.00000000    0.00000000
    0.52545800    0.00000000    0.00000000
    0.59273500    0.00000000    0.00000000
    0.00000000    0.00000000    1.00000000
    0.16949000    0.00000000    0.00000000

   27.437987   12.887440    6.053145    2.843122    1.335395
    0.627226    0.294604    0.163319    0.138374    0.085667
    0.064993

    0.00008700    0.00000000    0.00000000
   -0.00179700    0.00000000    0.00000000
    0.02715000    0.00000000    0.00000000
   -0.13414300    0.00000000    0.00000000
   -0.00623400    0.00000000    0.00000000
    0.30955100    0.00000000    0.00000000
    0.44028500    0.00000000    0.00000000
    0.00000000    1.00000000    0.00000000
    0.31675000    0.00000000    0.00000000
    0.00000000    0.00000000    1.00000000
    0.09253300    0.00000000    0.00000000

    0.569580    0.242720

    1.00000000    0.00000000
    0.00000000    1.00000000

    0.576157

    1.00000000

