
P:aug-cc-pV5Z-ccECP
ccECP aug-cc-pV5Z for P | source recipes/P/ccECP/P.aug-cc-pV5Z.gamess | ccECP from Chandler Bennett et al. Journal of Chemical Physics 149, 104108 (2018) https://doi.org/10.1063/1.5038135

  6
    0    1    2    3    4    5
    6    6    5    4    3    2
   15   15    5    4    3    2

   5.054268   3.094719   1.894891   1.160239   0.880402
   0.710412   0.434984   0.402152   0.266340   0.183696
   0.163080   0.099853   0.083909   0.061140   0.033844

     0.001781   0.00000000   0.00000000   0.00000000   0.00000000   0.00000000
     0.077653   0.00000000   0.00000000   0.00000000   0.00000000   0.00000000
    -0.312344   0.00000000   0.00000000   0.00000000   0.00000000   0.00000000
    -0.045804   0.00000000   0.00000000   0.00000000   0.00000000   0.00000000
   0.00000000     1.000000   0.00000000   0.00000000   0.00000000   0.00000000
    -0.029427   0.00000000   0.00000000   0.00000000   0.00000000   0.00000000
     0.318560   0.00000000   0.00000000   0.00000000   0.00000000   0.00000000
   0.00000000   0.00000000     1.000000   0.00000000   0.00000000   0.00000000
     0.309169   0.00000000   0.00000000   0.00000000   0.00000000   0.00000000
   0.00000000   0.00000000   0.00000000     1.000000   0.00000000   0.00000000
     0.376899   0.00000000   0.00000000   0.00000000   0.00000000   0.00000000
     0.152113   0.00000000   0.00000000   0.00000000   0.00000000   0.00000000
   0.00000000   0.00000000   0.00000000   0.00000000     1.000000   0.00000000
     0.054943   0.00000000   0.00000000   0.00000000   0.00000000   0.00000000
   0.00000000   0.00000000   0.00000000   0.00000000   0.00000000     1.000000

   5.861284   3.406365   1.979655   1.818940   1.150503
   0.887311   0.668631   0.432846   0.388584   0.225831
   0.211150   0.131245   0.076275   0.044328   0.027376

    -0.003160   0.00000000   0.00000000   0.00000000   0.00000000   0.00000000
     0.007462   0.00000000   0.00000000   0.00000000   0.00000000   0.00000000
    -0.060893   0.00000000   0.00000000   0.00000000   0.00000000   0.00000000
   0.00000000     1.000000   0.00000000   0.00000000   0.00000000   0.00000000
     0.015297   0.00000000   0.00000000   0.00000000   0.00000000   0.00000000
   0.00000000   0.00000000     1.000000   0.00000000   0.00000000   0.00000000
     0.123431   0.00000000   0.00000000   0.00000000   0.00000000   0.00000000
   0.00000000   0.00000000   0.00000000     1.000000   0.00000000   0.00000000
     0.257276   0.00000000   0.00000000   0.00000000   0.00000000   0.00000000
     0.305131   0.00000000   0.00000000   0.00000000   0.00000000   0.00000000
   0.00000000   0.00000000   0.00000000   0.00000000     1.000000   0.00000000
     0.276016   0.00000000   0.00000000   0.00000000   0.00000000   0.00000000
     0.134133   0.00000000   0.00000000   0.00000000   0.00000000   0.00000000
     0.040073   0.00000000   0.00000000   0.00000000   0.00000000   0.00000000
   0.00000000   0.00000000   0.00000000   0.00000000   0.00000000     1.000000

   2.631593   1.041129   0.411898   0.162958   0.059481

     1.000000   0.00000000   0.00000000   0.00000000   0.00000000
   0.00000000     1.000000   0.00000000   0.00000000   0.00000000
   0.00000000   0.00000000     1.000000   0.00000000   0.00000000
   0.00000000   0.00000000   0.00000000     1.000000   0.00000000
   0.00000000   0.00000000   0.00000000   0.00000000     1.000000

   1.006219   0.473918   0.223210   0.089747

     1.000000   0.00000000   0.00000000   0.00000000
   0.00000000     1.000000   0.00000000   0.00000000
   0.00000000   0.00000000     1.000000   0.00000000
   0.00000000   0.00000000   0.00000000     1.000000

   0.912065   0.408483   0.178650

     1.000000   0.00000000   0.00000000
   0.00000000     1.000000   0.00000000
   0.00000000   0.00000000     1.000000

   0.739580   0.358149

     1.000000   0.00000000
   0.00000000     1.000000

P:aug-cc-pV6Z-ccECP
ccECP aug-cc-pV6Z for P | source recipes/P/ccECP/P.aug-cc-pV6Z.gamess | ccECP from Chandler Bennett et al. Journal of Chemical Physics 149, 104108 (2018) https://doi.org/10.1063/1.5038135

  7
    0    1    2    3    4    5    6
    7    7    6    5    4    3    2
   16   16    6    5    4    3    2

   5.054268   3.094719   1.894891   1.160239   0.889032
   0.710412   0.472563   0.434984   0.266340   0.251190
   0.163080   0.133520   0.099853   0.070972   0.061140
   0.037725

    0.00178100    0.00000000    0.00000000    0.00000000    0.00000000
    0.00000000    0.00000000
    0.07765300    0.00000000    0.00000000    0.00000000    0.00000000
    0.00000000    0.00000000
   -0.31234400    0.00000000    0.00000000    0.00000000    0.00000000
    0.00000000    0.00000000
   -0.04580400    0.00000000    0.00000000    0.00000000    0.00000000
    0.00000000    0.00000000
    0.00000000    0.00000000    0.00000000    0.00000000    0.00000000
    0.00000000    1.00000000
   -0.02942700    0.00000000    0.00000000    0.00000000    0.00000000
    0.00000000    0.00000000
    0.00000000    0.00000000    0.00000000    0.00000000    0.00000000
    1.00000000    0.00000000
    0.31856000    0.00000000    0.00000000    0.00000000    0.00000000
    0.00000000    0.00000000
    0.30916900    0.00000000    0.00000000    0.00000000    0.00000000
    0.00000000    0.00000000
    0.00000000    0.00000000    0.00000000    0.00000000    1.00000000
    0.00000000    0.00000000
    0.37689900    0.00000000    0.00000000    0.00000000    0.00000000
    0.00000000    0.00000000
    0.00000000    0.00000000    0.00000000    1.00000000    0.00000000
    0.00000000    0.00000000
    0.15211300    0.00000000    0.00000000    0.00000000    0.00000000
    0.00000000    0.00000000
    0.00000000    0.00000000    1.00000000    0.00000000    0.00000000
    0.00000000    0.00000000
    0.05494300    0.00000000    0.00000000    0.00000000    0.00000000
    0.00000000    0.00000000
    0.00000000    1.00000000    0.00000000    0.00000000    0.00000000
    0.00000000    0.00000000

   5.861284   3.406365   1.979655   1.213271   1.150503
   0.668631   0.572540   0.388584   0.270181   0.225831
   0.131245   0.127498   0.076275   0.060166   0.044328
   0.028392

   -0.00316000    0.00000000    0.00000000    0.00000000    0.00000000
    0.00000000    0.00000000
    0.00746200    0.00000000    0.00000000    0.00000000    0.00000000
    0.00000000    0.00000000
   -0.06089300    0.00000000    0.00000000    0.00000000    0.00000000
    0.00000000    0.00000000
    0.00000000    0.00000000    0.00000000    0.00000000    0.00000000
    0.00000000    1.00000000
    0.01529700    0.00000000    0.00000000    0.00000000    0.00000000
    0.00000000    0.00000000
    0.12343100    0.00000000    0.00000000    0.00000000    0.00000000
    0.00000000    0.00000000
    0.00000000    0.00000000    0.00000000    0.00000000    0.00000000
    1.00000000    0.00000000
    0.25727600    0.00000000    0.00000000    0.00000000    0.00000000
    0.00000000    0.00000000
    0.00000000    0.00000000    0.00000000    0.00000000    1.00000000
    0.00000000    0.00000000
    0.30513100    0.00000000    0.00000000    0.00000000    0.00000000
    0.00000000    0.00000000
    0.27601600    0.00000000    0.00000000    0.00000000    0.00000000
    0.00000000    0.00000000
    0.00000000    0.00000000    0.00000000    1.00000000    0.00000000
    0.00000000    0.00000000
    0.13413300    0.00000000    0.00000000    0.00000000    0.00000000
    0.00000000    0.00000000
    0.00000000    0.00000000    1.00000000    0.00000000    0.00000000
    0.00000000    0.00000000
    0.04007300    0.00000000    0.00000000    0.00000000    0.00000000
    0.00000000    0.00000000
    0.00000000    1.00000000    0.00000000    0.00000000    0.00000000
    0.00000000    0.00000000

   3.080200   1.398679   0.635122   0.288401   0.130959
   0.059467

    0.00000000    0.00000000    0.00000000    0.00000000    0.00000000
    1.00000000
    0.00000000    0.00000000    0.00000000    0.00000000    1.00000000
    0.00000000
    0.00000000    0.00000000    0.00000000    1.00000000    0.00000000
    0.00000000
    0.00000000    0.00000000    1.00000000    0.00000000    0.00000000
    0.00000000
    0.00000000    1.00000000    0.00000000    0.00000000    0.00000000
    0.00000000
    1.00000000    0.00000000    0.00000000    0.00000000    0.00000000
    0.00000000

   1.319618   0.693698   0.364664   0.191697   0.100771

    0.00000000    0.00000000    0.00000000    0.00000000    1.00000000
    0.00000000    0.00000000    0.00000000    1.00000000    0.00000000
    0.00000000    0.00000000    1.00000000    0.00000000    0.00000000
    0.00000000    1.00000000    0.00000000    0.00000000    0.00000000
    1.00000000    0.00000000    0.00000000    0.00000000    0.00000000

   1.231970   0.641440   0.333973   0.173887

    0.00000000    0.00000000    0.00000000    1.00000000
    0.00000000    0.00000000    1.00000000    0.00000000
    0.00000000    1.00000000    0.00000000    0.00000000
    1.00000000    0.00000000    0.00000000    0.00000000

   1.090658   0.539234   0.266604

    0.00000000    0.00000000    1.00000000
    0.00000000    1.00000000    0.00000000
    1.00000000    0.00000000    0.00000000

   0.877472   0.350989

    0.00000000    1.00000000
    1.00000000    0.00000000

P:aug-cc-pVDZ-ccECP
ccECP aug-cc-pVDZ for P | source recipes/P/ccECP/P.aug-cc-pVDZ.gamess | ccECP from Chandler Bennett et al. Journal of Chemical Physics 149, 104108 (2018) https://doi.org/10.1063/1.5038135

  3
    0    1    2
    3    3    2
   12   12    2

   5.054268   3.094719   1.894891   1.160239   0.710412
   0.434984   0.423189   0.266340   0.163080   0.099853
   0.090090   0.061140

     0.001781   0.00000000   0.00000000
     0.077653   0.00000000   0.00000000
    -0.312344   0.00000000   0.00000000
    -0.045804   0.00000000   0.00000000
    -0.029427   0.00000000   0.00000000
     0.318560   0.00000000   0.00000000
   0.00000000     1.000000   0.00000000
     0.309169   0.00000000   0.00000000
     0.376899   0.00000000   0.00000000
     0.152113   0.00000000   0.00000000
   0.00000000   0.00000000     1.000000
     0.054943   0.00000000   0.00000000

   5.861284   3.406365   1.979655   1.150503   0.668631
   0.392030   0.388584   0.243925   0.225831   0.131245
   0.076275   0.044328

    -0.003160   0.00000000   0.00000000
     0.007462   0.00000000   0.00000000
    -0.060893   0.00000000   0.00000000
     0.015297   0.00000000   0.00000000
     0.123431   0.00000000   0.00000000
   0.00000000     1.000000   0.00000000
     0.257276   0.00000000   0.00000000
   0.00000000   0.00000000     1.000000
     0.305131   0.00000000   0.00000000
     0.276016   0.00000000   0.00000000
     0.134133   0.00000000   0.00000000
     0.040073   0.00000000   0.00000000

   0.386250   0.127408

     1.000000   0.00000000
   0.00000000     1.000000

P:aug-cc-pVQZ-ccECP
ccECP aug-cc-pVQZ for P | source recipes/P/ccECP/P.aug-cc-pVQZ.gamess | ccECP from Chandler Bennett et al. Journal of Chemical Physics 149, 104108 (2018) https://doi.org/10.1063/1.5038135

  5
    0    1    2    3    4
    5    5    4    3    2
   14   14    4    3    2

   5.054268   3.094719   1.894891   1.160239   0.710412
   0.636005   0.434984   0.266340   0.258590   0.163080
   0.105139   0.099853   0.061140   0.050176

     0.001781   0.00000000   0.00000000   0.00000000   0.00000000
     0.077653   0.00000000   0.00000000   0.00000000   0.00000000
    -0.312344   0.00000000   0.00000000   0.00000000   0.00000000
    -0.045804   0.00000000   0.00000000   0.00000000   0.00000000
    -0.029427   0.00000000   0.00000000   0.00000000   0.00000000
   0.00000000     1.000000   0.00000000   0.00000000   0.00000000
     0.318560   0.00000000   0.00000000   0.00000000   0.00000000
     0.309169   0.00000000   0.00000000   0.00000000   0.00000000
   0.00000000   0.00000000     1.000000   0.00000000   0.00000000
     0.376899   0.00000000   0.00000000   0.00000000   0.00000000
   0.00000000   0.00000000   0.00000000     1.000000   0.00000000
     0.152113   0.00000000   0.00000000   0.00000000   0.00000000
     0.054943   0.00000000   0.00000000   0.00000000   0.00000000
   0.00000000   0.00000000   0.00000000   0.00000000     1.000000

   5.861284   3.406365   1.979655   1.653678   1.150503
   0.679946   0.668631   0.388584   0.279575   0.225831
   0.131245   0.123990   0.076275   0.044328

    -0.003160   0.00000000   0.00000000   0.00000000   0.00000000
     0.007462   0.00000000   0.00000000   0.00000000   0.00000000
    -0.060893   0.00000000   0.00000000   0.00000000   0.00000000
   0.00000000     1.000000   0.00000000   0.00000000   0.00000000
     0.015297   0.00000000   0.00000000   0.00000000   0.00000000
   0.00000000   0.00000000     1.000000   0.00000000   0.00000000
     0.123431   0.00000000   0.00000000   0.00000000   0.00000000
     0.257276   0.00000000   0.00000000   0.00000000   0.00000000
   0.00000000   0.00000000   0.00000000     1.000000   0.00000000
     0.305131   0.00000000   0.00000000   0.00000000   0.00000000
     0.276016   0.00000000   0.00000000   0.00000000   0.00000000
   0.00000000   0.00000000   0.00000000   0.00000000     1.000000
     0.134133   0.00000000   0.00000000   0.00000000   0.00000000
     0.040073   0.00000000   0.00000000   0.00000000   0.00000000

   1.375779   0.502887   0.183820   0.070223

     1.000000   0.00000000   0.00000000   0.00000000
   0.00000000     1.000000   0.00000000   0.00000000
   0.00000000   0.00000000     1.000000   0.00000000
   0.00000000   0.00000000   0.00000000     1.000000

   0.726730   0.284724   0.113959

     1.000000   0.00000000   0.00000000
   0.00000000     1.000000   0.00000000
   0.00000000   0.00000000     1.000000

   0.594990   0.246805

     1.000000   0.00000000
   0.00000000     1.000000

P:aug-cc-pVTZ-ccECP
ccECP aug-cc-pVTZ for P | source recipes/P/ccECP/P.aug-cc-pVTZ.gamess | ccECP from Chandler Bennett et al. Journal of Chemical Physics 149, 104108 (2018) https://doi.org/10.1063/1.5038135

  4
    0    1    2    3
    4    4    3    2
   13   13    3    2

   5.054268   3.094719   1.894891   1.160239   0.710412
   0.677625   0.434984   0.266340   0.163080   0.117987
   0.099853   0.066872   0.061140

     0.001781   0.00000000   0.00000000   0.00000000
     0.077653   0.00000000   0.00000000   0.00000000
    -0.312344   0.00000000   0.00000000   0.00000000
    -0.045804   0.00000000   0.00000000   0.00000000
    -0.029427   0.00000000   0.00000000   0.00000000
   0.00000000     1.000000   0.00000000   0.00000000
     0.318560   0.00000000   0.00000000   0.00000000
     0.309169   0.00000000   0.00000000   0.00000000
     0.376899   0.00000000   0.00000000   0.00000000
   0.00000000   0.00000000     1.000000   0.00000000
     0.152113   0.00000000   0.00000000   0.00000000
   0.00000000   0.00000000   0.00000000     1.000000
     0.054943   0.00000000   0.00000000   0.00000000

   5.861284   3.406365   1.979655   1.150503   0.668631
   0.566577   0.388584   0.225831   0.131245   0.097308
   0.076275   0.044328   0.030303

    -0.003160   0.00000000   0.00000000   0.00000000
     0.007462   0.00000000   0.00000000   0.00000000
    -0.060893   0.00000000   0.00000000   0.00000000
     0.015297   0.00000000   0.00000000   0.00000000
     0.123431   0.00000000   0.00000000   0.00000000
   0.00000000     1.000000   0.00000000   0.00000000
     0.257276   0.00000000   0.00000000   0.00000000
     0.305131   0.00000000   0.00000000   0.00000000
     0.276016   0.00000000   0.00000000   0.00000000
   0.00000000   0.00000000     1.000000   0.00000000
     0.134133   0.00000000   0.00000000   0.00000000
     0.040073   0.00000000   0.00000000   0.00000000
   0.00000000   0.00000000   0.00000000     1.000000

   0.725126   0.230876   0.080290

     1.000000   0.00000000   0.00000000
   0.00000000     1.000000   0.00000000
   0.00000000   0.00000000     1.000000

   0.463938   0.166814

     1.000000   0.00000000
   0.00000000     1.000000

P:cc-pV5Z-ccECP
ccECP cc-pV5Z for P | source recipes/P/ccECP/P.cc-pV5Z.gamess | ccECP from Chandler Bennett et al. Journal of Chemical Physics 149, 104108 (2018) https://doi.org/10.1063/1.5038135

  6
    0    1    2    3    4    5
    5    5    4    3    2    1
   14   14    4    3    2    1

   5.054268   3.094719   1.894891   1.160239   0.880402
   0.710412   0.434984   0.402152   0.266340   0.183696
   0.163080   0.099853   0.083909   0.061140

     0.001781   0.00000000   0.00000000   0.00000000   0.00000000
     0.077653   0.00000000   0.00000000   0.00000000   0.00000000
    -0.312344   0.00000000   0.00000000   0.00000000   0.00000000
    -0.045804   0.00000000   0.00000000   0.00000000   0.00000000
   0.00000000     1.000000   0.00000000   0.00000000   0.00000000
    -0.029427   0.00000000   0.00000000   0.00000000   0.00000000
     0.318560   0.00000000   0.00000000   0.00000000   0.00000000
   0.00000000   0.00000000     1.000000   0.00000000   0.00000000
     0.309169   0.00000000   0.00000000   0.00000000   0.00000000
   0.00000000   0.00000000   0.00000000     1.000000   0.00000000
     0.376899   0.00000000   0.00000000   0.00000000   0.00000000
     0.152113   0.00000000   0.00000000   0.00000000   0.00000000
   0.00000000   0.00000000   0.00000000   0.00000000     1.000000
     0.054943   0.00000000   0.00000000   0.00000000   0.00000000

   5.861284   3.406365   1.979655   1.818940   1.150503
   0.887311   0.668631   0.432846   0.388584   0.225831
   0.211150   0.131245   0.076275   0.044328

    -0.003160   0.00000000   0.00000000   0.00000000   0.00000000
     0.007462   0.00000000   0.00000000   0.00000000   0.00000000
    -0.060893   0.00000000   0.00000000   0.00000000   0.00000000
   0.00000000     1.000000   0.00000000   0.00000000   0.00000000
     0.015297   0.00000000   0.00000000   0.00000000   0.00000000
   0.00000000   0.00000000     1.000000   0.00000000   0.00000000
     0.123431   0.00000000   0.00000000   0.00000000   0.00000000
   0.00000000   0.00000000   0.00000000     1.000000   0.00000000
     0.257276   0.00000000   0.00000000   0.00000000   0.00000000
     0.305131   0.00000000   0.00000000   0.00000000   0.00000000
   0.00000000   0.00000000   0.00000000   0.00000000     1.000000
     0.276016   0.00000000   0.00000000   0.00000000   0.00000000
     0.134133   0.00000000   0.00000000   0.00000000   0.00000000
     0.040073   0.00000000   0.00000000   0.00000000   0.00000000

   2.631593   1.041129   0.411898   0.162958

     1.000000   0.00000000   0.00000000   0.00000000
   0.00000000     1.000000   0.00000000   0.00000000
   0.00000000   0.00000000     1.000000   0.00000000
   0.00000000   0.00000000   0.00000000     1.000000

   1.006219   0.473918   0.223210

     1.000000   0.00000000   0.00000000
   0.00000000     1.000000   0.00000000
   0.00000000   0.00000000     1.000000

   0.912065   0.408483

     1.000000   0.00000000
   0.00000000     1.000000

   0.739580

     1.000000

P:cc-pV6Z-ccECP
ccECP cc-pV6Z for P | source recipes/P/ccECP/P.cc-pV6Z.gamess | ccECP from Chandler Bennett et al. Journal of Chemical Physics 149, 104108 (2018) https://doi.org/10.1063/1.5038135

  7
    0    1    2    3    4    5    6
    6    6    5    4    3    2    1
   15   15    5    4    3    2    1

   5.054268   3.094719   1.894891   1.160239   0.889032
   0.710412   0.472563   0.434984   0.266340   0.251190
   0.163080   0.133520   0.099853   0.070972   0.061140

    0.00178100    0.00000000    0.00000000    0.00000000    0.00000000
    0.00000000
    0.07765300    0.00000000    0.00000000    0.00000000    0.00000000
    0.00000000
   -0.31234400    0.00000000    0.00000000    0.00000000    0.00000000
    0.00000000
   -0.04580400    0.00000000    0.00000000    0.00000000    0.00000000
    0.00000000
    0.00000000    0.00000000    0.00000000    0.00000000    0.00000000
    1.00000000
   -0.02942700    0.00000000    0.00000000    0.00000000    0.00000000
    0.00000000
    0.00000000    0.00000000    0.00000000    0.00000000    1.00000000
    0.00000000
    0.31856000    0.00000000    0.00000000    0.00000000    0.00000000
    0.00000000
    0.30916900    0.00000000    0.00000000    0.00000000    0.00000000
    0.00000000
    0.00000000    0.00000000    0.00000000    1.00000000    0.00000000
    0.00000000
    0.37689900    0.00000000    0.00000000    0.00000000    0.00000000
    0.00000000
    0.00000000    0.00000000    1.00000000    0.00000000    0.00000000
    0.00000000
    0.15211300    0.00000000    0.00000000    0.00000000    0.00000000
    0.00000000
    0.00000000    1.00000000    0.00000000    0.00000000    0.00000000
    0.00000000
    0.05494300    0.00000000    0.00000000    0.00000000    0.00000000
    0.00000000

   5.861284   3.406365   1.979655   1.213271   1.150503
   0.668631   0.572540   0.388584   0.270181   0.225831
   0.131245   0.127498   0.076275   0.060166   0.044328

   -0.00316000    0.00000000    0.00000000    0.00000000    0.00000000
    0.00000000
    0.00746200    0.00000000    0.00000000    0.00000000    0.00000000
    0.00000000
   -0.06089300    0.00000000    0.00000000    0.00000000    0.00000000
    0.00000000
    0.00000000    0.00000000    0.00000000    0.00000000    0.00000000
    1.00000000
    0.01529700    0.00000000    0.00000000    0.00000000    0.00000000
    0.00000000
    0.12343100    0.00000000    0.00000000    0.00000000    0.00000000
    0.00000000
    0.00000000    0.00000000    0.00000000    0.00000000    1.00000000
    0.00000000
    0.25727600    0.00000000    0.00000000    0.00000000    0.00000000
    0.00000000
    0.00000000    0.00000000    0.00000000    1.00000000    0.00000000
    0.00000000
    0.30513100    0.00000000    0.00000000    0.00000000    0.00000000
    0.00000000
    0.27601600    0.00000000    0.00000000    0.00000000    0.00000000
    0.00000000
    0.00000000    0.00000000    1.00000000    0.00000000    0.00000000
    0.00000000
    0.13413300    0.00000000    0.00000000    0.00000000    0.00000000
    0.00000000
    0.00000000    1.00000000    0.00000000    0.00000000    0.00000000
    0.00000000
    0.04007300    0.00000000    0.00000000    0.00000000    0.00000000
    0.00000000

   3.080200   1.398679   0.635122   0.288401   0.130959

    0.00000000    0.00000000    0.00000000    0.00000000    1.00000000
    0.00000000    0.00000000    0.00000000    1.00000000    0.00000000
    0.00000000    0.00000000    1.00000000    0.00000000    0.00000000
    0.00000000    1.00000000    0.00000000    0.00000000    0.00000000
    1.00000000    0.00000000    0.00000000    0.00000000    0.00000000

   1.319618   0.693698   0.364664   0.191697

    0.00000000    0.00000000    0.00000000    1.00000000
    0.00000000    0.00000000    1.00000000    0.00000000
    0.00000000    1.00000000    0.00000000    0.00000000
    1.00000000    0.00000000    0.00000000    0.00000000

   1.231970   0.641440   0.333973

    0.00000000    0.00000000    1.00000000
    0.00000000    1.00000000    0.00000000
    1.00000000    0.00000000    0.00000000

   1.090658   0.539234

    0.00000000    1.00000000
    1.00000000    0.00000000

   0.877472

    1.00000000

P:cc-pVDZ-ccECP
ccECP cc-pVDZ for P | source recipes/P/ccECP/P.cc-pVDZ.gamess | ccECP from Chandler Bennett et al. Journal of Chemical Physics 149, 104108 (2018) https://doi.org/10.1063/1.5038135

  3
    0    1    2
    2    2    1
   11   11    1

   5.054268   3.094719   1.894891   1.160239   0.710412
   0.434984   0.423189   0.266340   0.163080   0.099853
   0.061140

     0.001781   0.00000000
     0.077653   0.00000000
    -0.312344   0.00000000
    -0.045804   0.00000000
    -0.029427   0.00000000
     0.318560   0.00000000
   0.00000000     1.000000
     0.309169   0.00000000
     0.376899   0.00000000
     0.152113   0.00000000
     0.054943   0.00000000

   5.861284   3.406365   1.979655   1.150503   0.668631
   0.392030   0.388584   0.225831   0.131245   0.076275
   0.044328

    -0.003160   0.00000000
     0.007462   0.00000000
    -0.060893   0.00000000
     0.015297   0.00000000
     0.123431   0.00000000
   0.00000000     1.000000
     0.257276   0.00000000
     0.305131   0.00000000
     0.276016   0.00000000
     0.134133   0.00000000
     0.040073   0.00000000

   0.386250

     1.000000

P:cc-pVQZ-ccECP
ccECP cc-pVQZ for P | source recipes/P/ccECP/P.cc-pVQZ.gamess | ccECP from Chandler Bennett et al. Journal of Chemical Physics 149, 104108 (2018) https://doi.org/10.1063/1.5038135

  5
    0    1    2    3    4
    4    4    3    2    1
   13   13    3    2    1

   5.054268   3.094719   1.894891   1.160239   0.710412
   0.636005   0.434984   0.266340   0.258590   0.163080
   0.105139   0.099853   0.061140

     0.001781   0.00000000   0.00000000   0.00000000
     0.077653   0.00000000   0.00000000   0.00000000
    -0.312344   0.00000000   0.00000000   0.00000000
    -0.045804   0.00000000   0.00000000   0.00000000
    -0.029427   0.00000000   0.00000000   0.00000000
   0.00000000     1.000000   0.00000000   0.00000000
     0.318560   0.00000000   0.00000000   0.00000000
     0.309169   0.00000000   0.00000000   0.00000000
   0.00000000   0.00000000     1.000000   0.00000000
     0.376899   0.00000000   0.00000000   0.00000000
   0.00000000   0.00000000   0.00000000     1.000000
     0.152113   0.00000000   0.00000000   0.00000000
     0.054943   0.00000000   0.00000000   0.00000000

   5.861284   3.406365   1.979655   1.653678   1.150503
   0.679946   0.668631   0.388584   0.279575   0.225831
   0.131245   0.076275   0.044328

    -0.003160   0.00000000   0.00000000   0.00000000
     0.007462   0.00000000   0.00000000   0.00000000
    -0.060893   0.00000000   0.00000000   0.00000000
   0.00000000     1.000000   0.00000000   0.00000000
     0.015297   0.00000000   0.00000000   0.00000000
   0.00000000   0.00000000     1.000000   0.00000000
     0.123431   0.00000000   0.00000000   0.00000000
     0.257276   0.00000000   0.00000000   0.00000000
   0.00000000   0.00000000   0.00000000     1.000000
     0.305131   0.00000000   0.00000000   0.00000000
     0.276016   0.00000000   0.00000000   0.00000000
     0.134133   0.00000000   0.00000000   0.00000000
     0.040073   0.00000000   0.00000000   0.00000000

   1.375779   0.502887   0.183820

     1.000000   0.00000000   0.00000000
   0.00000000     1.000000   0.00000000
   0.00000000   0.00000000     1.000000

   0.726730   0.284724

     1.000000   0.00000000
   0.00000000     1.000000

   0.594990

     1.000000

P:cc-pVTZ-ccECP
ccECP cc-pVTZ for P | source recipes/P/ccECP/P.cc-pVTZ.gamess | ccECP from Chandler Bennett et al. Journal of Chemical Physics 149, 104108 (2018) https://doi.org/10.1063/1.5038135

  4
    0    1    2    3
    3    3    2    1
   12   12    2    1

   5.054268   3.094719   1.894891   1.160239   0.710412
   0.677625   0.434984   0.266340   0.163080   0.117987
   0.099853   0.061140

     0.001781   0.00000000   0.00000000
     0.077653   0.00000000   0.00000000
    -0.312344   0.00000000   0.00000000
    -0.045804   0.00000000   0.00000000
    -0.029427   0.00000000   0.00000000
   0.00000000     1.000000   0.00000000
     0.318560   0.00000000   0.00000000
     0.309169   0.00000000   0.00000000
     0.376899   0.00000000   0.00000000
   0.00000000   0.00000000     1.000000
     0.152113   0.00000000   0.00000000
     0.054943   0.00000000   0.00000000

   5.861284   3.406365   1.979655   1.150503   0.668631
   0.566577   0.388584   0.225831   0.131245   0.097308
   0.076275   0.044328

    -0.003160   0.00000000   0.00000000
     0.007462   0.00000000   0.00000000
    -0.060893   0.00000000   0.00000000
     0.015297   0.00000000   0.00000000
     0.123431   0.00000000   0.00000000
   0.00000000     1.000000   0.00000000
     0.257276   0.00000000   0.00000000
     0.305131   0.00000000   0.00000000
     0.276016   0.00000000   0.00000000
   0.00000000   0.00000000     1.000000
     0.134133   0.00000000   0.00000000
     0.040073   0.00000000   0.00000000

   0.725126   0.230876

     1.000000   0.00000000
   0.00000000     1.000000

   0.463938

     1.000000

