
Cd:aug-cc-pCV5Z-ccECP
ccECP aug-cc-pCV5Z for Cd | source recipes/Cd/ccECP/Cd.aug-cc-pCV5Z.gamess | ccECP from Omar Madany et al. Journal of Chemical Physics (2025) https://doi.org/10.1063/5.0285320

  7
    0    1    2    3    4    5    6
   10   10    9    6    5    4    3
   16   16   16    6    5    4    3

   260.691187   123.761680    58.755164    27.893685    13.242371
     6.286741     5.721318     2.984595     1.416920     1.124569
     0.672675     0.319349     0.151609     0.071975     0.034170
     0.013668

    -0.000010     0.000050    -0.000039    -0.000830    -0.005281    -0.003124
   0.00000000   0.00000000   0.00000000   0.00000000
    -0.000020    -0.000230     0.000161     0.004179     0.026416     0.014819
   0.00000000   0.00000000   0.00000000   0.00000000
     0.001270     0.000430     0.000103    -0.013752    -0.083187    -0.039519
   0.00000000   0.00000000   0.00000000   0.00000000
    -0.023880     0.004520    -0.013372     0.054572     0.250442     0.033285
   0.00000000   0.00000000   0.00000000   0.00000000
     0.248870    -0.068700     0.172036    -0.336154    -0.985203     0.642654
   0.00000000   0.00000000   0.00000000   0.00000000
    -0.787110     0.244860    -0.628939     1.157708     3.313913    -4.313239
   0.00000000   0.00000000   0.00000000   0.00000000
   0.00000000   0.00000000   0.00000000   0.00000000   0.00000000   0.00000000
   0.00000000   0.00000000     1.000000   0.00000000
     0.112160    -0.056120     0.168698    -0.676469    -5.262383    11.135193
   0.00000000   0.00000000   0.00000000   0.00000000
     0.892570    -0.345710     1.331297    -2.742551     1.934949   -15.579024
   0.00000000   0.00000000   0.00000000   0.00000000
   0.00000000   0.00000000   0.00000000   0.00000000   0.00000000   0.00000000
   0.00000000   0.00000000   0.00000000     1.000000
     0.338590    -0.249800    -0.072102     3.816181     4.475636    14.896682
   0.00000000   0.00000000   0.00000000   0.00000000
     0.029910     0.033940    -1.495996    -0.075145    -7.755094    -9.918317
   0.00000000   0.00000000   0.00000000   0.00000000
    -0.004320     0.403650    -0.390976    -2.587895     5.307085     3.430395
   0.00000000   0.00000000   0.00000000   0.00000000
     0.002450     0.524940     0.812514     0.831611    -0.788776     0.865375
   0.00000000   0.00000000   0.00000000   0.00000000
    -0.000680     0.229070     0.370786     0.672149    -0.747799    -1.129413
     1.000000   0.00000000   0.00000000   0.00000000
   0.00000000   0.00000000   0.00000000   0.00000000   0.00000000   0.00000000
   0.00000000     1.000000   0.00000000   0.00000000

    48.715261    26.348130    14.250646     7.707603     4.168733
     2.254700     1.642679     1.219477     0.758881     0.659566
     0.356733     0.192943     0.104355     0.056441     0.030527
     0.012211

    -0.000110     0.000127    -0.000300    -0.001545    -0.016445     0.034558
   0.00000000   0.00000000   0.00000000   0.00000000
    -0.001870     0.000156    -0.000180     0.010831     0.090350    -0.194983
   0.00000000   0.00000000   0.00000000   0.00000000
     0.050170    -0.017138     0.037990    -0.089634    -0.386392     0.848380
   0.00000000   0.00000000   0.00000000   0.00000000
    -0.242320     0.093059    -0.211757     0.388609     1.334446    -3.286644
   0.00000000   0.00000000   0.00000000   0.00000000
     0.020050    -0.016565     0.000171     0.003244    -1.578384     7.246131
   0.00000000   0.00000000   0.00000000   0.00000000
     0.432730    -0.184838     0.666176    -1.841392    -2.145062    -7.129535
   0.00000000   0.00000000   0.00000000   0.00000000
   0.00000000   0.00000000   0.00000000   0.00000000   0.00000000   0.00000000
   0.00000000   0.00000000     1.000000   0.00000000
     0.447380    -0.221818     0.488915     0.927966     5.729977     1.545311
   0.00000000   0.00000000   0.00000000   0.00000000
   0.00000000   0.00000000   0.00000000   0.00000000   0.00000000   0.00000000
   0.00000000   0.00000000   0.00000000     1.000000
     0.226440    -0.102233    -0.647660     1.898039    -4.083797     5.112533
   0.00000000   0.00000000   0.00000000   0.00000000
     0.041500     0.188564    -0.958755    -1.309706    -0.513436    -7.824017
   0.00000000   0.00000000   0.00000000   0.00000000
     0.007700     0.466827     0.092565    -1.116253     2.320668     5.344222
   0.00000000   0.00000000   0.00000000   0.00000000
    -0.000930     0.391385     0.630474     0.742109    -0.562824    -1.253172
   0.00000000   0.00000000   0.00000000   0.00000000
     0.000970     0.118111     0.235654     0.433130    -0.539284    -0.231077
   0.00000000   0.00000000   0.00000000   0.00000000
    -0.000220     0.007839     0.016803     0.035160    -0.045673    -0.189934
     1.000000   0.00000000   0.00000000   0.00000000
   0.00000000   0.00000000   0.00000000   0.00000000   0.00000000   0.00000000
   0.00000000     1.000000   0.00000000   0.00000000

    47.798938    26.432995    14.617547     8.083560     5.202071
     4.470239     2.472059     1.367058     0.755988     0.706398
     0.418065     0.231191     0.127850     0.070701     0.039098
     0.015639

     0.000010     0.000038    -0.000364    -0.002924    -0.006164   0.00000000
   0.00000000   0.00000000   0.00000000
     0.000510    -0.001128     0.000605     0.012291     0.027193   0.00000000
   0.00000000   0.00000000   0.00000000
     0.008910    -0.011232    -0.020310    -0.067961    -0.134772   0.00000000
   0.00000000   0.00000000   0.00000000
    -0.034020     0.048265     0.086741     0.267737     0.599541   0.00000000
   0.00000000   0.00000000   0.00000000
   0.00000000   0.00000000   0.00000000   0.00000000   0.00000000   0.00000000
   0.00000000     1.000000   0.00000000
     0.074790    -0.130362    -0.232146    -0.810949    -2.419178   0.00000000
   0.00000000   0.00000000   0.00000000
     0.246780    -0.445040    -0.727831    -0.726170     2.085134   0.00000000
   0.00000000   0.00000000   0.00000000
     0.314950    -0.333196     0.240438     1.923763     1.092296   0.00000000
   0.00000000   0.00000000   0.00000000
     0.284340     0.166071     0.870683    -0.227840    -3.198514   0.00000000
   0.00000000   0.00000000   0.00000000
   0.00000000   0.00000000   0.00000000   0.00000000   0.00000000   0.00000000
   0.00000000   0.00000000     1.000000
     0.189280     0.424290     0.131086    -1.271666     1.874022   0.00000000
   0.00000000   0.00000000   0.00000000
     0.092230     0.323528    -0.545235     0.194787     0.488080   0.00000000
   0.00000000   0.00000000   0.00000000
     0.026060     0.122136    -0.369293     0.594683    -0.633193   0.00000000
   0.00000000   0.00000000   0.00000000
     0.003490     0.019594    -0.075291     0.140111    -0.282055   0.00000000
   0.00000000   0.00000000   0.00000000
     0.000020     0.000624    -0.004557     0.013466    -0.011294     1.000000
   0.00000000   0.00000000   0.00000000
   0.00000000   0.00000000   0.00000000   0.00000000   0.00000000   0.00000000
     1.000000   0.00000000   0.00000000

     5.818982     3.432701     2.360262     0.957356     0.388317
     0.155327

     1.000000   0.00000000   0.00000000   0.00000000   0.00000000   0.00000000
   0.00000000   0.00000000   0.00000000   0.00000000   0.00000000     1.000000
   0.00000000     1.000000   0.00000000   0.00000000   0.00000000   0.00000000
   0.00000000   0.00000000     1.000000   0.00000000   0.00000000   0.00000000
   0.00000000   0.00000000   0.00000000     1.000000   0.00000000   0.00000000
   0.00000000   0.00000000   0.00000000   0.00000000     1.000000   0.00000000

     4.049985     3.691451     1.600763     0.694156     0.277662

   0.00000000   0.00000000   0.00000000   0.00000000     1.000000
     1.000000   0.00000000   0.00000000   0.00000000   0.00000000
   0.00000000     1.000000   0.00000000   0.00000000   0.00000000
   0.00000000   0.00000000     1.000000   0.00000000   0.00000000
   0.00000000   0.00000000   0.00000000     1.000000   0.00000000

     4.551536     3.067208     1.189374     0.475750

   0.00000000   0.00000000   0.00000000     1.000000
     1.000000   0.00000000   0.00000000   0.00000000
   0.00000000     1.000000   0.00000000   0.00000000
   0.00000000   0.00000000     1.000000   0.00000000

     4.669940     2.519763     1.007905

   0.00000000   0.00000000     1.000000
     1.000000   0.00000000   0.00000000
   0.00000000     1.000000   0.00000000

Cd:aug-cc-pCVDZ-ccECP
ccECP aug-cc-pCVDZ for Cd | source recipes/Cd/ccECP/Cd.aug-cc-pCVDZ.gamess | ccECP from Omar Madany et al. Journal of Chemical Physics (2025) https://doi.org/10.1063/5.0285320

  4
    0    1    2    3
    6    6    5    3
   15   15   15    3

   260.691187   123.761680    58.755164    27.893685    13.242371
     6.286741     2.984595     2.392050     1.416920     0.672675
     0.319349     0.151609     0.071975     0.034170     0.013668

    -0.000010     0.000050    -0.000039   0.00000000   0.00000000   0.00000000
    -0.000020    -0.000230     0.000161   0.00000000   0.00000000   0.00000000
     0.001270     0.000430     0.000103   0.00000000   0.00000000   0.00000000
    -0.023880     0.004520    -0.013372   0.00000000   0.00000000   0.00000000
     0.248870    -0.068700     0.172036   0.00000000   0.00000000   0.00000000
    -0.787110     0.244860    -0.628939   0.00000000   0.00000000   0.00000000
     0.112160    -0.056120     0.168698   0.00000000   0.00000000   0.00000000
   0.00000000   0.00000000   0.00000000   0.00000000   0.00000000     1.000000
     0.892570    -0.345710     1.331297   0.00000000   0.00000000   0.00000000
     0.338590    -0.249800    -0.072102   0.00000000   0.00000000   0.00000000
     0.029910     0.033940    -1.495996   0.00000000   0.00000000   0.00000000
    -0.004320     0.403650    -0.390976   0.00000000   0.00000000   0.00000000
     0.002450     0.524940     0.812514   0.00000000   0.00000000   0.00000000
    -0.000680     0.229070     0.370786     1.000000   0.00000000   0.00000000
   0.00000000   0.00000000   0.00000000   0.00000000     1.000000   0.00000000

    48.715261    26.348130    14.250646     7.707603     4.168733
     2.738249     2.254700     1.219477     0.659566     0.356733
     0.192943     0.104355     0.056441     0.030527     0.012211

    -0.000110     0.000127    -0.000300   0.00000000   0.00000000   0.00000000
    -0.001870     0.000156    -0.000180   0.00000000   0.00000000   0.00000000
     0.050170    -0.017138     0.037990   0.00000000   0.00000000   0.00000000
    -0.242320     0.093059    -0.211757   0.00000000   0.00000000   0.00000000
     0.020050    -0.016565     0.000171   0.00000000   0.00000000   0.00000000
   0.00000000   0.00000000   0.00000000   0.00000000   0.00000000     1.000000
     0.432730    -0.184838     0.666176   0.00000000   0.00000000   0.00000000
     0.447380    -0.221818     0.488915   0.00000000   0.00000000   0.00000000
     0.226440    -0.102233    -0.647660   0.00000000   0.00000000   0.00000000
     0.041500     0.188564    -0.958755   0.00000000   0.00000000   0.00000000
     0.007700     0.466827     0.092565   0.00000000   0.00000000   0.00000000
    -0.000930     0.391385     0.630474   0.00000000   0.00000000   0.00000000
     0.000970     0.118111     0.235654   0.00000000   0.00000000   0.00000000
    -0.000220     0.007839     0.016803     1.000000   0.00000000   0.00000000
   0.00000000   0.00000000   0.00000000   0.00000000     1.000000   0.00000000

    47.798938    26.432995    14.617547     8.083560     4.470239
     2.753560     2.472059     1.367058     0.755988     0.418065
     0.231191     0.127850     0.070701     0.039098     0.015639

     0.000010     0.000038   0.00000000   0.00000000   0.00000000
     0.000510    -0.001128   0.00000000   0.00000000   0.00000000
     0.008910    -0.011232   0.00000000   0.00000000   0.00000000
    -0.034020     0.048265   0.00000000   0.00000000   0.00000000
     0.074790    -0.130362   0.00000000   0.00000000   0.00000000
   0.00000000   0.00000000   0.00000000   0.00000000     1.000000
     0.246780    -0.445040   0.00000000   0.00000000   0.00000000
     0.314950    -0.333196   0.00000000   0.00000000   0.00000000
     0.284340     0.166071   0.00000000   0.00000000   0.00000000
     0.189280     0.424290   0.00000000   0.00000000   0.00000000
     0.092230     0.323528   0.00000000   0.00000000   0.00000000
     0.026060     0.122136   0.00000000   0.00000000   0.00000000
     0.003490     0.019594   0.00000000   0.00000000   0.00000000
     0.000020     0.000624     1.000000   0.00000000   0.00000000
   0.00000000   0.00000000   0.00000000     1.000000   0.00000000

     3.798065     1.473056     0.589222

   0.00000000   0.00000000     1.000000
     1.000000   0.00000000   0.00000000
   0.00000000     1.000000   0.00000000

Cd:aug-cc-pCVQZ-ccECP
ccECP aug-cc-pCVQZ for Cd | source recipes/Cd/ccECP/Cd.aug-cc-pCVQZ.gamess | ccECP from Omar Madany et al. Journal of Chemical Physics (2025) https://doi.org/10.1063/5.0285320

  6
    0    1    2    3    4    5
    9    9    8    5    4    3
   16   16   16    5    4    3

   260.691187   123.761680    58.755164    27.893685    13.242371
     7.573040     6.286741     2.984595     1.416920     0.688367
     0.672675     0.319349     0.151609     0.071975     0.034170
     0.013668

    -0.000010     0.000050    -0.000039    -0.000830    -0.005281   0.00000000
   0.00000000   0.00000000   0.00000000
    -0.000020    -0.000230     0.000161     0.004179     0.026416   0.00000000
   0.00000000   0.00000000   0.00000000
     0.001270     0.000430     0.000103    -0.013752    -0.083187   0.00000000
   0.00000000   0.00000000   0.00000000
    -0.023880     0.004520    -0.013372     0.054572     0.250442   0.00000000
   0.00000000   0.00000000   0.00000000
     0.248870    -0.068700     0.172036    -0.336154    -0.985203   0.00000000
   0.00000000   0.00000000   0.00000000
   0.00000000   0.00000000   0.00000000   0.00000000   0.00000000   0.00000000
   0.00000000     1.000000   0.00000000
    -0.787110     0.244860    -0.628939     1.157708     3.313913   0.00000000
   0.00000000   0.00000000   0.00000000
     0.112160    -0.056120     0.168698    -0.676469    -5.262383   0.00000000
   0.00000000   0.00000000   0.00000000
     0.892570    -0.345710     1.331297    -2.742551     1.934949   0.00000000
   0.00000000   0.00000000   0.00000000
   0.00000000   0.00000000   0.00000000   0.00000000   0.00000000   0.00000000
   0.00000000   0.00000000     1.000000
     0.338590    -0.249800    -0.072102     3.816181     4.475636   0.00000000
   0.00000000   0.00000000   0.00000000
     0.029910     0.033940    -1.495996    -0.075145    -7.755094   0.00000000
   0.00000000   0.00000000   0.00000000
    -0.004320     0.403650    -0.390976    -2.587895     5.307085   0.00000000
   0.00000000   0.00000000   0.00000000
     0.002450     0.524940     0.812514     0.831611    -0.788776   0.00000000
   0.00000000   0.00000000   0.00000000
    -0.000680     0.229070     0.370786     0.672149    -0.747799     1.000000
   0.00000000   0.00000000   0.00000000
   0.00000000   0.00000000   0.00000000   0.00000000   0.00000000   0.00000000
     1.000000   0.00000000   0.00000000

    48.715261    26.348130    14.250646     7.707603     4.168733
     3.468867     2.516066     2.254700     1.219477     0.659566
     0.356733     0.192943     0.104355     0.056441     0.030527
     0.012211

    -0.000110     0.000127    -0.000300    -0.001545    -0.016445   0.00000000
   0.00000000   0.00000000   0.00000000
    -0.001870     0.000156    -0.000180     0.010831     0.090350   0.00000000
   0.00000000   0.00000000   0.00000000
     0.050170    -0.017138     0.037990    -0.089634    -0.386392   0.00000000
   0.00000000   0.00000000   0.00000000
    -0.242320     0.093059    -0.211757     0.388609     1.334446   0.00000000
   0.00000000   0.00000000   0.00000000
     0.020050    -0.016565     0.000171     0.003244    -1.578384   0.00000000
   0.00000000   0.00000000   0.00000000
   0.00000000   0.00000000   0.00000000   0.00000000   0.00000000   0.00000000
   0.00000000     1.000000   0.00000000
   0.00000000   0.00000000   0.00000000   0.00000000   0.00000000   0.00000000
   0.00000000   0.00000000     1.000000
     0.432730    -0.184838     0.666176    -1.841392    -2.145062   0.00000000
   0.00000000   0.00000000   0.00000000
     0.447380    -0.221818     0.488915     0.927966     5.729977   0.00000000
   0.00000000   0.00000000   0.00000000
     0.226440    -0.102233    -0.647660     1.898039    -4.083797   0.00000000
   0.00000000   0.00000000   0.00000000
     0.041500     0.188564    -0.958755    -1.309706    -0.513436   0.00000000
   0.00000000   0.00000000   0.00000000
     0.007700     0.466827     0.092565    -1.116253     2.320668   0.00000000
   0.00000000   0.00000000   0.00000000
    -0.000930     0.391385     0.630474     0.742109    -0.562824   0.00000000
   0.00000000   0.00000000   0.00000000
     0.000970     0.118111     0.235654     0.433130    -0.539284   0.00000000
   0.00000000   0.00000000   0.00000000
    -0.000220     0.007839     0.016803     0.035160    -0.045673     1.000000
   0.00000000   0.00000000   0.00000000
   0.00000000   0.00000000   0.00000000   0.00000000   0.00000000   0.00000000
     1.000000   0.00000000   0.00000000

    47.798938    26.432995    14.617547     8.083560     5.057729
     4.470239     2.472059     2.103008     1.367058     0.755988
     0.418065     0.231191     0.127850     0.070701     0.039098
     0.015639

     0.000010     0.000038    -0.000364    -0.002924   0.00000000   0.00000000
   0.00000000   0.00000000
     0.000510    -0.001128     0.000605     0.012291   0.00000000   0.00000000
   0.00000000   0.00000000
     0.008910    -0.011232    -0.020310    -0.067961   0.00000000   0.00000000
   0.00000000   0.00000000
    -0.034020     0.048265     0.086741     0.267737   0.00000000   0.00000000
   0.00000000   0.00000000
   0.00000000   0.00000000   0.00000000   0.00000000   0.00000000   0.00000000
     1.000000   0.00000000
     0.074790    -0.130362    -0.232146    -0.810949   0.00000000   0.00000000
   0.00000000   0.00000000
     0.246780    -0.445040    -0.727831    -0.726170   0.00000000   0.00000000
   0.00000000   0.00000000
   0.00000000   0.00000000   0.00000000   0.00000000   0.00000000   0.00000000
   0.00000000     1.000000
     0.314950    -0.333196     0.240438     1.923763   0.00000000   0.00000000
   0.00000000   0.00000000
     0.284340     0.166071     0.870683    -0.227840   0.00000000   0.00000000
   0.00000000   0.00000000
     0.189280     0.424290     0.131086    -1.271666   0.00000000   0.00000000
   0.00000000   0.00000000
     0.092230     0.323528    -0.545235     0.194787   0.00000000   0.00000000
   0.00000000   0.00000000
     0.026060     0.122136    -0.369293     0.594683   0.00000000   0.00000000
   0.00000000   0.00000000
     0.003490     0.019594    -0.075291     0.140111   0.00000000   0.00000000
   0.00000000   0.00000000
     0.000020     0.000624    -0.004557     0.013466     1.000000   0.00000000
   0.00000000   0.00000000
   0.00000000   0.00000000   0.00000000   0.00000000   0.00000000     1.000000
   0.00000000   0.00000000

     3.929202     2.560065     1.427305     0.518477     0.207391

     1.000000   0.00000000   0.00000000   0.00000000   0.00000000
   0.00000000   0.00000000   0.00000000   0.00000000     1.000000
   0.00000000     1.000000   0.00000000   0.00000000   0.00000000
   0.00000000   0.00000000     1.000000   0.00000000   0.00000000
   0.00000000   0.00000000   0.00000000     1.000000   0.00000000

     4.130862     2.792512     1.020428     0.408171

   0.00000000   0.00000000   0.00000000     1.000000
     1.000000   0.00000000   0.00000000   0.00000000
   0.00000000     1.000000   0.00000000   0.00000000
   0.00000000   0.00000000     1.000000   0.00000000

     4.042013     1.948017     0.779207

   0.00000000   0.00000000     1.000000
     1.000000   0.00000000   0.00000000
   0.00000000     1.000000   0.00000000

Cd:aug-cc-pCVTZ-ccECP
ccECP aug-cc-pCVTZ for Cd | source recipes/Cd/ccECP/Cd.aug-cc-pCVTZ.gamess | ccECP from Omar Madany et al. Journal of Chemical Physics (2025) https://doi.org/10.1063/5.0285320

  5
    0    1    2    3    4
    8    8    7    4    3
   16   16   16    4    3

   260.691187   123.761680    58.755164    27.893685    13.242371
     6.715739     6.286741     2.984595     1.416920     0.672675
     0.394850     0.319349     0.151609     0.071975     0.034170
     0.013668

    -0.000010     0.000050    -0.000039    -0.000830   0.00000000   0.00000000
   0.00000000   0.00000000
    -0.000020    -0.000230     0.000161     0.004179   0.00000000   0.00000000
   0.00000000   0.00000000
     0.001270     0.000430     0.000103    -0.013752   0.00000000   0.00000000
   0.00000000   0.00000000
    -0.023880     0.004520    -0.013372     0.054572   0.00000000   0.00000000
   0.00000000   0.00000000
     0.248870    -0.068700     0.172036    -0.336154   0.00000000   0.00000000
   0.00000000   0.00000000
   0.00000000   0.00000000   0.00000000   0.00000000   0.00000000   0.00000000
     1.000000   0.00000000
    -0.787110     0.244860    -0.628939     1.157708   0.00000000   0.00000000
   0.00000000   0.00000000
     0.112160    -0.056120     0.168698    -0.676469   0.00000000   0.00000000
   0.00000000   0.00000000
     0.892570    -0.345710     1.331297    -2.742551   0.00000000   0.00000000
   0.00000000   0.00000000
     0.338590    -0.249800    -0.072102     3.816181   0.00000000   0.00000000
   0.00000000   0.00000000
   0.00000000   0.00000000   0.00000000   0.00000000   0.00000000   0.00000000
   0.00000000     1.000000
     0.029910     0.033940    -1.495996    -0.075145   0.00000000   0.00000000
   0.00000000   0.00000000
    -0.004320     0.403650    -0.390976    -2.587895   0.00000000   0.00000000
   0.00000000   0.00000000
     0.002450     0.524940     0.812514     0.831611   0.00000000   0.00000000
   0.00000000   0.00000000
    -0.000680     0.229070     0.370786     0.672149     1.000000   0.00000000
   0.00000000   0.00000000
   0.00000000   0.00000000   0.00000000   0.00000000   0.00000000     1.000000
   0.00000000   0.00000000

    48.715261    26.348130    14.250646     7.707603     4.168733
     4.060090     2.254700     1.525514     1.219477     0.659566
     0.356733     0.192943     0.104355     0.056441     0.030527
     0.012211

    -0.000110     0.000127    -0.000300    -0.001545   0.00000000   0.00000000
   0.00000000   0.00000000
    -0.001870     0.000156    -0.000180     0.010831   0.00000000   0.00000000
   0.00000000   0.00000000
     0.050170    -0.017138     0.037990    -0.089634   0.00000000   0.00000000
   0.00000000   0.00000000
    -0.242320     0.093059    -0.211757     0.388609   0.00000000   0.00000000
   0.00000000   0.00000000
     0.020050    -0.016565     0.000171     0.003244   0.00000000   0.00000000
   0.00000000   0.00000000
   0.00000000   0.00000000   0.00000000   0.00000000   0.00000000   0.00000000
     1.000000   0.00000000
     0.432730    -0.184838     0.666176    -1.841392   0.00000000   0.00000000
   0.00000000   0.00000000
   0.00000000   0.00000000   0.00000000   0.00000000   0.00000000   0.00000000
   0.00000000     1.000000
     0.447380    -0.221818     0.488915     0.927966   0.00000000   0.00000000
   0.00000000   0.00000000
     0.226440    -0.102233    -0.647660     1.898039   0.00000000   0.00000000
   0.00000000   0.00000000
     0.041500     0.188564    -0.958755    -1.309706   0.00000000   0.00000000
   0.00000000   0.00000000
     0.007700     0.466827     0.092565    -1.116253   0.00000000   0.00000000
   0.00000000   0.00000000
    -0.000930     0.391385     0.630474     0.742109   0.00000000   0.00000000
   0.00000000   0.00000000
     0.000970     0.118111     0.235654     0.433130   0.00000000   0.00000000
   0.00000000   0.00000000
    -0.000220     0.007839     0.016803     0.035160     1.000000   0.00000000
   0.00000000   0.00000000
   0.00000000   0.00000000   0.00000000   0.00000000   0.00000000     1.000000
   0.00000000   0.00000000

    47.798938    26.432995    14.617547     8.083560     4.470239
     4.113567     2.472059     1.424785     1.367058     0.755988
     0.418065     0.231191     0.127850     0.070701     0.039098
     0.015639

     0.000010     0.000038    -0.000364   0.00000000   0.00000000   0.00000000
   0.00000000
     0.000510    -0.001128     0.000605   0.00000000   0.00000000   0.00000000
   0.00000000
     0.008910    -0.011232    -0.020310   0.00000000   0.00000000   0.00000000
   0.00000000
    -0.034020     0.048265     0.086741   0.00000000   0.00000000   0.00000000
   0.00000000
     0.074790    -0.130362    -0.232146   0.00000000   0.00000000   0.00000000
   0.00000000
   0.00000000   0.00000000   0.00000000   0.00000000   0.00000000     1.000000
   0.00000000
     0.246780    -0.445040    -0.727831   0.00000000   0.00000000   0.00000000
   0.00000000
   0.00000000   0.00000000   0.00000000   0.00000000   0.00000000   0.00000000
     1.000000
     0.314950    -0.333196     0.240438   0.00000000   0.00000000   0.00000000
   0.00000000
     0.284340     0.166071     0.870683   0.00000000   0.00000000   0.00000000
   0.00000000
     0.189280     0.424290     0.131086   0.00000000   0.00000000   0.00000000
   0.00000000
     0.092230     0.323528    -0.545235   0.00000000   0.00000000   0.00000000
   0.00000000
     0.026060     0.122136    -0.369293   0.00000000   0.00000000   0.00000000
   0.00000000
     0.003490     0.019594    -0.075291   0.00000000   0.00000000   0.00000000
   0.00000000
     0.000020     0.000624    -0.004557     1.000000   0.00000000   0.00000000
   0.00000000
   0.00000000   0.00000000   0.00000000   0.00000000     1.000000   0.00000000
   0.00000000

     4.456699     2.619991     0.798574     0.319430

   0.00000000   0.00000000   0.00000000     1.000000
     1.000000   0.00000000   0.00000000   0.00000000
   0.00000000     1.000000   0.00000000   0.00000000
   0.00000000   0.00000000     1.000000   0.00000000

     3.748201     1.777224     0.710890

   0.00000000   0.00000000     1.000000
     1.000000   0.00000000   0.00000000
   0.00000000     1.000000   0.00000000

Cd:aug-cc-pV5Z-ccECP
ccECP aug-cc-pV5Z for Cd | source recipes/Cd/ccECP/Cd.aug-cc-pV5Z.gamess | ccECP from Omar Madany et al. Journal of Chemical Physics (2025) https://doi.org/10.1063/5.0285320

  7
    0    1    2    3    4    5    6
    8    8    7    5    4    3    2
   14   14   14    5    4    3    2

   260.691187   123.761680    58.755164    27.893685    13.242371
     6.286741     2.984595     1.416920     0.672675     0.319349
     0.151609     0.071975     0.034170     0.013668

    -0.000010     0.000050    -0.000039    -0.000830    -0.005281    -0.003124
   0.00000000   0.00000000
    -0.000020    -0.000230     0.000161     0.004179     0.026416     0.014819
   0.00000000   0.00000000
     0.001270     0.000430     0.000103    -0.013752    -0.083187    -0.039519
   0.00000000   0.00000000
    -0.023880     0.004520    -0.013372     0.054572     0.250442     0.033285
   0.00000000   0.00000000
     0.248870    -0.068700     0.172036    -0.336154    -0.985203     0.642654
   0.00000000   0.00000000
    -0.787110     0.244860    -0.628939     1.157708     3.313913    -4.313239
   0.00000000   0.00000000
     0.112160    -0.056120     0.168698    -0.676469    -5.262383    11.135193
   0.00000000   0.00000000
     0.892570    -0.345710     1.331297    -2.742551     1.934949   -15.579024
   0.00000000   0.00000000
     0.338590    -0.249800    -0.072102     3.816181     4.475636    14.896682
   0.00000000   0.00000000
     0.029910     0.033940    -1.495996    -0.075145    -7.755094    -9.918317
   0.00000000   0.00000000
    -0.004320     0.403650    -0.390976    -2.587895     5.307085     3.430395
   0.00000000   0.00000000
     0.002450     0.524940     0.812514     0.831611    -0.788776     0.865375
   0.00000000   0.00000000
    -0.000680     0.229070     0.370786     0.672149    -0.747799    -1.129413
     1.000000   0.00000000
   0.00000000   0.00000000   0.00000000   0.00000000   0.00000000   0.00000000
   0.00000000     1.000000

    48.715261    26.348130    14.250646     7.707603     4.168733
     2.254700     1.219477     0.659566     0.356733     0.192943
     0.104355     0.056441     0.030527     0.012211

    -0.000110     0.000127    -0.000300    -0.001545    -0.016445     0.034558
   0.00000000   0.00000000
    -0.001870     0.000156    -0.000180     0.010831     0.090350    -0.194983
   0.00000000   0.00000000
     0.050170    -0.017138     0.037990    -0.089634    -0.386392     0.848380
   0.00000000   0.00000000
    -0.242320     0.093059    -0.211757     0.388609     1.334446    -3.286644
   0.00000000   0.00000000
     0.020050    -0.016565     0.000171     0.003244    -1.578384     7.246131
   0.00000000   0.00000000
     0.432730    -0.184838     0.666176    -1.841392    -2.145062    -7.129535
   0.00000000   0.00000000
     0.447380    -0.221818     0.488915     0.927966     5.729977     1.545311
   0.00000000   0.00000000
     0.226440    -0.102233    -0.647660     1.898039    -4.083797     5.112533
   0.00000000   0.00000000
     0.041500     0.188564    -0.958755    -1.309706    -0.513436    -7.824017
   0.00000000   0.00000000
     0.007700     0.466827     0.092565    -1.116253     2.320668     5.344222
   0.00000000   0.00000000
    -0.000930     0.391385     0.630474     0.742109    -0.562824    -1.253172
   0.00000000   0.00000000
     0.000970     0.118111     0.235654     0.433130    -0.539284    -0.231077
   0.00000000   0.00000000
    -0.000220     0.007839     0.016803     0.035160    -0.045673    -0.189934
     1.000000   0.00000000
   0.00000000   0.00000000   0.00000000   0.00000000   0.00000000   0.00000000
   0.00000000     1.000000

    47.798938    26.432995    14.617547     8.083560     4.470239
     2.472059     1.367058     0.755988     0.418065     0.231191
     0.127850     0.070701     0.039098     0.015639

     0.000010     0.000038    -0.000364    -0.002924    -0.006164   0.00000000
   0.00000000
     0.000510    -0.001128     0.000605     0.012291     0.027193   0.00000000
   0.00000000
     0.008910    -0.011232    -0.020310    -0.067961    -0.134772   0.00000000
   0.00000000
    -0.034020     0.048265     0.086741     0.267737     0.599541   0.00000000
   0.00000000
     0.074790    -0.130362    -0.232146    -0.810949    -2.419178   0.00000000
   0.00000000
     0.246780    -0.445040    -0.727831    -0.726170     2.085134   0.00000000
   0.00000000
     0.314950    -0.333196     0.240438     1.923763     1.092296   0.00000000
   0.00000000
     0.284340     0.166071     0.870683    -0.227840    -3.198514   0.00000000
   0.00000000
     0.189280     0.424290     0.131086    -1.271666     1.874022   0.00000000
   0.00000000
     0.092230     0.323528    -0.545235     0.194787     0.488080   0.00000000
   0.00000000
     0.026060     0.122136    -0.369293     0.594683    -0.633193   0.00000000
   0.00000000
     0.003490     0.019594    -0.075291     0.140111    -0.282055   0.00000000
   0.00000000
     0.000020     0.000624    -0.004557     0.013466    -0.011294     1.000000
   0.00000000
   0.00000000   0.00000000   0.00000000   0.00000000   0.00000000   0.00000000
     1.000000

     5.818982     2.360262     0.957356     0.388317     0.155327

     1.000000   0.00000000   0.00000000   0.00000000   0.00000000
   0.00000000     1.000000   0.00000000   0.00000000   0.00000000
   0.00000000   0.00000000     1.000000   0.00000000   0.00000000
   0.00000000   0.00000000   0.00000000     1.000000   0.00000000
   0.00000000   0.00000000   0.00000000   0.00000000     1.000000

     3.691451     1.600763     0.694156     0.277662

     1.000000   0.00000000   0.00000000   0.00000000
   0.00000000     1.000000   0.00000000   0.00000000
   0.00000000   0.00000000     1.000000   0.00000000
   0.00000000   0.00000000   0.00000000     1.000000

     3.067208     1.189374     0.475750

     1.000000   0.00000000   0.00000000
   0.00000000     1.000000   0.00000000
   0.00000000   0.00000000     1.000000

     2.519763     1.007905

     1.000000   0.00000000
   0.00000000     1.000000

Cd:aug-cc-pVDZ-ccECP
ccECP aug-cc-pVDZ for Cd | source recipes/Cd/ccECP/Cd.aug-cc-pVDZ.gamess | ccECP from Omar Madany et al. Journal of Chemical Physics (2025) https://doi.org/10.1063/5.0285320

  4
    0    1    2    3
    5    5    4    2
   14   14   14    2

   260.691187   123.761680    58.755164    27.893685    13.242371
     6.286741     2.984595     1.416920     0.672675     0.319349
     0.151609     0.071975     0.034170     0.013668

    -0.000010     0.000050    -0.000039   0.00000000   0.00000000
    -0.000020    -0.000230     0.000161   0.00000000   0.00000000
     0.001270     0.000430     0.000103   0.00000000   0.00000000
    -0.023880     0.004520    -0.013372   0.00000000   0.00000000
     0.248870    -0.068700     0.172036   0.00000000   0.00000000
    -0.787110     0.244860    -0.628939   0.00000000   0.00000000
     0.112160    -0.056120     0.168698   0.00000000   0.00000000
     0.892570    -0.345710     1.331297   0.00000000   0.00000000
     0.338590    -0.249800    -0.072102   0.00000000   0.00000000
     0.029910     0.033940    -1.495996   0.00000000   0.00000000
    -0.004320     0.403650    -0.390976   0.00000000   0.00000000
     0.002450     0.524940     0.812514   0.00000000   0.00000000
    -0.000680     0.229070     0.370786     1.000000   0.00000000
   0.00000000   0.00000000   0.00000000   0.00000000     1.000000

    48.715261    26.348130    14.250646     7.707603     4.168733
     2.254700     1.219477     0.659566     0.356733     0.192943
     0.104355     0.056441     0.030527     0.012211

    -0.000110     0.000127    -0.000300   0.00000000   0.00000000
    -0.001870     0.000156    -0.000180   0.00000000   0.00000000
     0.050170    -0.017138     0.037990   0.00000000   0.00000000
    -0.242320     0.093059    -0.211757   0.00000000   0.00000000
     0.020050    -0.016565     0.000171   0.00000000   0.00000000
     0.432730    -0.184838     0.666176   0.00000000   0.00000000
     0.447380    -0.221818     0.488915   0.00000000   0.00000000
     0.226440    -0.102233    -0.647660   0.00000000   0.00000000
     0.041500     0.188564    -0.958755   0.00000000   0.00000000
     0.007700     0.466827     0.092565   0.00000000   0.00000000
    -0.000930     0.391385     0.630474   0.00000000   0.00000000
     0.000970     0.118111     0.235654   0.00000000   0.00000000
    -0.000220     0.007839     0.016803     1.000000   0.00000000
   0.00000000   0.00000000   0.00000000   0.00000000     1.000000

    47.798938    26.432995    14.617547     8.083560     4.470239
     2.472059     1.367058     0.755988     0.418065     0.231191
     0.127850     0.070701     0.039098     0.015639

     0.000010     0.000038   0.00000000   0.00000000
     0.000510    -0.001128   0.00000000   0.00000000
     0.008910    -0.011232   0.00000000   0.00000000
    -0.034020     0.048265   0.00000000   0.00000000
     0.074790    -0.130362   0.00000000   0.00000000
     0.246780    -0.445040   0.00000000   0.00000000
     0.314950    -0.333196   0.00000000   0.00000000
     0.284340     0.166071   0.00000000   0.00000000
     0.189280     0.424290   0.00000000   0.00000000
     0.092230     0.323528   0.00000000   0.00000000
     0.026060     0.122136   0.00000000   0.00000000
     0.003490     0.019594   0.00000000   0.00000000
     0.000020     0.000624     1.000000   0.00000000
   0.00000000   0.00000000   0.00000000     1.000000

     1.473056     0.589222

     1.000000   0.00000000
   0.00000000     1.000000

Cd:aug-cc-pVQZ-ccECP
ccECP aug-cc-pVQZ for Cd | source recipes/Cd/ccECP/Cd.aug-cc-pVQZ.gamess | ccECP from Omar Madany et al. Journal of Chemical Physics (2025) https://doi.org/10.1063/5.0285320

  6
    0    1    2    3    4    5
    7    7    6    4    3    2
   14   14   14    4    3    2

   260.691187   123.761680    58.755164    27.893685    13.242371
     6.286741     2.984595     1.416920     0.672675     0.319349
     0.151609     0.071975     0.034170     0.013668

    -0.000010     0.000050    -0.000039    -0.000830    -0.005281   0.00000000
   0.00000000
    -0.000020    -0.000230     0.000161     0.004179     0.026416   0.00000000
   0.00000000
     0.001270     0.000430     0.000103    -0.013752    -0.083187   0.00000000
   0.00000000
    -0.023880     0.004520    -0.013372     0.054572     0.250442   0.00000000
   0.00000000
     0.248870    -0.068700     0.172036    -0.336154    -0.985203   0.00000000
   0.00000000
    -0.787110     0.244860    -0.628939     1.157708     3.313913   0.00000000
   0.00000000
     0.112160    -0.056120     0.168698    -0.676469    -5.262383   0.00000000
   0.00000000
     0.892570    -0.345710     1.331297    -2.742551     1.934949   0.00000000
   0.00000000
     0.338590    -0.249800    -0.072102     3.816181     4.475636   0.00000000
   0.00000000
     0.029910     0.033940    -1.495996    -0.075145    -7.755094   0.00000000
   0.00000000
    -0.004320     0.403650    -0.390976    -2.587895     5.307085   0.00000000
   0.00000000
     0.002450     0.524940     0.812514     0.831611    -0.788776   0.00000000
   0.00000000
    -0.000680     0.229070     0.370786     0.672149    -0.747799     1.000000
   0.00000000
   0.00000000   0.00000000   0.00000000   0.00000000   0.00000000   0.00000000
     1.000000

    48.715261    26.348130    14.250646     7.707603     4.168733
     2.254700     1.219477     0.659566     0.356733     0.192943
     0.104355     0.056441     0.030527     0.012211

    -0.000110     0.000127    -0.000300    -0.001545    -0.016445   0.00000000
   0.00000000
    -0.001870     0.000156    -0.000180     0.010831     0.090350   0.00000000
   0.00000000
     0.050170    -0.017138     0.037990    -0.089634    -0.386392   0.00000000
   0.00000000
    -0.242320     0.093059    -0.211757     0.388609     1.334446   0.00000000
   0.00000000
     0.020050    -0.016565     0.000171     0.003244    -1.578384   0.00000000
   0.00000000
     0.432730    -0.184838     0.666176    -1.841392    -2.145062   0.00000000
   0.00000000
     0.447380    -0.221818     0.488915     0.927966     5.729977   0.00000000
   0.00000000
     0.226440    -0.102233    -0.647660     1.898039    -4.083797   0.00000000
   0.00000000
     0.041500     0.188564    -0.958755    -1.309706    -0.513436   0.00000000
   0.00000000
     0.007700     0.466827     0.092565    -1.116253     2.320668   0.00000000
   0.00000000
    -0.000930     0.391385     0.630474     0.742109    -0.562824   0.00000000
   0.00000000
     0.000970     0.118111     0.235654     0.433130    -0.539284   0.00000000
   0.00000000
    -0.000220     0.007839     0.016803     0.035160    -0.045673     1.000000
   0.00000000
   0.00000000   0.00000000   0.00000000   0.00000000   0.00000000   0.00000000
     1.000000

    47.798938    26.432995    14.617547     8.083560     4.470239
     2.472059     1.367058     0.755988     0.418065     0.231191
     0.127850     0.070701     0.039098     0.015639

     0.000010     0.000038    -0.000364    -0.002924   0.00000000   0.00000000
     0.000510    -0.001128     0.000605     0.012291   0.00000000   0.00000000
     0.008910    -0.011232    -0.020310    -0.067961   0.00000000   0.00000000
    -0.034020     0.048265     0.086741     0.267737   0.00000000   0.00000000
     0.074790    -0.130362    -0.232146    -0.810949   0.00000000   0.00000000
     0.246780    -0.445040    -0.727831    -0.726170   0.00000000   0.00000000
     0.314950    -0.333196     0.240438     1.923763   0.00000000   0.00000000
     0.284340     0.166071     0.870683    -0.227840   0.00000000   0.00000000
     0.189280     0.424290     0.131086    -1.271666   0.00000000   0.00000000
     0.092230     0.323528    -0.545235     0.194787   0.00000000   0.00000000
     0.026060     0.122136    -0.369293     0.594683   0.00000000   0.00000000
     0.003490     0.019594    -0.075291     0.140111   0.00000000   0.00000000
     0.000020     0.000624    -0.004557     0.013466     1.000000   0.00000000
   0.00000000   0.00000000   0.00000000   0.00000000   0.00000000     1.000000

     3.929202     1.427305     0.518477     0.207391

     1.000000   0.00000000   0.00000000   0.00000000
   0.00000000     1.000000   0.00000000   0.00000000
   0.00000000   0.00000000     1.000000   0.00000000
   0.00000000   0.00000000   0.00000000     1.000000

     2.792512     1.020428     0.408171

     1.000000   0.00000000   0.00000000
   0.00000000     1.000000   0.00000000
   0.00000000   0.00000000     1.000000

     1.948017     0.779207

     1.000000   0.00000000
   0.00000000     1.000000

Cd:aug-cc-pVTZ-ccECP
ccECP aug-cc-pVTZ for Cd | source recipes/Cd/ccECP/Cd.aug-cc-pVTZ.gamess | ccECP from Omar Madany et al. Journal of Chemical Physics (2025) https://doi.org/10.1063/5.0285320

  5
    0    1    2    3    4
    6    6    5    3    2
   14   14   14    3    2

   260.691187   123.761680    58.755164    27.893685    13.242371
     6.286741     2.984595     1.416920     0.672675     0.319349
     0.151609     0.071975     0.034170     0.013668

    -0.000010     0.000050    -0.000039    -0.000830   0.00000000   0.00000000
    -0.000020    -0.000230     0.000161     0.004179   0.00000000   0.00000000
     0.001270     0.000430     0.000103    -0.013752   0.00000000   0.00000000
    -0.023880     0.004520    -0.013372     0.054572   0.00000000   0.00000000
     0.248870    -0.068700     0.172036    -0.336154   0.00000000   0.00000000
    -0.787110     0.244860    -0.628939     1.157708   0.00000000   0.00000000
     0.112160    -0.056120     0.168698    -0.676469   0.00000000   0.00000000
     0.892570    -0.345710     1.331297    -2.742551   0.00000000   0.00000000
     0.338590    -0.249800    -0.072102     3.816181   0.00000000   0.00000000
     0.029910     0.033940    -1.495996    -0.075145   0.00000000   0.00000000
    -0.004320     0.403650    -0.390976    -2.587895   0.00000000   0.00000000
     0.002450     0.524940     0.812514     0.831611   0.00000000   0.00000000
    -0.000680     0.229070     0.370786     0.672149     1.000000   0.00000000
   0.00000000   0.00000000   0.00000000   0.00000000   0.00000000     1.000000

    48.715261    26.348130    14.250646     7.707603     4.168733
     2.254700     1.219477     0.659566     0.356733     0.192943
     0.104355     0.056441     0.030527     0.012211

    -0.000110     0.000127    -0.000300    -0.001545   0.00000000   0.00000000
    -0.001870     0.000156    -0.000180     0.010831   0.00000000   0.00000000
     0.050170    -0.017138     0.037990    -0.089634   0.00000000   0.00000000
    -0.242320     0.093059    -0.211757     0.388609   0.00000000   0.00000000
     0.020050    -0.016565     0.000171     0.003244   0.00000000   0.00000000
     0.432730    -0.184838     0.666176    -1.841392   0.00000000   0.00000000
     0.447380    -0.221818     0.488915     0.927966   0.00000000   0.00000000
     0.226440    -0.102233    -0.647660     1.898039   0.00000000   0.00000000
     0.041500     0.188564    -0.958755    -1.309706   0.00000000   0.00000000
     0.007700     0.466827     0.092565    -1.116253   0.00000000   0.00000000
    -0.000930     0.391385     0.630474     0.742109   0.00000000   0.00000000
     0.000970     0.118111     0.235654     0.433130   0.00000000   0.00000000
    -0.000220     0.007839     0.016803     0.035160     1.000000   0.00000000
   0.00000000   0.00000000   0.00000000   0.00000000   0.00000000     1.000000

    47.798938    26.432995    14.617547     8.083560     4.470239
     2.472059     1.367058     0.755988     0.418065     0.231191
     0.127850     0.070701     0.039098     0.015639

     0.000010     0.000038    -0.000364   0.00000000   0.00000000
     0.000510    -0.001128     0.000605   0.00000000   0.00000000
     0.008910    -0.011232    -0.020310   0.00000000   0.00000000
    -0.034020     0.048265     0.086741   0.00000000   0.00000000
     0.074790    -0.130362    -0.232146   0.00000000   0.00000000
     0.246780    -0.445040    -0.727831   0.00000000   0.00000000
     0.314950    -0.333196     0.240438   0.00000000   0.00000000
     0.284340     0.166071     0.870683   0.00000000   0.00000000
     0.189280     0.424290     0.131086   0.00000000   0.00000000
     0.092230     0.323528    -0.545235   0.00000000   0.00000000
     0.026060     0.122136    -0.369293   0.00000000   0.00000000
     0.003490     0.019594    -0.075291   0.00000000   0.00000000
     0.000020     0.000624    -0.004557     1.000000   0.00000000
   0.00000000   0.00000000   0.00000000   0.00000000     1.000000

     2.619991     0.798574     0.319430

     1.000000   0.00000000   0.00000000
   0.00000000     1.000000   0.00000000
   0.00000000   0.00000000     1.000000

     1.777224     0.710890

     1.000000   0.00000000
   0.00000000     1.000000

Cd:cc-pCV5Z-ccECP
ccECP cc-pCV5Z for Cd | source recipes/Cd/ccECP/Cd.cc-pCV5Z.gamess | ccECP from Omar Madany et al. Journal of Chemical Physics (2025) https://doi.org/10.1063/5.0285320

  7
    0    1    2    3    4    5    6
    9    9    8    5    4    3    2
   15   15   15    5    4    3    2

   260.691187   123.761680    58.755164    27.893685    13.242371
     6.286741     5.721318     2.984595     1.416920     1.124569
     0.672675     0.319349     0.151609     0.071975     0.034170

    -0.000010     0.000050    -0.000039    -0.000830    -0.005281    -0.003124
   0.00000000   0.00000000   0.00000000
    -0.000020    -0.000230     0.000161     0.004179     0.026416     0.014819
   0.00000000   0.00000000   0.00000000
     0.001270     0.000430     0.000103    -0.013752    -0.083187    -0.039519
   0.00000000   0.00000000   0.00000000
    -0.023880     0.004520    -0.013372     0.054572     0.250442     0.033285
   0.00000000   0.00000000   0.00000000
     0.248870    -0.068700     0.172036    -0.336154    -0.985203     0.642654
   0.00000000   0.00000000   0.00000000
    -0.787110     0.244860    -0.628939     1.157708     3.313913    -4.313239
   0.00000000   0.00000000   0.00000000
   0.00000000   0.00000000   0.00000000   0.00000000   0.00000000   0.00000000
   0.00000000     1.000000   0.00000000
     0.112160    -0.056120     0.168698    -0.676469    -5.262383    11.135193
   0.00000000   0.00000000   0.00000000
     0.892570    -0.345710     1.331297    -2.742551     1.934949   -15.579024
   0.00000000   0.00000000   0.00000000
   0.00000000   0.00000000   0.00000000   0.00000000   0.00000000   0.00000000
   0.00000000   0.00000000     1.000000
     0.338590    -0.249800    -0.072102     3.816181     4.475636    14.896682
   0.00000000   0.00000000   0.00000000
     0.029910     0.033940    -1.495996    -0.075145    -7.755094    -9.918317
   0.00000000   0.00000000   0.00000000
    -0.004320     0.403650    -0.390976    -2.587895     5.307085     3.430395
   0.00000000   0.00000000   0.00000000
     0.002450     0.524940     0.812514     0.831611    -0.788776     0.865375
   0.00000000   0.00000000   0.00000000
    -0.000680     0.229070     0.370786     0.672149    -0.747799    -1.129413
     1.000000   0.00000000   0.00000000

    48.715261    26.348130    14.250646     7.707603     4.168733
     2.254700     1.642679     1.219477     0.758881     0.659566
     0.356733     0.192943     0.104355     0.056441     0.030527

    -0.000110     0.000127    -0.000300    -0.001545    -0.016445     0.034558
   0.00000000   0.00000000   0.00000000
    -0.001870     0.000156    -0.000180     0.010831     0.090350    -0.194983
   0.00000000   0.00000000   0.00000000
     0.050170    -0.017138     0.037990    -0.089634    -0.386392     0.848380
   0.00000000   0.00000000   0.00000000
    -0.242320     0.093059    -0.211757     0.388609     1.334446    -3.286644
   0.00000000   0.00000000   0.00000000
     0.020050    -0.016565     0.000171     0.003244    -1.578384     7.246131
   0.00000000   0.00000000   0.00000000
     0.432730    -0.184838     0.666176    -1.841392    -2.145062    -7.129535
   0.00000000   0.00000000   0.00000000
   0.00000000   0.00000000   0.00000000   0.00000000   0.00000000   0.00000000
   0.00000000     1.000000   0.00000000
     0.447380    -0.221818     0.488915     0.927966     5.729977     1.545311
   0.00000000   0.00000000   0.00000000
   0.00000000   0.00000000   0.00000000   0.00000000   0.00000000   0.00000000
   0.00000000   0.00000000     1.000000
     0.226440    -0.102233    -0.647660     1.898039    -4.083797     5.112533
   0.00000000   0.00000000   0.00000000
     0.041500     0.188564    -0.958755    -1.309706    -0.513436    -7.824017
   0.00000000   0.00000000   0.00000000
     0.007700     0.466827     0.092565    -1.116253     2.320668     5.344222
   0.00000000   0.00000000   0.00000000
    -0.000930     0.391385     0.630474     0.742109    -0.562824    -1.253172
   0.00000000   0.00000000   0.00000000
     0.000970     0.118111     0.235654     0.433130    -0.539284    -0.231077
   0.00000000   0.00000000   0.00000000
    -0.000220     0.007839     0.016803     0.035160    -0.045673    -0.189934
     1.000000   0.00000000   0.00000000

    47.798938    26.432995    14.617547     8.083560     5.202071
     4.470239     2.472059     1.367058     0.755988     0.706398
     0.418065     0.231191     0.127850     0.070701     0.039098

     0.000010     0.000038    -0.000364    -0.002924    -0.006164   0.00000000
   0.00000000   0.00000000
     0.000510    -0.001128     0.000605     0.012291     0.027193   0.00000000
   0.00000000   0.00000000
     0.008910    -0.011232    -0.020310    -0.067961    -0.134772   0.00000000
   0.00000000   0.00000000
    -0.034020     0.048265     0.086741     0.267737     0.599541   0.00000000
   0.00000000   0.00000000
   0.00000000   0.00000000   0.00000000   0.00000000   0.00000000   0.00000000
     1.000000   0.00000000
     0.074790    -0.130362    -0.232146    -0.810949    -2.419178   0.00000000
   0.00000000   0.00000000
     0.246780    -0.445040    -0.727831    -0.726170     2.085134   0.00000000
   0.00000000   0.00000000
     0.314950    -0.333196     0.240438     1.923763     1.092296   0.00000000
   0.00000000   0.00000000
     0.284340     0.166071     0.870683    -0.227840    -3.198514   0.00000000
   0.00000000   0.00000000
   0.00000000   0.00000000   0.00000000   0.00000000   0.00000000   0.00000000
   0.00000000     1.000000
     0.189280     0.424290     0.131086    -1.271666     1.874022   0.00000000
   0.00000000   0.00000000
     0.092230     0.323528    -0.545235     0.194787     0.488080   0.00000000
   0.00000000   0.00000000
     0.026060     0.122136    -0.369293     0.594683    -0.633193   0.00000000
   0.00000000   0.00000000
     0.003490     0.019594    -0.075291     0.140111    -0.282055   0.00000000
   0.00000000   0.00000000
     0.000020     0.000624    -0.004557     0.013466    -0.011294     1.000000
   0.00000000   0.00000000

     5.818982     3.432701     2.360262     0.957356     0.388317

     1.000000   0.00000000   0.00000000   0.00000000   0.00000000
   0.00000000   0.00000000   0.00000000   0.00000000     1.000000
   0.00000000     1.000000   0.00000000   0.00000000   0.00000000
   0.00000000   0.00000000     1.000000   0.00000000   0.00000000
   0.00000000   0.00000000   0.00000000     1.000000   0.00000000

     4.049985     3.691451     1.600763     0.694156

   0.00000000   0.00000000   0.00000000     1.000000
     1.000000   0.00000000   0.00000000   0.00000000
   0.00000000     1.000000   0.00000000   0.00000000
   0.00000000   0.00000000     1.000000   0.00000000

     4.551536     3.067208     1.189374

   0.00000000   0.00000000     1.000000
     1.000000   0.00000000   0.00000000
   0.00000000     1.000000   0.00000000

     4.669940     2.519763

   0.00000000     1.000000
     1.000000   0.00000000

Cd:cc-pCVDZ-ccECP
ccECP cc-pCVDZ for Cd | source recipes/Cd/ccECP/Cd.cc-pCVDZ.gamess | ccECP from Omar Madany et al. Journal of Chemical Physics (2025) https://doi.org/10.1063/5.0285320

  4
    0    1    2    3
    5    5    4    2
   14   14   14    2

   260.691187   123.761680    58.755164    27.893685    13.242371
     6.286741     2.984595     2.392050     1.416920     0.672675
     0.319349     0.151609     0.071975     0.034170

    -0.000010     0.000050    -0.000039   0.00000000   0.00000000
    -0.000020    -0.000230     0.000161   0.00000000   0.00000000
     0.001270     0.000430     0.000103   0.00000000   0.00000000
    -0.023880     0.004520    -0.013372   0.00000000   0.00000000
     0.248870    -0.068700     0.172036   0.00000000   0.00000000
    -0.787110     0.244860    -0.628939   0.00000000   0.00000000
     0.112160    -0.056120     0.168698   0.00000000   0.00000000
   0.00000000   0.00000000   0.00000000   0.00000000     1.000000
     0.892570    -0.345710     1.331297   0.00000000   0.00000000
     0.338590    -0.249800    -0.072102   0.00000000   0.00000000
     0.029910     0.033940    -1.495996   0.00000000   0.00000000
    -0.004320     0.403650    -0.390976   0.00000000   0.00000000
     0.002450     0.524940     0.812514   0.00000000   0.00000000
    -0.000680     0.229070     0.370786     1.000000   0.00000000

    48.715261    26.348130    14.250646     7.707603     4.168733
     2.738249     2.254700     1.219477     0.659566     0.356733
     0.192943     0.104355     0.056441     0.030527

    -0.000110     0.000127    -0.000300   0.00000000   0.00000000
    -0.001870     0.000156    -0.000180   0.00000000   0.00000000
     0.050170    -0.017138     0.037990   0.00000000   0.00000000
    -0.242320     0.093059    -0.211757   0.00000000   0.00000000
     0.020050    -0.016565     0.000171   0.00000000   0.00000000
   0.00000000   0.00000000   0.00000000   0.00000000     1.000000
     0.432730    -0.184838     0.666176   0.00000000   0.00000000
     0.447380    -0.221818     0.488915   0.00000000   0.00000000
     0.226440    -0.102233    -0.647660   0.00000000   0.00000000
     0.041500     0.188564    -0.958755   0.00000000   0.00000000
     0.007700     0.466827     0.092565   0.00000000   0.00000000
    -0.000930     0.391385     0.630474   0.00000000   0.00000000
     0.000970     0.118111     0.235654   0.00000000   0.00000000
    -0.000220     0.007839     0.016803     1.000000   0.00000000

    47.798938    26.432995    14.617547     8.083560     4.470239
     2.753560     2.472059     1.367058     0.755988     0.418065
     0.231191     0.127850     0.070701     0.039098

     0.000010     0.000038   0.00000000   0.00000000
     0.000510    -0.001128   0.00000000   0.00000000
     0.008910    -0.011232   0.00000000   0.00000000
    -0.034020     0.048265   0.00000000   0.00000000
     0.074790    -0.130362   0.00000000   0.00000000
   0.00000000   0.00000000   0.00000000     1.000000
     0.246780    -0.445040   0.00000000   0.00000000
     0.314950    -0.333196   0.00000000   0.00000000
     0.284340     0.166071   0.00000000   0.00000000
     0.189280     0.424290   0.00000000   0.00000000
     0.092230     0.323528   0.00000000   0.00000000
     0.026060     0.122136   0.00000000   0.00000000
     0.003490     0.019594   0.00000000   0.00000000
     0.000020     0.000624     1.000000   0.00000000

     3.798065     1.473056

   0.00000000     1.000000
     1.000000   0.00000000

Cd:cc-pCVQZ-ccECP
ccECP cc-pCVQZ for Cd | source recipes/Cd/ccECP/Cd.cc-pCVQZ.gamess | ccECP from Omar Madany et al. Journal of Chemical Physics (2025) https://doi.org/10.1063/5.0285320

  6
    0    1    2    3    4    5
    8    8    7    4    3    2
   15   15   15    4    3    2

   260.691187   123.761680    58.755164    27.893685    13.242371
     7.573040     6.286741     2.984595     1.416920     0.688367
     0.672675     0.319349     0.151609     0.071975     0.034170

    -0.000010     0.000050    -0.000039    -0.000830    -0.005281   0.00000000
   0.00000000   0.00000000
    -0.000020    -0.000230     0.000161     0.004179     0.026416   0.00000000
   0.00000000   0.00000000
     0.001270     0.000430     0.000103    -0.013752    -0.083187   0.00000000
   0.00000000   0.00000000
    -0.023880     0.004520    -0.013372     0.054572     0.250442   0.00000000
   0.00000000   0.00000000
     0.248870    -0.068700     0.172036    -0.336154    -0.985203   0.00000000
   0.00000000   0.00000000
   0.00000000   0.00000000   0.00000000   0.00000000   0.00000000   0.00000000
     1.000000   0.00000000
    -0.787110     0.244860    -0.628939     1.157708     3.313913   0.00000000
   0.00000000   0.00000000
     0.112160    -0.056120     0.168698    -0.676469    -5.262383   0.00000000
   0.00000000   0.00000000
     0.892570    -0.345710     1.331297    -2.742551     1.934949   0.00000000
   0.00000000   0.00000000
   0.00000000   0.00000000   0.00000000   0.00000000   0.00000000   0.00000000
   0.00000000     1.000000
     0.338590    -0.249800    -0.072102     3.816181     4.475636   0.00000000
   0.00000000   0.00000000
     0.029910     0.033940    -1.495996    -0.075145    -7.755094   0.00000000
   0.00000000   0.00000000
    -0.004320     0.403650    -0.390976    -2.587895     5.307085   0.00000000
   0.00000000   0.00000000
     0.002450     0.524940     0.812514     0.831611    -0.788776   0.00000000
   0.00000000   0.00000000
    -0.000680     0.229070     0.370786     0.672149    -0.747799     1.000000
   0.00000000   0.00000000

    48.715261    26.348130    14.250646     7.707603     4.168733
     3.468867     2.516066     2.254700     1.219477     0.659566
     0.356733     0.192943     0.104355     0.056441     0.030527

    -0.000110     0.000127    -0.000300    -0.001545    -0.016445   0.00000000
   0.00000000   0.00000000
    -0.001870     0.000156    -0.000180     0.010831     0.090350   0.00000000
   0.00000000   0.00000000
     0.050170    -0.017138     0.037990    -0.089634    -0.386392   0.00000000
   0.00000000   0.00000000
    -0.242320     0.093059    -0.211757     0.388609     1.334446   0.00000000
   0.00000000   0.00000000
     0.020050    -0.016565     0.000171     0.003244    -1.578384   0.00000000
   0.00000000   0.00000000
   0.00000000   0.00000000   0.00000000   0.00000000   0.00000000   0.00000000
     1.000000   0.00000000
   0.00000000   0.00000000   0.00000000   0.00000000   0.00000000   0.00000000
   0.00000000     1.000000
     0.432730    -0.184838     0.666176    -1.841392    -2.145062   0.00000000
   0.00000000   0.00000000
     0.447380    -0.221818     0.488915     0.927966     5.729977   0.00000000
   0.00000000   0.00000000
     0.226440    -0.102233    -0.647660     1.898039    -4.083797   0.00000000
   0.00000000   0.00000000
     0.041500     0.188564    -0.958755    -1.309706    -0.513436   0.00000000
   0.00000000   0.00000000
     0.007700     0.466827     0.092565    -1.116253     2.320668   0.00000000
   0.00000000   0.00000000
    -0.000930     0.391385     0.630474     0.742109    -0.562824   0.00000000
   0.00000000   0.00000000
     0.000970     0.118111     0.235654     0.433130    -0.539284   0.00000000
   0.00000000   0.00000000
    -0.000220     0.007839     0.016803     0.035160    -0.045673     1.000000
   0.00000000   0.00000000

    47.798938    26.432995    14.617547     8.083560     5.057729
     4.470239     2.472059     2.103008     1.367058     0.755988
     0.418065     0.231191     0.127850     0.070701     0.039098

     0.000010     0.000038    -0.000364    -0.002924   0.00000000   0.00000000
   0.00000000
     0.000510    -0.001128     0.000605     0.012291   0.00000000   0.00000000
   0.00000000
     0.008910    -0.011232    -0.020310    -0.067961   0.00000000   0.00000000
   0.00000000
    -0.034020     0.048265     0.086741     0.267737   0.00000000   0.00000000
   0.00000000
   0.00000000   0.00000000   0.00000000   0.00000000   0.00000000     1.000000
   0.00000000
     0.074790    -0.130362    -0.232146    -0.810949   0.00000000   0.00000000
   0.00000000
     0.246780    -0.445040    -0.727831    -0.726170   0.00000000   0.00000000
   0.00000000
   0.00000000   0.00000000   0.00000000   0.00000000   0.00000000   0.00000000
     1.000000
     0.314950    -0.333196     0.240438     1.923763   0.00000000   0.00000000
   0.00000000
     0.284340     0.166071     0.870683    -0.227840   0.00000000   0.00000000
   0.00000000
     0.189280     0.424290     0.131086    -1.271666   0.00000000   0.00000000
   0.00000000
     0.092230     0.323528    -0.545235     0.194787   0.00000000   0.00000000
   0.00000000
     0.026060     0.122136    -0.369293     0.594683   0.00000000   0.00000000
   0.00000000
     0.003490     0.019594    -0.075291     0.140111   0.00000000   0.00000000
   0.00000000
     0.000020     0.000624    -0.004557     0.013466     1.000000   0.00000000
   0.00000000

     3.929202     2.560065     1.427305     0.518477

     1.000000   0.00000000   0.00000000   0.00000000
   0.00000000   0.00000000   0.00000000     1.000000
   0.00000000     1.000000   0.00000000   0.00000000
   0.00000000   0.00000000     1.000000   0.00000000

     4.130862     2.792512     1.020428

   0.00000000   0.00000000     1.000000
     1.000000   0.00000000   0.00000000
   0.00000000     1.000000   0.00000000

     4.042013     1.948017

   0.00000000     1.000000
     1.000000   0.00000000

Cd:cc-pCVTZ-ccECP
ccECP cc-pCVTZ for Cd | source recipes/Cd/ccECP/Cd.cc-pCVTZ.gamess | ccECP from Omar Madany et al. Journal of Chemical Physics (2025) https://doi.org/10.1063/5.0285320

  5
    0    1    2    3    4
    7    7    6    3    2
   15   15   15    3    2

   260.691187   123.761680    58.755164    27.893685    13.242371
     6.715739     6.286741     2.984595     1.416920     0.672675
     0.394850     0.319349     0.151609     0.071975     0.034170

    -0.000010     0.000050    -0.000039    -0.000830   0.00000000   0.00000000
   0.00000000
    -0.000020    -0.000230     0.000161     0.004179   0.00000000   0.00000000
   0.00000000
     0.001270     0.000430     0.000103    -0.013752   0.00000000   0.00000000
   0.00000000
    -0.023880     0.004520    -0.013372     0.054572   0.00000000   0.00000000
   0.00000000
     0.248870    -0.068700     0.172036    -0.336154   0.00000000   0.00000000
   0.00000000
   0.00000000   0.00000000   0.00000000   0.00000000   0.00000000     1.000000
   0.00000000
    -0.787110     0.244860    -0.628939     1.157708   0.00000000   0.00000000
   0.00000000
     0.112160    -0.056120     0.168698    -0.676469   0.00000000   0.00000000
   0.00000000
     0.892570    -0.345710     1.331297    -2.742551   0.00000000   0.00000000
   0.00000000
     0.338590    -0.249800    -0.072102     3.816181   0.00000000   0.00000000
   0.00000000
   0.00000000   0.00000000   0.00000000   0.00000000   0.00000000   0.00000000
     1.000000
     0.029910     0.033940    -1.495996    -0.075145   0.00000000   0.00000000
   0.00000000
    -0.004320     0.403650    -0.390976    -2.587895   0.00000000   0.00000000
   0.00000000
     0.002450     0.524940     0.812514     0.831611   0.00000000   0.00000000
   0.00000000
    -0.000680     0.229070     0.370786     0.672149     1.000000   0.00000000
   0.00000000

    48.715261    26.348130    14.250646     7.707603     4.168733
     4.060090     2.254700     1.525514     1.219477     0.659566
     0.356733     0.192943     0.104355     0.056441     0.030527

    -0.000110     0.000127    -0.000300    -0.001545   0.00000000   0.00000000
   0.00000000
    -0.001870     0.000156    -0.000180     0.010831   0.00000000   0.00000000
   0.00000000
     0.050170    -0.017138     0.037990    -0.089634   0.00000000   0.00000000
   0.00000000
    -0.242320     0.093059    -0.211757     0.388609   0.00000000   0.00000000
   0.00000000
     0.020050    -0.016565     0.000171     0.003244   0.00000000   0.00000000
   0.00000000
   0.00000000   0.00000000   0.00000000   0.00000000   0.00000000     1.000000
   0.00000000
     0.432730    -0.184838     0.666176    -1.841392   0.00000000   0.00000000
   0.00000000
   0.00000000   0.00000000   0.00000000   0.00000000   0.00000000   0.00000000
     1.000000
     0.447380    -0.221818     0.488915     0.927966   0.00000000   0.00000000
   0.00000000
     0.226440    -0.102233    -0.647660     1.898039   0.00000000   0.00000000
   0.00000000
     0.041500     0.188564    -0.958755    -1.309706   0.00000000   0.00000000
   0.00000000
     0.007700     0.466827     0.092565    -1.116253   0.00000000   0.00000000
   0.00000000
    -0.000930     0.391385     0.630474     0.742109   0.00000000   0.00000000
   0.00000000
     0.000970     0.118111     0.235654     0.433130   0.00000000   0.00000000
   0.00000000
    -0.000220     0.007839     0.016803     0.035160     1.000000   0.00000000
   0.00000000

    47.798938    26.432995    14.617547     8.083560     4.470239
     4.113567     2.472059     1.424785     1.367058     0.755988
     0.418065     0.231191     0.127850     0.070701     0.039098

     0.000010     0.000038    -0.000364   0.00000000   0.00000000   0.00000000
     0.000510    -0.001128     0.000605   0.00000000   0.00000000   0.00000000
     0.008910    -0.011232    -0.020310   0.00000000   0.00000000   0.00000000
    -0.034020     0.048265     0.086741   0.00000000   0.00000000   0.00000000
     0.074790    -0.130362    -0.232146   0.00000000   0.00000000   0.00000000
   0.00000000   0.00000000   0.00000000   0.00000000     1.000000   0.00000000
     0.246780    -0.445040    -0.727831   0.00000000   0.00000000   0.00000000
   0.00000000   0.00000000   0.00000000   0.00000000   0.00000000     1.000000
     0.314950    -0.333196     0.240438   0.00000000   0.00000000   0.00000000
     0.284340     0.166071     0.870683   0.00000000   0.00000000   0.00000000
     0.189280     0.424290     0.131086   0.00000000   0.00000000   0.00000000
     0.092230     0.323528    -0.545235   0.00000000   0.00000000   0.00000000
     0.026060     0.122136    -0.369293   0.00000000   0.00000000   0.00000000
     0.003490     0.019594    -0.075291   0.00000000   0.00000000   0.00000000
     0.000020     0.000624    -0.004557     1.000000   0.00000000   0.00000000

     4.456699     2.619991     0.798574

   0.00000000   0.00000000     1.000000
     1.000000   0.00000000   0.00000000
   0.00000000     1.000000   0.00000000

     3.748201     1.777224

   0.00000000     1.000000
     1.000000   0.00000000

Cd:cc-pV5Z-ccECP
ccECP cc-pV5Z for Cd | source recipes/Cd/ccECP/Cd.cc-pV5Z.gamess | ccECP from Omar Madany et al. Journal of Chemical Physics (2025) https://doi.org/10.1063/5.0285320

  7
    0    1    2    3    4    5    6
    7    7    6    4    3    2    1
   13   13   13    4    3    2    1

   260.691187   123.761680    58.755164    27.893685    13.242371
     6.286741     2.984595     1.416920     0.672675     0.319349
     0.151609     0.071975     0.034170

    -0.000010     0.000050    -0.000039    -0.000830    -0.005281    -0.003124
   0.00000000
    -0.000020    -0.000230     0.000161     0.004179     0.026416     0.014819
   0.00000000
     0.001270     0.000430     0.000103    -0.013752    -0.083187    -0.039519
   0.00000000
    -0.023880     0.004520    -0.013372     0.054572     0.250442     0.033285
   0.00000000
     0.248870    -0.068700     0.172036    -0.336154    -0.985203     0.642654
   0.00000000
    -0.787110     0.244860    -0.628939     1.157708     3.313913    -4.313239
   0.00000000
     0.112160    -0.056120     0.168698    -0.676469    -5.262383    11.135193
   0.00000000
     0.892570    -0.345710     1.331297    -2.742551     1.934949   -15.579024
   0.00000000
     0.338590    -0.249800    -0.072102     3.816181     4.475636    14.896682
   0.00000000
     0.029910     0.033940    -1.495996    -0.075145    -7.755094    -9.918317
   0.00000000
    -0.004320     0.403650    -0.390976    -2.587895     5.307085     3.430395
   0.00000000
     0.002450     0.524940     0.812514     0.831611    -0.788776     0.865375
   0.00000000
    -0.000680     0.229070     0.370786     0.672149    -0.747799    -1.129413
     1.000000

    48.715261    26.348130    14.250646     7.707603     4.168733
     2.254700     1.219477     0.659566     0.356733     0.192943
     0.104355     0.056441     0.030527

    -0.000110     0.000127    -0.000300    -0.001545    -0.016445     0.034558
   0.00000000
    -0.001870     0.000156    -0.000180     0.010831     0.090350    -0.194983
   0.00000000
     0.050170    -0.017138     0.037990    -0.089634    -0.386392     0.848380
   0.00000000
    -0.242320     0.093059    -0.211757     0.388609     1.334446    -3.286644
   0.00000000
     0.020050    -0.016565     0.000171     0.003244    -1.578384     7.246131
   0.00000000
     0.432730    -0.184838     0.666176    -1.841392    -2.145062    -7.129535
   0.00000000
     0.447380    -0.221818     0.488915     0.927966     5.729977     1.545311
   0.00000000
     0.226440    -0.102233    -0.647660     1.898039    -4.083797     5.112533
   0.00000000
     0.041500     0.188564    -0.958755    -1.309706    -0.513436    -7.824017
   0.00000000
     0.007700     0.466827     0.092565    -1.116253     2.320668     5.344222
   0.00000000
    -0.000930     0.391385     0.630474     0.742109    -0.562824    -1.253172
   0.00000000
     0.000970     0.118111     0.235654     0.433130    -0.539284    -0.231077
   0.00000000
    -0.000220     0.007839     0.016803     0.035160    -0.045673    -0.189934
     1.000000

    47.798938    26.432995    14.617547     8.083560     4.470239
     2.472059     1.367058     0.755988     0.418065     0.231191
     0.127850     0.070701     0.039098

     0.000010     0.000038    -0.000364    -0.002924    -0.006164   0.00000000
     0.000510    -0.001128     0.000605     0.012291     0.027193   0.00000000
     0.008910    -0.011232    -0.020310    -0.067961    -0.134772   0.00000000
    -0.034020     0.048265     0.086741     0.267737     0.599541   0.00000000
     0.074790    -0.130362    -0.232146    -0.810949    -2.419178   0.00000000
     0.246780    -0.445040    -0.727831    -0.726170     2.085134   0.00000000
     0.314950    -0.333196     0.240438     1.923763     1.092296   0.00000000
     0.284340     0.166071     0.870683    -0.227840    -3.198514   0.00000000
     0.189280     0.424290     0.131086    -1.271666     1.874022   0.00000000
     0.092230     0.323528    -0.545235     0.194787     0.488080   0.00000000
     0.026060     0.122136    -0.369293     0.594683    -0.633193   0.00000000
     0.003490     0.019594    -0.075291     0.140111    -0.282055   0.00000000
     0.000020     0.000624    -0.004557     0.013466    -0.011294     1.000000

     5.818982     2.360262     0.957356     0.388317

     1.000000   0.00000000   0.00000000   0.00000000
   0.00000000     1.000000   0.00000000   0.00000000
   0.00000000   0.00000000     1.000000   0.00000000
   0.00000000   0.00000000   0.00000000     1.000000

     3.691451     1.600763     0.694156

     1.000000   0.00000000   0.00000000
   0.00000000     1.000000   0.00000000
   0.00000000   0.00000000     1.000000

     3.067208     1.189374

     1.000000   0.00000000
   0.00000000     1.000000

     2.519763

     1.000000

Cd:cc-pVDZ-ccECP
ccECP cc-pVDZ for Cd | source recipes/Cd/ccECP/Cd.cc-pVDZ.gamess | ccECP from Omar Madany et al. Journal of Chemical Physics (2025) https://doi.org/10.1063/5.0285320

  4
    0    1    2    3
    4    4    3    1
   13   13   13    1

   260.691187   123.761680    58.755164    27.893685    13.242371
     6.286741     2.984595     1.416920     0.672675     0.319349
     0.151609     0.071975     0.034170

    -0.000010     0.000050    -0.000039   0.00000000
    -0.000020    -0.000230     0.000161   0.00000000
     0.001270     0.000430     0.000103   0.00000000
    -0.023880     0.004520    -0.013372   0.00000000
     0.248870    -0.068700     0.172036   0.00000000
    -0.787110     0.244860    -0.628939   0.00000000
     0.112160    -0.056120     0.168698   0.00000000
     0.892570    -0.345710     1.331297   0.00000000
     0.338590    -0.249800    -0.072102   0.00000000
     0.029910     0.033940    -1.495996   0.00000000
    -0.004320     0.403650    -0.390976   0.00000000
     0.002450     0.524940     0.812514   0.00000000
    -0.000680     0.229070     0.370786     1.000000

    48.715261    26.348130    14.250646     7.707603     4.168733
     2.254700     1.219477     0.659566     0.356733     0.192943
     0.104355     0.056441     0.030527

    -0.000110     0.000127    -0.000300   0.00000000
    -0.001870     0.000156    -0.000180   0.00000000
     0.050170    -0.017138     0.037990   0.00000000
    -0.242320     0.093059    -0.211757   0.00000000
     0.020050    -0.016565     0.000171   0.00000000
     0.432730    -0.184838     0.666176   0.00000000
     0.447380    -0.221818     0.488915   0.00000000
     0.226440    -0.102233    -0.647660   0.00000000
     0.041500     0.188564    -0.958755   0.00000000
     0.007700     0.466827     0.092565   0.00000000
    -0.000930     0.391385     0.630474   0.00000000
     0.000970     0.118111     0.235654   0.00000000
    -0.000220     0.007839     0.016803     1.000000

    47.798938    26.432995    14.617547     8.083560     4.470239
     2.472059     1.367058     0.755988     0.418065     0.231191
     0.127850     0.070701     0.039098

     0.000010     0.000038   0.00000000
     0.000510    -0.001128   0.00000000
     0.008910    -0.011232   0.00000000
    -0.034020     0.048265   0.00000000
     0.074790    -0.130362   0.00000000
     0.246780    -0.445040   0.00000000
     0.314950    -0.333196   0.00000000
     0.284340     0.166071   0.00000000
     0.189280     0.424290   0.00000000
     0.092230     0.323528   0.00000000
     0.026060     0.122136   0.00000000
     0.003490     0.019594   0.00000000
     0.000020     0.000624     1.000000

     1.473056

     1.000000

Cd:cc-pVQZ-ccECP
ccECP cc-pVQZ for Cd | source recipes/Cd/ccECP/Cd.cc-pVQZ.gamess | ccECP from Omar Madany et al. Journal of Chemical Physics (2025) https://doi.org/10.1063/5.0285320

  6
    0    1    2    3    4    5
    6    6    5    3    2    1
   13   13   13    3    2    1

   260.691187   123.761680    58.755164    27.893685    13.242371
     6.286741     2.984595     1.416920     0.672675     0.319349
     0.151609     0.071975     0.034170

    -0.000010     0.000050    -0.000039    -0.000830    -0.005281   0.00000000
    -0.000020    -0.000230     0.000161     0.004179     0.026416   0.00000000
     0.001270     0.000430     0.000103    -0.013752    -0.083187   0.00000000
    -0.023880     0.004520    -0.013372     0.054572     0.250442   0.00000000
     0.248870    -0.068700     0.172036    -0.336154    -0.985203   0.00000000
    -0.787110     0.244860    -0.628939     1.157708     3.313913   0.00000000
     0.112160    -0.056120     0.168698    -0.676469    -5.262383   0.00000000
     0.892570    -0.345710     1.331297    -2.742551     1.934949   0.00000000
     0.338590    -0.249800    -0.072102     3.816181     4.475636   0.00000000
     0.029910     0.033940    -1.495996    -0.075145    -7.755094   0.00000000
    -0.004320     0.403650    -0.390976    -2.587895     5.307085   0.00000000
     0.002450     0.524940     0.812514     0.831611    -0.788776   0.00000000
    -0.000680     0.229070     0.370786     0.672149    -0.747799     1.000000

    48.715261    26.348130    14.250646     7.707603     4.168733
     2.254700     1.219477     0.659566     0.356733     0.192943
     0.104355     0.056441     0.030527

    -0.000110     0.000127    -0.000300    -0.001545    -0.016445   0.00000000
    -0.001870     0.000156    -0.000180     0.010831     0.090350   0.00000000
     0.050170    -0.017138     0.037990    -0.089634    -0.386392   0.00000000
    -0.242320     0.093059    -0.211757     0.388609     1.334446   0.00000000
     0.020050    -0.016565     0.000171     0.003244    -1.578384   0.00000000
     0.432730    -0.184838     0.666176    -1.841392    -2.145062   0.00000000
     0.447380    -0.221818     0.488915     0.927966     5.729977   0.00000000
     0.226440    -0.102233    -0.647660     1.898039    -4.083797   0.00000000
     0.041500     0.188564    -0.958755    -1.309706    -0.513436   0.00000000
     0.007700     0.466827     0.092565    -1.116253     2.320668   0.00000000
    -0.000930     0.391385     0.630474     0.742109    -0.562824   0.00000000
     0.000970     0.118111     0.235654     0.433130    -0.539284   0.00000000
    -0.000220     0.007839     0.016803     0.035160    -0.045673     1.000000

    47.798938    26.432995    14.617547     8.083560     4.470239
     2.472059     1.367058     0.755988     0.418065     0.231191
     0.127850     0.070701     0.039098

     0.000010     0.000038    -0.000364    -0.002924   0.00000000
     0.000510    -0.001128     0.000605     0.012291   0.00000000
     0.008910    -0.011232    -0.020310    -0.067961   0.00000000
    -0.034020     0.048265     0.086741     0.267737   0.00000000
     0.074790    -0.130362    -0.232146    -0.810949   0.00000000
     0.246780    -0.445040    -0.727831    -0.726170   0.00000000
     0.314950    -0.333196     0.240438     1.923763   0.00000000
     0.284340     0.166071     0.870683    -0.227840   0.00000000
     0.189280     0.424290     0.131086    -1.271666   0.00000000
     0.092230     0.323528    -0.545235     0.194787   0.00000000
     0.026060     0.122136    -0.369293     0.594683   0.00000000
     0.003490     0.019594    -0.075291     0.140111   0.00000000
     0.000020     0.000624    -0.004557     0.013466     1.000000

     3.929202     1.427305     0.518477

     1.000000   0.00000000   0.00000000
   0.00000000     1.000000   0.00000000
   0.00000000   0.00000000     1.000000

     2.792512     1.020428

     1.000000   0.00000000
   0.00000000     1.000000

     1.948017

     1.000000

Cd:cc-pVTZ-ccECP
ccECP cc-pVTZ for Cd | source recipes/Cd/ccECP/Cd.cc-pVTZ.gamess | ccECP from Omar Madany et al. Journal of Chemical Physics (2025) https://doi.org/10.1063/5.0285320

  5
    0    1    2    3    4
    5    5    4    2    1
   13   13   13    2    1

   260.691187   123.761680    58.755164    27.893685    13.242371
     6.286741     2.984595     1.416920     0.672675     0.319349
     0.151609     0.071975     0.034170

    -0.000010     0.000050    -0.000039    -0.000830   0.00000000
    -0.000020    -0.000230     0.000161     0.004179   0.00000000
     0.001270     0.000430     0.000103    -0.013752   0.00000000
    -0.023880     0.004520    -0.013372     0.054572   0.00000000
     0.248870    -0.068700     0.172036    -0.336154   0.00000000
    -0.787110     0.244860    -0.628939     1.157708   0.00000000
     0.112160    -0.056120     0.168698    -0.676469   0.00000000
     0.892570    -0.345710     1.331297    -2.742551   0.00000000
     0.338590    -0.249800    -0.072102     3.816181   0.00000000
     0.029910     0.033940    -1.495996    -0.075145   0.00000000
    -0.004320     0.403650    -0.390976    -2.587895   0.00000000
     0.002450     0.524940     0.812514     0.831611   0.00000000
    -0.000680     0.229070     0.370786     0.672149     1.000000

    48.715261    26.348130    14.250646     7.707603     4.168733
     2.254700     1.219477     0.659566     0.356733     0.192943
     0.104355     0.056441     0.030527

    -0.000110     0.000127    -0.000300    -0.001545   0.00000000
    -0.001870     0.000156    -0.000180     0.010831   0.00000000
     0.050170    -0.017138     0.037990    -0.089634   0.00000000
    -0.242320     0.093059    -0.211757     0.388609   0.00000000
     0.020050    -0.016565     0.000171     0.003244   0.00000000
     0.432730    -0.184838     0.666176    -1.841392   0.00000000
     0.447380    -0.221818     0.488915     0.927966   0.00000000
     0.226440    -0.102233    -0.647660     1.898039   0.00000000
     0.041500     0.188564    -0.958755    -1.309706   0.00000000
     0.007700     0.466827     0.092565    -1.116253   0.00000000
    -0.000930     0.391385     0.630474     0.742109   0.00000000
     0.000970     0.118111     0.235654     0.433130   0.00000000
    -0.000220     0.007839     0.016803     0.035160     1.000000

    47.798938    26.432995    14.617547     8.083560     4.470239
     2.472059     1.367058     0.755988     0.418065     0.231191
     0.127850     0.070701     0.039098

     0.000010     0.000038    -0.000364   0.00000000
     0.000510    -0.001128     0.000605   0.00000000
     0.008910    -0.011232    -0.020310   0.00000000
    -0.034020     0.048265     0.086741   0.00000000
     0.074790    -0.130362    -0.232146   0.00000000
     0.246780    -0.445040    -0.727831   0.00000000
     0.314950    -0.333196     0.240438   0.00000000
     0.284340     0.166071     0.870683   0.00000000
     0.189280     0.424290     0.131086   0.00000000
     0.092230     0.323528    -0.545235   0.00000000
     0.026060     0.122136    -0.369293   0.00000000
     0.003490     0.019594    -0.075291   0.00000000
     0.000020     0.000624    -0.004557     1.000000

     2.619991     0.798574

     1.000000   0.00000000
   0.00000000     1.000000

     1.777224

     1.000000

