
Rh:aug-cc-pCV5Z-ccECP
ccECP aug-cc-pCV5Z for Rh | source recipes/Rh/ccECP/Rh.aug-cc-pCV5Z.gamess | ccECP from Haihan Zhou et al. Journal of Chemical Physics (2024) https://doi.org/10.1063/5.0180057

  7
    0    1    2    3    4    5    6
   10   10    9    6    5    4    3
   16   16   16    6    5    4    3

   82.542276   43.378723   22.796968   11.980568    6.296189
    3.308858    1.738915    1.500400    0.938300    0.913858
    0.480263    0.252394    0.132642    0.069708    0.036634
    0.014654

     0.000385    -0.000107    -0.000484    -0.001143     0.006958    -0.050754
   0.00000000   0.00000000   0.00000000   0.00000000
    -0.001603     0.000490     0.002449     0.006019    -0.037005     0.272965
   0.00000000   0.00000000   0.00000000   0.00000000
    -0.019037     0.005344     0.008536     0.004205     0.152864    -0.929795
   0.00000000   0.00000000   0.00000000   0.00000000
     0.227901    -0.069023    -0.156529    -0.207108    -0.724235     2.940253
   0.00000000   0.00000000   0.00000000   0.00000000
    -0.474726     0.156836     0.359583     0.423583     1.713658    -7.355032
   0.00000000   0.00000000   0.00000000   0.00000000
    -0.381311     0.106926     0.370425     1.249231     0.634093     9.943015
   0.00000000   0.00000000   0.00000000   0.00000000
     0.533764    -0.191598    -0.725309    -3.209836    -8.016164    -3.433327
   0.00000000   0.00000000   0.00000000   0.00000000
   0.00000000   0.00000000   0.00000000   0.00000000   0.00000000   0.00000000
   0.00000000   0.00000000     1.000000   0.00000000
   0.00000000   0.00000000   0.00000000   0.00000000   0.00000000   0.00000000
   0.00000000   0.00000000   0.00000000     1.000000
     0.660302    -0.305804    -1.103890    -0.354536    11.246011    -9.208155
   0.00000000   0.00000000   0.00000000   0.00000000
     0.247619    -0.152449     0.353480     4.425558    -5.185520    18.596947
   0.00000000   0.00000000   0.00000000   0.00000000
     0.016053    -0.033166     1.484689    -1.830058    -2.663401   -18.228128
   0.00000000   0.00000000   0.00000000   0.00000000
     0.004310     0.389214     0.270406    -1.614488     3.592283     9.626400
   0.00000000   0.00000000   0.00000000   0.00000000
    -0.001754     0.361404    -0.419293     0.262486     0.107661    -1.236609
   0.00000000   0.00000000   0.00000000   0.00000000
    -0.000050     0.446772    -0.669448     0.889262    -1.127204    -0.909087
     1.000000   0.00000000   0.00000000   0.00000000
   0.00000000   0.00000000   0.00000000   0.00000000   0.00000000   0.00000000
   0.00000000     1.000000   0.00000000   0.00000000

   84.858474   44.643648   23.486815   12.356304    6.500594
    3.419932    3.357600    2.099500    1.799210    0.946556
    0.497979    0.261984    0.137829    0.072511    0.038148
    0.015259

    -0.000095    -0.000022    -0.000111     0.000810     0.009685    -0.027113
   0.00000000   0.00000000   0.00000000   0.00000000
     0.000748    -0.000017     0.000351    -0.004192    -0.047574     0.134498
   0.00000000   0.00000000   0.00000000   0.00000000
    -0.006102     0.001881     0.001841     0.016545     0.150892    -0.430106
   0.00000000   0.00000000   0.00000000   0.00000000
     0.068995    -0.033064    -0.051389    -0.103588    -0.494559     1.332747
   0.00000000   0.00000000   0.00000000   0.00000000
    -0.270876     0.143088     0.230653     0.359312     1.480772    -4.022933
   0.00000000   0.00000000   0.00000000   0.00000000
     0.012773    -0.004754     0.057072     0.276476    -1.748092     7.928074
   0.00000000   0.00000000   0.00000000   0.00000000
   0.00000000   0.00000000   0.00000000   0.00000000   0.00000000   0.00000000
   0.00000000   0.00000000     1.000000   0.00000000
   0.00000000   0.00000000   0.00000000   0.00000000   0.00000000   0.00000000
   0.00000000   0.00000000   0.00000000     1.000000
     0.435319    -0.293419    -0.833331    -2.535570    -1.811231    -8.193566
   0.00000000   0.00000000   0.00000000   0.00000000
     0.460470    -0.365577    -0.416277     2.069622     5.929111     3.870782
   0.00000000   0.00000000   0.00000000   0.00000000
     0.223673     0.024569     1.116260     1.239699    -5.785719     2.001583
   0.00000000   0.00000000   0.00000000   0.00000000
     0.040506     0.477543     0.618728    -2.117653     1.865993    -5.700970
   0.00000000   0.00000000   0.00000000   0.00000000
     0.005874     0.475050    -0.563965    -0.029405     1.136996     5.112975
   0.00000000   0.00000000   0.00000000   0.00000000
    -0.000112     0.171876    -0.531736     0.735051    -0.674928    -1.753052
   0.00000000   0.00000000   0.00000000   0.00000000
     0.000270     0.018690    -0.091666     0.212042    -0.421918    -0.268309
     1.000000   0.00000000   0.00000000   0.00000000
   0.00000000   0.00000000   0.00000000   0.00000000   0.00000000   0.00000000
   0.00000000     1.000000   0.00000000   0.00000000

   64.459698   33.929910   17.859823    9.400947    4.948414
    4.607400    2.604717    1.894400    1.371055    0.721688
    0.379878    0.199958    0.105253    0.055402    0.029162
    0.011665

     0.000086    -0.000096     0.000074     0.000512    -0.005366   0.00000000
   0.00000000   0.00000000   0.00000000
    -0.000059     0.000016    -0.000909    -0.003079     0.023418   0.00000000
   0.00000000   0.00000000   0.00000000
    -0.002096     0.002933     0.006917     0.014676    -0.060255   0.00000000
   0.00000000   0.00000000   0.00000000
    -0.014618     0.018410     0.018674     0.008375     0.231764   0.00000000
   0.00000000   0.00000000   0.00000000
    -0.005893     0.008954     0.039186     0.161438    -0.282237   0.00000000
   0.00000000   0.00000000   0.00000000
   0.00000000   0.00000000   0.00000000   0.00000000   0.00000000   0.00000000
   0.00000000     1.000000   0.00000000
     0.155101    -0.235531    -0.512224    -1.339366    -1.852439   0.00000000
   0.00000000   0.00000000   0.00000000
   0.00000000   0.00000000   0.00000000   0.00000000   0.00000000   0.00000000
   0.00000000   0.00000000     1.000000
     0.295581    -0.446269    -0.517747     0.611115     3.684946   0.00000000
   0.00000000   0.00000000   0.00000000
     0.309231    -0.171834     0.722908     1.450074    -2.606086   0.00000000
   0.00000000   0.00000000   0.00000000
     0.249594     0.296462     0.605390    -1.394828    -0.147699   0.00000000
   0.00000000   0.00000000   0.00000000
     0.159012     0.421515    -0.281365    -0.326747     1.483756   0.00000000
   0.00000000   0.00000000   0.00000000
     0.074383     0.255986    -0.487323     0.519744    -0.484259   0.00000000
   0.00000000   0.00000000   0.00000000
     0.017242     0.070244    -0.180469     0.328836    -0.408078   0.00000000
   0.00000000   0.00000000   0.00000000
     0.001114     0.004543    -0.013203     0.016946    -0.060904     1.000000
   0.00000000   0.00000000   0.00000000
   0.00000000   0.00000000   0.00000000   0.00000000   0.00000000   0.00000000
     1.000000   0.00000000   0.00000000

    8.005000    3.660000    1.673400    0.765100    0.287200
    0.107800

     1.000000   0.00000000   0.00000000   0.00000000   0.00000000   0.00000000
   0.00000000     1.000000   0.00000000   0.00000000   0.00000000   0.00000000
   0.00000000   0.00000000     1.000000   0.00000000   0.00000000   0.00000000
   0.00000000   0.00000000   0.00000000     1.000000   0.00000000   0.00000000
   0.00000000   0.00000000   0.00000000   0.00000000     1.000000   0.00000000
   0.00000000   0.00000000   0.00000000   0.00000000   0.00000000     1.000000

    3.708500    2.073500    1.159300    0.468000    0.188900

     1.000000   0.00000000   0.00000000   0.00000000   0.00000000
   0.00000000     1.000000   0.00000000   0.00000000   0.00000000
   0.00000000   0.00000000     1.000000   0.00000000   0.00000000
   0.00000000   0.00000000   0.00000000     1.000000   0.00000000
   0.00000000   0.00000000   0.00000000   0.00000000     1.000000

    3.608200    1.958500    0.833200    0.354500

     1.000000   0.00000000   0.00000000   0.00000000
   0.00000000     1.000000   0.00000000   0.00000000
   0.00000000   0.00000000     1.000000   0.00000000
   0.00000000   0.00000000   0.00000000     1.000000

    3.560200    1.756200    0.866300

     1.000000   0.00000000   0.00000000
   0.00000000     1.000000   0.00000000
   0.00000000   0.00000000     1.000000

Rh:aug-cc-pCVDZ-ccECP
ccECP aug-cc-pCVDZ for Rh | source recipes/Rh/ccECP/Rh.aug-cc-pCVDZ.gamess | ccECP from Haihan Zhou et al. Journal of Chemical Physics (2024) https://doi.org/10.1063/5.0180057

  4
    0    1    2    3
    6    6    5    3
   15   15   15    3

   82.542276   43.378723   22.796968   11.980568    6.296189
    3.308858    2.153900    1.738915    0.913858    0.480263
    0.252394    0.132642    0.069708    0.036634    0.014654

     0.000385    -0.000107    -0.000484   0.00000000   0.00000000   0.00000000
    -0.001603     0.000490     0.002449   0.00000000   0.00000000   0.00000000
    -0.019037     0.005344     0.008536   0.00000000   0.00000000   0.00000000
     0.227901    -0.069023    -0.156529   0.00000000   0.00000000   0.00000000
    -0.474726     0.156836     0.359583   0.00000000   0.00000000   0.00000000
    -0.381311     0.106926     0.370425   0.00000000   0.00000000   0.00000000
   0.00000000   0.00000000   0.00000000   0.00000000   0.00000000     1.000000
     0.533764    -0.191598    -0.725309   0.00000000   0.00000000   0.00000000
     0.660302    -0.305804    -1.103890   0.00000000   0.00000000   0.00000000
     0.247619    -0.152449     0.353480   0.00000000   0.00000000   0.00000000
     0.016053    -0.033166     1.484689   0.00000000   0.00000000   0.00000000
     0.004310     0.389214     0.270406   0.00000000   0.00000000   0.00000000
    -0.001754     0.361404    -0.419293   0.00000000   0.00000000   0.00000000
    -0.000050     0.446772    -0.669448     1.000000   0.00000000   0.00000000
   0.00000000   0.00000000   0.00000000   0.00000000     1.000000   0.00000000

   84.858474   44.643648   23.486815   12.356304    6.500594
    3.419932    2.217300    1.799210    0.946556    0.497979
    0.261984    0.137829    0.072511    0.038148    0.015259

    -0.000095    -0.000022    -0.000111   0.00000000   0.00000000   0.00000000
     0.000748    -0.000017     0.000351   0.00000000   0.00000000   0.00000000
    -0.006102     0.001881     0.001841   0.00000000   0.00000000   0.00000000
     0.068995    -0.033064    -0.051389   0.00000000   0.00000000   0.00000000
    -0.270876     0.143088     0.230653   0.00000000   0.00000000   0.00000000
     0.012773    -0.004754     0.057072   0.00000000   0.00000000   0.00000000
   0.00000000   0.00000000   0.00000000   0.00000000   0.00000000     1.000000
     0.435319    -0.293419    -0.833331   0.00000000   0.00000000   0.00000000
     0.460470    -0.365577    -0.416277   0.00000000   0.00000000   0.00000000
     0.223673     0.024569     1.116260   0.00000000   0.00000000   0.00000000
     0.040506     0.477543     0.618728   0.00000000   0.00000000   0.00000000
     0.005874     0.475050    -0.563965   0.00000000   0.00000000   0.00000000
    -0.000112     0.171876    -0.531736   0.00000000   0.00000000   0.00000000
     0.000270     0.018690    -0.091666     1.000000   0.00000000   0.00000000
   0.00000000   0.00000000   0.00000000   0.00000000     1.000000   0.00000000

   64.459698   33.929910   17.859823    9.400947    4.948414
    2.604717    2.244900    1.371055    0.721688    0.379878
    0.199958    0.105253    0.055402    0.029162    0.011665

     0.000086    -0.000096   0.00000000   0.00000000   0.00000000
    -0.000059     0.000016   0.00000000   0.00000000   0.00000000
    -0.002096     0.002933   0.00000000   0.00000000   0.00000000
    -0.014618     0.018410   0.00000000   0.00000000   0.00000000
    -0.005893     0.008954   0.00000000   0.00000000   0.00000000
     0.155101    -0.235531   0.00000000   0.00000000   0.00000000
   0.00000000   0.00000000   0.00000000   0.00000000     1.000000
     0.295581    -0.446269   0.00000000   0.00000000   0.00000000
     0.309231    -0.171834   0.00000000   0.00000000   0.00000000
     0.249594     0.296462   0.00000000   0.00000000   0.00000000
     0.159012     0.421515   0.00000000   0.00000000   0.00000000
     0.074383     0.255986   0.00000000   0.00000000   0.00000000
     0.017242     0.070244   0.00000000   0.00000000   0.00000000
     0.001114     0.004543     1.000000   0.00000000   0.00000000
   0.00000000   0.00000000   0.00000000     1.000000   0.00000000

    3.064000    0.993600    0.322200

     1.000000   0.00000000   0.00000000
   0.00000000     1.000000   0.00000000
   0.00000000   0.00000000     1.000000

Rh:aug-cc-pCVQZ-ccECP
ccECP aug-cc-pCVQZ for Rh | source recipes/Rh/ccECP/Rh.aug-cc-pCVQZ.gamess | ccECP from Haihan Zhou et al. Journal of Chemical Physics (2024) https://doi.org/10.1063/5.0180057

  6
    0    1    2    3    4    5
    9    9    8    5    4    3
   16   16   16    5    4    3

   82.542276   43.378723   22.796968   11.980568    6.296189
    3.308858    2.309600    1.738915    1.446100    0.913858
    0.480263    0.252394    0.132642    0.069708    0.036634
    0.014654

     0.000385    -0.000107    -0.000484    -0.001143     0.006958   0.00000000
   0.00000000   0.00000000   0.00000000
    -0.001603     0.000490     0.002449     0.006019    -0.037005   0.00000000
   0.00000000   0.00000000   0.00000000
    -0.019037     0.005344     0.008536     0.004205     0.152864   0.00000000
   0.00000000   0.00000000   0.00000000
     0.227901    -0.069023    -0.156529    -0.207108    -0.724235   0.00000000
   0.00000000   0.00000000   0.00000000
    -0.474726     0.156836     0.359583     0.423583     1.713658   0.00000000
   0.00000000   0.00000000   0.00000000
    -0.381311     0.106926     0.370425     1.249231     0.634093   0.00000000
   0.00000000   0.00000000   0.00000000
   0.00000000   0.00000000   0.00000000   0.00000000   0.00000000   0.00000000
   0.00000000     1.000000   0.00000000
     0.533764    -0.191598    -0.725309    -3.209836    -8.016164   0.00000000
   0.00000000   0.00000000   0.00000000
   0.00000000   0.00000000   0.00000000   0.00000000   0.00000000   0.00000000
   0.00000000   0.00000000     1.000000
     0.660302    -0.305804    -1.103890    -0.354536    11.246011   0.00000000
   0.00000000   0.00000000   0.00000000
     0.247619    -0.152449     0.353480     4.425558    -5.185520   0.00000000
   0.00000000   0.00000000   0.00000000
     0.016053    -0.033166     1.484689    -1.830058    -2.663401   0.00000000
   0.00000000   0.00000000   0.00000000
     0.004310     0.389214     0.270406    -1.614488     3.592283   0.00000000
   0.00000000   0.00000000   0.00000000
    -0.001754     0.361404    -0.419293     0.262486     0.107661   0.00000000
   0.00000000   0.00000000   0.00000000
    -0.000050     0.446772    -0.669448     0.889262    -1.127204     1.000000
   0.00000000   0.00000000   0.00000000
   0.00000000   0.00000000   0.00000000   0.00000000   0.00000000   0.00000000
     1.000000   0.00000000   0.00000000

   84.858474   44.643648   23.486815   12.356304    6.500594
    3.419932    3.215800    1.799210    1.544200    0.946556
    0.497979    0.261984    0.137829    0.072511    0.038148
    0.015259

    -0.000095    -0.000022    -0.000111     0.000810     0.009685   0.00000000
   0.00000000   0.00000000   0.00000000
     0.000748    -0.000017     0.000351    -0.004192    -0.047574   0.00000000
   0.00000000   0.00000000   0.00000000
    -0.006102     0.001881     0.001841     0.016545     0.150892   0.00000000
   0.00000000   0.00000000   0.00000000
     0.068995    -0.033064    -0.051389    -0.103588    -0.494559   0.00000000
   0.00000000   0.00000000   0.00000000
    -0.270876     0.143088     0.230653     0.359312     1.480772   0.00000000
   0.00000000   0.00000000   0.00000000
     0.012773    -0.004754     0.057072     0.276476    -1.748092   0.00000000
   0.00000000   0.00000000   0.00000000
   0.00000000   0.00000000   0.00000000   0.00000000   0.00000000   0.00000000
   0.00000000     1.000000   0.00000000
     0.435319    -0.293419    -0.833331    -2.535570    -1.811231   0.00000000
   0.00000000   0.00000000   0.00000000
   0.00000000   0.00000000   0.00000000   0.00000000   0.00000000   0.00000000
   0.00000000   0.00000000     1.000000
     0.460470    -0.365577    -0.416277     2.069622     5.929111   0.00000000
   0.00000000   0.00000000   0.00000000
     0.223673     0.024569     1.116260     1.239699    -5.785719   0.00000000
   0.00000000   0.00000000   0.00000000
     0.040506     0.477543     0.618728    -2.117653     1.865993   0.00000000
   0.00000000   0.00000000   0.00000000
     0.005874     0.475050    -0.563965    -0.029405     1.136996   0.00000000
   0.00000000   0.00000000   0.00000000
    -0.000112     0.171876    -0.531736     0.735051    -0.674928   0.00000000
   0.00000000   0.00000000   0.00000000
     0.000270     0.018690    -0.091666     0.212042    -0.421918     1.000000
   0.00000000   0.00000000   0.00000000
   0.00000000   0.00000000   0.00000000   0.00000000   0.00000000   0.00000000
     1.000000   0.00000000   0.00000000

   64.459698   33.929910   17.859823    9.400947    4.948414
    4.036200    2.604717    1.511900    1.371055    0.721688
    0.379878    0.199958    0.105253    0.055402    0.029162
    0.011665

     0.000086    -0.000096     0.000074     0.000512   0.00000000   0.00000000
   0.00000000   0.00000000
    -0.000059     0.000016    -0.000909    -0.003079   0.00000000   0.00000000
   0.00000000   0.00000000
    -0.002096     0.002933     0.006917     0.014676   0.00000000   0.00000000
   0.00000000   0.00000000
    -0.014618     0.018410     0.018674     0.008375   0.00000000   0.00000000
   0.00000000   0.00000000
    -0.005893     0.008954     0.039186     0.161438   0.00000000   0.00000000
   0.00000000   0.00000000
   0.00000000   0.00000000   0.00000000   0.00000000   0.00000000   0.00000000
     1.000000   0.00000000
     0.155101    -0.235531    -0.512224    -1.339366   0.00000000   0.00000000
   0.00000000   0.00000000
   0.00000000   0.00000000   0.00000000   0.00000000   0.00000000   0.00000000
   0.00000000     1.000000
     0.295581    -0.446269    -0.517747     0.611115   0.00000000   0.00000000
   0.00000000   0.00000000
     0.309231    -0.171834     0.722908     1.450074   0.00000000   0.00000000
   0.00000000   0.00000000
     0.249594     0.296462     0.605390    -1.394828   0.00000000   0.00000000
   0.00000000   0.00000000
     0.159012     0.421515    -0.281365    -0.326747   0.00000000   0.00000000
   0.00000000   0.00000000
     0.074383     0.255986    -0.487323     0.519744   0.00000000   0.00000000
   0.00000000   0.00000000
     0.017242     0.070244    -0.180469     0.328836   0.00000000   0.00000000
   0.00000000   0.00000000
     0.001114     0.004543    -0.013203     0.016946     1.000000   0.00000000
   0.00000000   0.00000000
   0.00000000   0.00000000   0.00000000   0.00000000   0.00000000     1.000000
   0.00000000   0.00000000

    5.497100    2.368800    1.020800    0.369100    0.133500

     1.000000   0.00000000   0.00000000   0.00000000   0.00000000
   0.00000000     1.000000   0.00000000   0.00000000   0.00000000
   0.00000000   0.00000000     1.000000   0.00000000   0.00000000
   0.00000000   0.00000000   0.00000000     1.000000   0.00000000
   0.00000000   0.00000000   0.00000000   0.00000000     1.000000

    3.209100    1.601600    0.674000    0.283600

     1.000000   0.00000000   0.00000000   0.00000000
   0.00000000     1.000000   0.00000000   0.00000000
   0.00000000   0.00000000     1.000000   0.00000000
   0.00000000   0.00000000   0.00000000     1.000000

    3.044500    1.343600    0.592900

     1.000000   0.00000000   0.00000000
   0.00000000     1.000000   0.00000000
   0.00000000   0.00000000     1.000000

Rh:aug-cc-pCVTZ-ccECP
ccECP aug-cc-pCVTZ for Rh | source recipes/Rh/ccECP/Rh.aug-cc-pCVTZ.gamess | ccECP from Haihan Zhou et al. Journal of Chemical Physics (2024) https://doi.org/10.1063/5.0180057

  5
    0    1    2    3    4
    8    8    7    4    3
   16   16   16    4    3

   82.542276   43.378723   22.796968   11.980568    6.296189
    3.308858    1.929400    1.738915    1.208900    0.913858
    0.480263    0.252394    0.132642    0.069708    0.036634
    0.014654

     0.000385    -0.000107    -0.000484    -0.001143   0.00000000   0.00000000
   0.00000000   0.00000000
    -0.001603     0.000490     0.002449     0.006019   0.00000000   0.00000000
   0.00000000   0.00000000
    -0.019037     0.005344     0.008536     0.004205   0.00000000   0.00000000
   0.00000000   0.00000000
     0.227901    -0.069023    -0.156529    -0.207108   0.00000000   0.00000000
   0.00000000   0.00000000
    -0.474726     0.156836     0.359583     0.423583   0.00000000   0.00000000
   0.00000000   0.00000000
    -0.381311     0.106926     0.370425     1.249231   0.00000000   0.00000000
   0.00000000   0.00000000
   0.00000000   0.00000000   0.00000000   0.00000000   0.00000000   0.00000000
     1.000000   0.00000000
     0.533764    -0.191598    -0.725309    -3.209836   0.00000000   0.00000000
   0.00000000   0.00000000
   0.00000000   0.00000000   0.00000000   0.00000000   0.00000000   0.00000000
   0.00000000     1.000000
     0.660302    -0.305804    -1.103890    -0.354536   0.00000000   0.00000000
   0.00000000   0.00000000
     0.247619    -0.152449     0.353480     4.425558   0.00000000   0.00000000
   0.00000000   0.00000000
     0.016053    -0.033166     1.484689    -1.830058   0.00000000   0.00000000
   0.00000000   0.00000000
     0.004310     0.389214     0.270406    -1.614488   0.00000000   0.00000000
   0.00000000   0.00000000
    -0.001754     0.361404    -0.419293     0.262486   0.00000000   0.00000000
   0.00000000   0.00000000
    -0.000050     0.446772    -0.669448     0.889262     1.000000   0.00000000
   0.00000000   0.00000000
   0.00000000   0.00000000   0.00000000   0.00000000   0.00000000     1.000000
   0.00000000   0.00000000

   84.858474   44.643648   23.486815   12.356304    6.500594
    3.419932    3.202900    1.799210    1.018700    0.946556
    0.497979    0.261984    0.137829    0.072511    0.038148
    0.015259

    -0.000095    -0.000022    -0.000111     0.000810   0.00000000   0.00000000
   0.00000000   0.00000000
     0.000748    -0.000017     0.000351    -0.004192   0.00000000   0.00000000
   0.00000000   0.00000000
    -0.006102     0.001881     0.001841     0.016545   0.00000000   0.00000000
   0.00000000   0.00000000
     0.068995    -0.033064    -0.051389    -0.103588   0.00000000   0.00000000
   0.00000000   0.00000000
    -0.270876     0.143088     0.230653     0.359312   0.00000000   0.00000000
   0.00000000   0.00000000
     0.012773    -0.004754     0.057072     0.276476   0.00000000   0.00000000
   0.00000000   0.00000000
   0.00000000   0.00000000   0.00000000   0.00000000   0.00000000   0.00000000
     1.000000   0.00000000
     0.435319    -0.293419    -0.833331    -2.535570   0.00000000   0.00000000
   0.00000000   0.00000000
   0.00000000   0.00000000   0.00000000   0.00000000   0.00000000   0.00000000
   0.00000000     1.000000
     0.460470    -0.365577    -0.416277     2.069622   0.00000000   0.00000000
   0.00000000   0.00000000
     0.223673     0.024569     1.116260     1.239699   0.00000000   0.00000000
   0.00000000   0.00000000
     0.040506     0.477543     0.618728    -2.117653   0.00000000   0.00000000
   0.00000000   0.00000000
     0.005874     0.475050    -0.563965    -0.029405   0.00000000   0.00000000
   0.00000000   0.00000000
    -0.000112     0.171876    -0.531736     0.735051   0.00000000   0.00000000
   0.00000000   0.00000000
     0.000270     0.018690    -0.091666     0.212042     1.000000   0.00000000
   0.00000000   0.00000000
   0.00000000   0.00000000   0.00000000   0.00000000   0.00000000     1.000000
   0.00000000   0.00000000

   64.459698   33.929910   17.859823    9.400947    4.948414
    3.386200    2.604717    1.371055    1.099100    0.721688
    0.379878    0.199958    0.105253    0.055402    0.029162
    0.011665

     0.000086    -0.000096     0.000074   0.00000000   0.00000000   0.00000000
   0.00000000
    -0.000059     0.000016    -0.000909   0.00000000   0.00000000   0.00000000
   0.00000000
    -0.002096     0.002933     0.006917   0.00000000   0.00000000   0.00000000
   0.00000000
    -0.014618     0.018410     0.018674   0.00000000   0.00000000   0.00000000
   0.00000000
    -0.005893     0.008954     0.039186   0.00000000   0.00000000   0.00000000
   0.00000000
   0.00000000   0.00000000   0.00000000   0.00000000   0.00000000     1.000000
   0.00000000
     0.155101    -0.235531    -0.512224   0.00000000   0.00000000   0.00000000
   0.00000000
     0.295581    -0.446269    -0.517747   0.00000000   0.00000000   0.00000000
   0.00000000
   0.00000000   0.00000000   0.00000000   0.00000000   0.00000000   0.00000000
     1.000000
     0.309231    -0.171834     0.722908   0.00000000   0.00000000   0.00000000
   0.00000000
     0.249594     0.296462     0.605390   0.00000000   0.00000000   0.00000000
   0.00000000
     0.159012     0.421515    -0.281365   0.00000000   0.00000000   0.00000000
   0.00000000
     0.074383     0.255986    -0.487323   0.00000000   0.00000000   0.00000000
   0.00000000
     0.017242     0.070244    -0.180469   0.00000000   0.00000000   0.00000000
   0.00000000
     0.001114     0.004543    -0.013203     1.000000   0.00000000   0.00000000
   0.00000000
   0.00000000   0.00000000   0.00000000   0.00000000     1.000000   0.00000000
   0.00000000

    3.866100    1.471900    0.555300    0.209500

     1.000000   0.00000000   0.00000000   0.00000000
   0.00000000     1.000000   0.00000000   0.00000000
   0.00000000   0.00000000     1.000000   0.00000000
   0.00000000   0.00000000   0.00000000     1.000000

    2.834700    1.190700    0.500100

     1.000000   0.00000000   0.00000000
   0.00000000     1.000000   0.00000000
   0.00000000   0.00000000     1.000000

Rh:aug-cc-pV5Z-ccECP
ccECP aug-cc-pV5Z for Rh | source recipes/Rh/ccECP/Rh.aug-cc-pV5Z.gamess | ccECP from Haihan Zhou et al. Journal of Chemical Physics (2024) https://doi.org/10.1063/5.0180057

  7
    0    1    2    3    4    5    6
    8    8    7    5    4    3    2
   14   14   14    5    4    3    2

   82.542276   43.378723   22.796968   11.980568    6.296189
    3.308858    1.738915    0.913858    0.480263    0.252394
    0.132642    0.069708    0.036634    0.014654

     0.000385    -0.000107    -0.000484    -0.001143     0.006958    -0.050754
   0.00000000   0.00000000
    -0.001603     0.000490     0.002449     0.006019    -0.037005     0.272965
   0.00000000   0.00000000
    -0.019037     0.005344     0.008536     0.004205     0.152864    -0.929795
   0.00000000   0.00000000
     0.227901    -0.069023    -0.156529    -0.207108    -0.724235     2.940253
   0.00000000   0.00000000
    -0.474726     0.156836     0.359583     0.423583     1.713658    -7.355032
   0.00000000   0.00000000
    -0.381311     0.106926     0.370425     1.249231     0.634093     9.943015
   0.00000000   0.00000000
     0.533764    -0.191598    -0.725309    -3.209836    -8.016164    -3.433327
   0.00000000   0.00000000
     0.660302    -0.305804    -1.103890    -0.354536    11.246011    -9.208155
   0.00000000   0.00000000
     0.247619    -0.152449     0.353480     4.425558    -5.185520    18.596947
   0.00000000   0.00000000
     0.016053    -0.033166     1.484689    -1.830058    -2.663401   -18.228128
   0.00000000   0.00000000
     0.004310     0.389214     0.270406    -1.614488     3.592283     9.626400
   0.00000000   0.00000000
    -0.001754     0.361404    -0.419293     0.262486     0.107661    -1.236609
   0.00000000   0.00000000
    -0.000050     0.446772    -0.669448     0.889262    -1.127204    -0.909087
     1.000000   0.00000000
   0.00000000   0.00000000   0.00000000   0.00000000   0.00000000   0.00000000
   0.00000000     1.000000

   84.858474   44.643648   23.486815   12.356304    6.500594
    3.419932    1.799210    0.946556    0.497979    0.261984
    0.137829    0.072511    0.038148    0.015259

    -0.000095    -0.000022    -0.000111     0.000810     0.009685    -0.027113
   0.00000000   0.00000000
     0.000748    -0.000017     0.000351    -0.004192    -0.047574     0.134498
   0.00000000   0.00000000
    -0.006102     0.001881     0.001841     0.016545     0.150892    -0.430106
   0.00000000   0.00000000
     0.068995    -0.033064    -0.051389    -0.103588    -0.494559     1.332747
   0.00000000   0.00000000
    -0.270876     0.143088     0.230653     0.359312     1.480772    -4.022933
   0.00000000   0.00000000
     0.012773    -0.004754     0.057072     0.276476    -1.748092     7.928074
   0.00000000   0.00000000
     0.435319    -0.293419    -0.833331    -2.535570    -1.811231    -8.193566
   0.00000000   0.00000000
     0.460470    -0.365577    -0.416277     2.069622     5.929111     3.870782
   0.00000000   0.00000000
     0.223673     0.024569     1.116260     1.239699    -5.785719     2.001583
   0.00000000   0.00000000
     0.040506     0.477543     0.618728    -2.117653     1.865993    -5.700970
   0.00000000   0.00000000
     0.005874     0.475050    -0.563965    -0.029405     1.136996     5.112975
   0.00000000   0.00000000
    -0.000112     0.171876    -0.531736     0.735051    -0.674928    -1.753052
   0.00000000   0.00000000
     0.000270     0.018690    -0.091666     0.212042    -0.421918    -0.268309
     1.000000   0.00000000
   0.00000000   0.00000000   0.00000000   0.00000000   0.00000000   0.00000000
   0.00000000     1.000000

   64.459698   33.929910   17.859823    9.400947    4.948414
    2.604717    1.371055    0.721688    0.379878    0.199958
    0.105253    0.055402    0.029162    0.011665

     0.000086    -0.000096     0.000074     0.000512    -0.005366   0.00000000
   0.00000000
    -0.000059     0.000016    -0.000909    -0.003079     0.023418   0.00000000
   0.00000000
    -0.002096     0.002933     0.006917     0.014676    -0.060255   0.00000000
   0.00000000
    -0.014618     0.018410     0.018674     0.008375     0.231764   0.00000000
   0.00000000
    -0.005893     0.008954     0.039186     0.161438    -0.282237   0.00000000
   0.00000000
     0.155101    -0.235531    -0.512224    -1.339366    -1.852439   0.00000000
   0.00000000
     0.295581    -0.446269    -0.517747     0.611115     3.684946   0.00000000
   0.00000000
     0.309231    -0.171834     0.722908     1.450074    -2.606086   0.00000000
   0.00000000
     0.249594     0.296462     0.605390    -1.394828    -0.147699   0.00000000
   0.00000000
     0.159012     0.421515    -0.281365    -0.326747     1.483756   0.00000000
   0.00000000
     0.074383     0.255986    -0.487323     0.519744    -0.484259   0.00000000
   0.00000000
     0.017242     0.070244    -0.180469     0.328836    -0.408078   0.00000000
   0.00000000
     0.001114     0.004543    -0.013203     0.016946    -0.060904     1.000000
   0.00000000
   0.00000000   0.00000000   0.00000000   0.00000000   0.00000000   0.00000000
     1.000000

    5.389700    2.028100    0.763100    0.287200    0.107800

     1.000000   0.00000000   0.00000000   0.00000000   0.00000000
   0.00000000     1.000000   0.00000000   0.00000000   0.00000000
   0.00000000   0.00000000     1.000000   0.00000000   0.00000000
   0.00000000   0.00000000   0.00000000     1.000000   0.00000000
   0.00000000   0.00000000   0.00000000   0.00000000     1.000000

    2.731400    1.130600    0.468000    0.188900

     1.000000   0.00000000   0.00000000   0.00000000
   0.00000000     1.000000   0.00000000   0.00000000
   0.00000000   0.00000000     1.000000   0.00000000
   0.00000000   0.00000000   0.00000000     1.000000

    2.234400    0.833200    0.354500

     1.000000   0.00000000   0.00000000
   0.00000000     1.000000   0.00000000
   0.00000000   0.00000000     1.000000

    1.756200    0.866300

     1.000000   0.00000000
   0.00000000     1.000000

Rh:aug-cc-pVDZ-ccECP
ccECP aug-cc-pVDZ for Rh | source recipes/Rh/ccECP/Rh.aug-cc-pVDZ.gamess | ccECP from Haihan Zhou et al. Journal of Chemical Physics (2024) https://doi.org/10.1063/5.0180057

  4
    0    1    2    3
    5    5    4    2
   14   14   14    2

   82.542276   43.378723   22.796968   11.980568    6.296189
    3.308858    1.738915    0.913858    0.480263    0.252394
    0.132642    0.069708    0.036634    0.014654

     0.000385    -0.000107    -0.000484   0.00000000   0.00000000
    -0.001603     0.000490     0.002449   0.00000000   0.00000000
    -0.019037     0.005344     0.008536   0.00000000   0.00000000
     0.227901    -0.069023    -0.156529   0.00000000   0.00000000
    -0.474726     0.156836     0.359583   0.00000000   0.00000000
    -0.381311     0.106926     0.370425   0.00000000   0.00000000
     0.533764    -0.191598    -0.725309   0.00000000   0.00000000
     0.660302    -0.305804    -1.103890   0.00000000   0.00000000
     0.247619    -0.152449     0.353480   0.00000000   0.00000000
     0.016053    -0.033166     1.484689   0.00000000   0.00000000
     0.004310     0.389214     0.270406   0.00000000   0.00000000
    -0.001754     0.361404    -0.419293   0.00000000   0.00000000
    -0.000050     0.446772    -0.669448     1.000000   0.00000000
   0.00000000   0.00000000   0.00000000   0.00000000     1.000000

   84.858474   44.643648   23.486815   12.356304    6.500594
    3.419932    1.799210    0.946556    0.497979    0.261984
    0.137829    0.072511    0.038148    0.015259

    -0.000095    -0.000022    -0.000111   0.00000000   0.00000000
     0.000748    -0.000017     0.000351   0.00000000   0.00000000
    -0.006102     0.001881     0.001841   0.00000000   0.00000000
     0.068995    -0.033064    -0.051389   0.00000000   0.00000000
    -0.270876     0.143088     0.230653   0.00000000   0.00000000
     0.012773    -0.004754     0.057072   0.00000000   0.00000000
     0.435319    -0.293419    -0.833331   0.00000000   0.00000000
     0.460470    -0.365577    -0.416277   0.00000000   0.00000000
     0.223673     0.024569     1.116260   0.00000000   0.00000000
     0.040506     0.477543     0.618728   0.00000000   0.00000000
     0.005874     0.475050    -0.563965   0.00000000   0.00000000
    -0.000112     0.171876    -0.531736   0.00000000   0.00000000
     0.000270     0.018690    -0.091666     1.000000   0.00000000
   0.00000000   0.00000000   0.00000000   0.00000000     1.000000

   64.459698   33.929910   17.859823    9.400947    4.948414
    2.604717    1.371055    0.721688    0.379878    0.199958
    0.105253    0.055402    0.029162    0.011665

     0.000086    -0.000096   0.00000000   0.00000000
    -0.000059     0.000016   0.00000000   0.00000000
    -0.002096     0.002933   0.00000000   0.00000000
    -0.014618     0.018410   0.00000000   0.00000000
    -0.005893     0.008954   0.00000000   0.00000000
     0.155101    -0.235531   0.00000000   0.00000000
     0.295581    -0.446269   0.00000000   0.00000000
     0.309231    -0.171834   0.00000000   0.00000000
     0.249594     0.296462   0.00000000   0.00000000
     0.159012     0.421515   0.00000000   0.00000000
     0.074383     0.255986   0.00000000   0.00000000
     0.017242     0.070244   0.00000000   0.00000000
     0.001114     0.004543     1.000000   0.00000000
   0.00000000   0.00000000   0.00000000     1.000000

    0.993600    0.322200

     1.000000   0.00000000
   0.00000000     1.000000

Rh:aug-cc-pVQZ-ccECP
ccECP aug-cc-pVQZ for Rh | source recipes/Rh/ccECP/Rh.aug-cc-pVQZ.gamess | ccECP from Haihan Zhou et al. Journal of Chemical Physics (2024) https://doi.org/10.1063/5.0180057

  6
    0    1    2    3    4    5
    7    7    6    4    3    2
   14   14   14    4    3    2

   82.542276   43.378723   22.796968   11.980568    6.296189
    3.308858    1.738915    0.913858    0.480263    0.252394
    0.132642    0.069708    0.036634    0.014654

     0.000385    -0.000107    -0.000484    -0.001143     0.006958   0.00000000
   0.00000000
    -0.001603     0.000490     0.002449     0.006019    -0.037005   0.00000000
   0.00000000
    -0.019037     0.005344     0.008536     0.004205     0.152864   0.00000000
   0.00000000
     0.227901    -0.069023    -0.156529    -0.207108    -0.724235   0.00000000
   0.00000000
    -0.474726     0.156836     0.359583     0.423583     1.713658   0.00000000
   0.00000000
    -0.381311     0.106926     0.370425     1.249231     0.634093   0.00000000
   0.00000000
     0.533764    -0.191598    -0.725309    -3.209836    -8.016164   0.00000000
   0.00000000
     0.660302    -0.305804    -1.103890    -0.354536    11.246011   0.00000000
   0.00000000
     0.247619    -0.152449     0.353480     4.425558    -5.185520   0.00000000
   0.00000000
     0.016053    -0.033166     1.484689    -1.830058    -2.663401   0.00000000
   0.00000000
     0.004310     0.389214     0.270406    -1.614488     3.592283   0.00000000
   0.00000000
    -0.001754     0.361404    -0.419293     0.262486     0.107661   0.00000000
   0.00000000
    -0.000050     0.446772    -0.669448     0.889262    -1.127204     1.000000
   0.00000000
   0.00000000   0.00000000   0.00000000   0.00000000   0.00000000   0.00000000
     1.000000

   84.858474   44.643648   23.486815   12.356304    6.500594
    3.419932    1.799210    0.946556    0.497979    0.261984
    0.137829    0.072511    0.038148    0.015259

    -0.000095    -0.000022    -0.000111     0.000810     0.009685   0.00000000
   0.00000000
     0.000748    -0.000017     0.000351    -0.004192    -0.047574   0.00000000
   0.00000000
    -0.006102     0.001881     0.001841     0.016545     0.150892   0.00000000
   0.00000000
     0.068995    -0.033064    -0.051389    -0.103588    -0.494559   0.00000000
   0.00000000
    -0.270876     0.143088     0.230653     0.359312     1.480772   0.00000000
   0.00000000
     0.012773    -0.004754     0.057072     0.276476    -1.748092   0.00000000
   0.00000000
     0.435319    -0.293419    -0.833331    -2.535570    -1.811231   0.00000000
   0.00000000
     0.460470    -0.365577    -0.416277     2.069622     5.929111   0.00000000
   0.00000000
     0.223673     0.024569     1.116260     1.239699    -5.785719   0.00000000
   0.00000000
     0.040506     0.477543     0.618728    -2.117653     1.865993   0.00000000
   0.00000000
     0.005874     0.475050    -0.563965    -0.029405     1.136996   0.00000000
   0.00000000
    -0.000112     0.171876    -0.531736     0.735051    -0.674928   0.00000000
   0.00000000
     0.000270     0.018690    -0.091666     0.212042    -0.421918     1.000000
   0.00000000
   0.00000000   0.00000000   0.00000000   0.00000000   0.00000000   0.00000000
     1.000000

   64.459698   33.929910   17.859823    9.400947    4.948414
    2.604717    1.371055    0.721688    0.379878    0.199958
    0.105253    0.055402    0.029162    0.011665

     0.000086    -0.000096     0.000074     0.000512   0.00000000   0.00000000
    -0.000059     0.000016    -0.000909    -0.003079   0.00000000   0.00000000
    -0.002096     0.002933     0.006917     0.014676   0.00000000   0.00000000
    -0.014618     0.018410     0.018674     0.008375   0.00000000   0.00000000
    -0.005893     0.008954     0.039186     0.161438   0.00000000   0.00000000
     0.155101    -0.235531    -0.512224    -1.339366   0.00000000   0.00000000
     0.295581    -0.446269    -0.517747     0.611115   0.00000000   0.00000000
     0.309231    -0.171834     0.722908     1.450074   0.00000000   0.00000000
     0.249594     0.296462     0.605390    -1.394828   0.00000000   0.00000000
     0.159012     0.421515    -0.281365    -0.326747   0.00000000   0.00000000
     0.074383     0.255986    -0.487323     0.519744   0.00000000   0.00000000
     0.017242     0.070244    -0.180469     0.328836   0.00000000   0.00000000
     0.001114     0.004543    -0.013203     0.016946     1.000000   0.00000000
   0.00000000   0.00000000   0.00000000   0.00000000   0.00000000     1.000000

    3.313100    1.105800    0.369100    0.133500

     1.000000   0.00000000   0.00000000   0.00000000
   0.00000000     1.000000   0.00000000   0.00000000
   0.00000000   0.00000000     1.000000   0.00000000
   0.00000000   0.00000000   0.00000000     1.000000

    1.956500    0.674000    0.283600

     1.000000   0.00000000   0.00000000
   0.00000000     1.000000   0.00000000
   0.00000000   0.00000000     1.000000

    1.343600    0.592900

     1.000000   0.00000000
   0.00000000     1.000000

Rh:aug-cc-pVTZ-ccECP
ccECP aug-cc-pVTZ for Rh | source recipes/Rh/ccECP/Rh.aug-cc-pVTZ.gamess | ccECP from Haihan Zhou et al. Journal of Chemical Physics (2024) https://doi.org/10.1063/5.0180057

  5
    0    1    2    3    4
    6    6    5    3    2
   14   14   14    3    2

   82.542276   43.378723   22.796968   11.980568    6.296189
    3.308858    1.738915    0.913858    0.480263    0.252394
    0.132642    0.069708    0.036634    0.014654

     0.000385    -0.000107    -0.000484    -0.001143   0.00000000   0.00000000
    -0.001603     0.000490     0.002449     0.006019   0.00000000   0.00000000
    -0.019037     0.005344     0.008536     0.004205   0.00000000   0.00000000
     0.227901    -0.069023    -0.156529    -0.207108   0.00000000   0.00000000
    -0.474726     0.156836     0.359583     0.423583   0.00000000   0.00000000
    -0.381311     0.106926     0.370425     1.249231   0.00000000   0.00000000
     0.533764    -0.191598    -0.725309    -3.209836   0.00000000   0.00000000
     0.660302    -0.305804    -1.103890    -0.354536   0.00000000   0.00000000
     0.247619    -0.152449     0.353480     4.425558   0.00000000   0.00000000
     0.016053    -0.033166     1.484689    -1.830058   0.00000000   0.00000000
     0.004310     0.389214     0.270406    -1.614488   0.00000000   0.00000000
    -0.001754     0.361404    -0.419293     0.262486   0.00000000   0.00000000
    -0.000050     0.446772    -0.669448     0.889262     1.000000   0.00000000
   0.00000000   0.00000000   0.00000000   0.00000000   0.00000000     1.000000

   84.858474   44.643648   23.486815   12.356304    6.500594
    3.419932    1.799210    0.946556    0.497979    0.261984
    0.137829    0.072511    0.038148    0.015259

    -0.000095    -0.000022    -0.000111     0.000810   0.00000000   0.00000000
     0.000748    -0.000017     0.000351    -0.004192   0.00000000   0.00000000
    -0.006102     0.001881     0.001841     0.016545   0.00000000   0.00000000
     0.068995    -0.033064    -0.051389    -0.103588   0.00000000   0.00000000
    -0.270876     0.143088     0.230653     0.359312   0.00000000   0.00000000
     0.012773    -0.004754     0.057072     0.276476   0.00000000   0.00000000
     0.435319    -0.293419    -0.833331    -2.535570   0.00000000   0.00000000
     0.460470    -0.365577    -0.416277     2.069622   0.00000000   0.00000000
     0.223673     0.024569     1.116260     1.239699   0.00000000   0.00000000
     0.040506     0.477543     0.618728    -2.117653   0.00000000   0.00000000
     0.005874     0.475050    -0.563965    -0.029405   0.00000000   0.00000000
    -0.000112     0.171876    -0.531736     0.735051   0.00000000   0.00000000
     0.000270     0.018690    -0.091666     0.212042     1.000000   0.00000000
   0.00000000   0.00000000   0.00000000   0.00000000   0.00000000     1.000000

   64.459698   33.929910   17.859823    9.400947    4.948414
    2.604717    1.371055    0.721688    0.379878    0.199958
    0.105253    0.055402    0.029162    0.011665

     0.000086    -0.000096     0.000074   0.00000000   0.00000000
    -0.000059     0.000016    -0.000909   0.00000000   0.00000000
    -0.002096     0.002933     0.006917   0.00000000   0.00000000
    -0.014618     0.018410     0.018674   0.00000000   0.00000000
    -0.005893     0.008954     0.039186   0.00000000   0.00000000
     0.155101    -0.235531    -0.512224   0.00000000   0.00000000
     0.295581    -0.446269    -0.517747   0.00000000   0.00000000
     0.309231    -0.171834     0.722908   0.00000000   0.00000000
     0.249594     0.296462     0.605390   0.00000000   0.00000000
     0.159012     0.421515    -0.281365   0.00000000   0.00000000
     0.074383     0.255986    -0.487323   0.00000000   0.00000000
     0.017242     0.070244    -0.180469   0.00000000   0.00000000
     0.001114     0.004543    -0.013203     1.000000   0.00000000
   0.00000000   0.00000000   0.00000000   0.00000000     1.000000

    1.960600    0.555300    0.209500

     1.000000   0.00000000   0.00000000
   0.00000000     1.000000   0.00000000
   0.00000000   0.00000000     1.000000

    1.190700    0.500100

     1.000000   0.00000000
   0.00000000     1.000000

Rh:cc-pCV5Z-ccECP
ccECP cc-pCV5Z for Rh | source recipes/Rh/ccECP/Rh.cc-pCV5Z.gamess | ccECP from Haihan Zhou et al. Journal of Chemical Physics (2024) https://doi.org/10.1063/5.0180057

  7
    0    1    2    3    4    5    6
    9    9    8    5    4    3    2
   15   15   15    5    4    3    2

   82.542276   43.378723   22.796968   11.980568    6.296189
    3.308858    1.738915    1.500400    0.938300    0.913858
    0.480263    0.252394    0.132642    0.069708    0.036634

     0.000385    -0.000107    -0.000484    -0.001143     0.006958    -0.050754
   0.00000000   0.00000000   0.00000000
    -0.001603     0.000490     0.002449     0.006019    -0.037005     0.272965
   0.00000000   0.00000000   0.00000000
    -0.019037     0.005344     0.008536     0.004205     0.152864    -0.929795
   0.00000000   0.00000000   0.00000000
     0.227901    -0.069023    -0.156529    -0.207108    -0.724235     2.940253
   0.00000000   0.00000000   0.00000000
    -0.474726     0.156836     0.359583     0.423583     1.713658    -7.355032
   0.00000000   0.00000000   0.00000000
    -0.381311     0.106926     0.370425     1.249231     0.634093     9.943015
   0.00000000   0.00000000   0.00000000
     0.533764    -0.191598    -0.725309    -3.209836    -8.016164    -3.433327
   0.00000000   0.00000000   0.00000000
   0.00000000   0.00000000   0.00000000   0.00000000   0.00000000   0.00000000
   0.00000000     1.000000   0.00000000
   0.00000000   0.00000000   0.00000000   0.00000000   0.00000000   0.00000000
   0.00000000   0.00000000     1.000000
     0.660302    -0.305804    -1.103890    -0.354536    11.246011    -9.208155
   0.00000000   0.00000000   0.00000000
     0.247619    -0.152449     0.353480     4.425558    -5.185520    18.596947
   0.00000000   0.00000000   0.00000000
     0.016053    -0.033166     1.484689    -1.830058    -2.663401   -18.228128
   0.00000000   0.00000000   0.00000000
     0.004310     0.389214     0.270406    -1.614488     3.592283     9.626400
   0.00000000   0.00000000   0.00000000
    -0.001754     0.361404    -0.419293     0.262486     0.107661    -1.236609
   0.00000000   0.00000000   0.00000000
    -0.000050     0.446772    -0.669448     0.889262    -1.127204    -0.909087
     1.000000   0.00000000   0.00000000

   84.858474   44.643648   23.486815   12.356304    6.500594
    3.419932    3.357600    2.099500    1.799210    0.946556
    0.497979    0.261984    0.137829    0.072511    0.038148

    -0.000095    -0.000022    -0.000111     0.000810     0.009685    -0.027113
   0.00000000   0.00000000   0.00000000
     0.000748    -0.000017     0.000351    -0.004192    -0.047574     0.134498
   0.00000000   0.00000000   0.00000000
    -0.006102     0.001881     0.001841     0.016545     0.150892    -0.430106
   0.00000000   0.00000000   0.00000000
     0.068995    -0.033064    -0.051389    -0.103588    -0.494559     1.332747
   0.00000000   0.00000000   0.00000000
    -0.270876     0.143088     0.230653     0.359312     1.480772    -4.022933
   0.00000000   0.00000000   0.00000000
     0.012773    -0.004754     0.057072     0.276476    -1.748092     7.928074
   0.00000000   0.00000000   0.00000000
   0.00000000   0.00000000   0.00000000   0.00000000   0.00000000   0.00000000
   0.00000000     1.000000   0.00000000
   0.00000000   0.00000000   0.00000000   0.00000000   0.00000000   0.00000000
   0.00000000   0.00000000     1.000000
     0.435319    -0.293419    -0.833331    -2.535570    -1.811231    -8.193566
   0.00000000   0.00000000   0.00000000
     0.460470    -0.365577    -0.416277     2.069622     5.929111     3.870782
   0.00000000   0.00000000   0.00000000
     0.223673     0.024569     1.116260     1.239699    -5.785719     2.001583
   0.00000000   0.00000000   0.00000000
     0.040506     0.477543     0.618728    -2.117653     1.865993    -5.700970
   0.00000000   0.00000000   0.00000000
     0.005874     0.475050    -0.563965    -0.029405     1.136996     5.112975
   0.00000000   0.00000000   0.00000000
    -0.000112     0.171876    -0.531736     0.735051    -0.674928    -1.753052
   0.00000000   0.00000000   0.00000000
     0.000270     0.018690    -0.091666     0.212042    -0.421918    -0.268309
     1.000000   0.00000000   0.00000000

   64.459698   33.929910   17.859823    9.400947    4.948414
    4.607400    2.604717    1.894400    1.371055    0.721688
    0.379878    0.199958    0.105253    0.055402    0.029162

     0.000086    -0.000096     0.000074     0.000512    -0.005366   0.00000000
   0.00000000   0.00000000
    -0.000059     0.000016    -0.000909    -0.003079     0.023418   0.00000000
   0.00000000   0.00000000
    -0.002096     0.002933     0.006917     0.014676    -0.060255   0.00000000
   0.00000000   0.00000000
    -0.014618     0.018410     0.018674     0.008375     0.231764   0.00000000
   0.00000000   0.00000000
    -0.005893     0.008954     0.039186     0.161438    -0.282237   0.00000000
   0.00000000   0.00000000
   0.00000000   0.00000000   0.00000000   0.00000000   0.00000000   0.00000000
     1.000000   0.00000000
     0.155101    -0.235531    -0.512224    -1.339366    -1.852439   0.00000000
   0.00000000   0.00000000
   0.00000000   0.00000000   0.00000000   0.00000000   0.00000000   0.00000000
   0.00000000     1.000000
     0.295581    -0.446269    -0.517747     0.611115     3.684946   0.00000000
   0.00000000   0.00000000
     0.309231    -0.171834     0.722908     1.450074    -2.606086   0.00000000
   0.00000000   0.00000000
     0.249594     0.296462     0.605390    -1.394828    -0.147699   0.00000000
   0.00000000   0.00000000
     0.159012     0.421515    -0.281365    -0.326747     1.483756   0.00000000
   0.00000000   0.00000000
     0.074383     0.255986    -0.487323     0.519744    -0.484259   0.00000000
   0.00000000   0.00000000
     0.017242     0.070244    -0.180469     0.328836    -0.408078   0.00000000
   0.00000000   0.00000000
     0.001114     0.004543    -0.013203     0.016946    -0.060904     1.000000
   0.00000000   0.00000000

    8.005000    3.660000    1.673400    0.765100    0.287200

     1.000000   0.00000000   0.00000000   0.00000000   0.00000000
   0.00000000     1.000000   0.00000000   0.00000000   0.00000000
   0.00000000   0.00000000     1.000000   0.00000000   0.00000000
   0.00000000   0.00000000   0.00000000     1.000000   0.00000000
   0.00000000   0.00000000   0.00000000   0.00000000     1.000000

    3.708500    2.073500    1.159300    0.468000

     1.000000   0.00000000   0.00000000   0.00000000
   0.00000000     1.000000   0.00000000   0.00000000
   0.00000000   0.00000000     1.000000   0.00000000
   0.00000000   0.00000000   0.00000000     1.000000

    3.608200    1.958500    0.833200

     1.000000   0.00000000   0.00000000
   0.00000000     1.000000   0.00000000
   0.00000000   0.00000000     1.000000

    3.560200    1.756200

     1.000000   0.00000000
   0.00000000     1.000000

Rh:cc-pCVDZ-ccECP
ccECP cc-pCVDZ for Rh | source recipes/Rh/ccECP/Rh.cc-pCVDZ.gamess | ccECP from Haihan Zhou et al. Journal of Chemical Physics (2024) https://doi.org/10.1063/5.0180057

  4
    0    1    2    3
    5    5    4    2
   14   14   14    2

   82.542276   43.378723   22.796968   11.980568    6.296189
    3.308858    2.153900    1.738915    0.913858    0.480263
    0.252394    0.132642    0.069708    0.036634

     0.000385    -0.000107    -0.000484   0.00000000   0.00000000
    -0.001603     0.000490     0.002449   0.00000000   0.00000000
    -0.019037     0.005344     0.008536   0.00000000   0.00000000
     0.227901    -0.069023    -0.156529   0.00000000   0.00000000
    -0.474726     0.156836     0.359583   0.00000000   0.00000000
    -0.381311     0.106926     0.370425   0.00000000   0.00000000
   0.00000000   0.00000000   0.00000000   0.00000000     1.000000
     0.533764    -0.191598    -0.725309   0.00000000   0.00000000
     0.660302    -0.305804    -1.103890   0.00000000   0.00000000
     0.247619    -0.152449     0.353480   0.00000000   0.00000000
     0.016053    -0.033166     1.484689   0.00000000   0.00000000
     0.004310     0.389214     0.270406   0.00000000   0.00000000
    -0.001754     0.361404    -0.419293   0.00000000   0.00000000
    -0.000050     0.446772    -0.669448     1.000000   0.00000000

   84.858474   44.643648   23.486815   12.356304    6.500594
    3.419932    2.217300    1.799210    0.946556    0.497979
    0.261984    0.137829    0.072511    0.038148

    -0.000095    -0.000022    -0.000111   0.00000000   0.00000000
     0.000748    -0.000017     0.000351   0.00000000   0.00000000
    -0.006102     0.001881     0.001841   0.00000000   0.00000000
     0.068995    -0.033064    -0.051389   0.00000000   0.00000000
    -0.270876     0.143088     0.230653   0.00000000   0.00000000
     0.012773    -0.004754     0.057072   0.00000000   0.00000000
   0.00000000   0.00000000   0.00000000   0.00000000     1.000000
     0.435319    -0.293419    -0.833331   0.00000000   0.00000000
     0.460470    -0.365577    -0.416277   0.00000000   0.00000000
     0.223673     0.024569     1.116260   0.00000000   0.00000000
     0.040506     0.477543     0.618728   0.00000000   0.00000000
     0.005874     0.475050    -0.563965   0.00000000   0.00000000
    -0.000112     0.171876    -0.531736   0.00000000   0.00000000
     0.000270     0.018690    -0.091666     1.000000   0.00000000

   64.459698   33.929910   17.859823    9.400947    4.948414
    2.604717    2.244900    1.371055    0.721688    0.379878
    0.199958    0.105253    0.055402    0.029162

     0.000086    -0.000096   0.00000000   0.00000000
    -0.000059     0.000016   0.00000000   0.00000000
    -0.002096     0.002933   0.00000000   0.00000000
    -0.014618     0.018410   0.00000000   0.00000000
    -0.005893     0.008954   0.00000000   0.00000000
     0.155101    -0.235531   0.00000000   0.00000000
   0.00000000   0.00000000   0.00000000     1.000000
     0.295581    -0.446269   0.00000000   0.00000000
     0.309231    -0.171834   0.00000000   0.00000000
     0.249594     0.296462   0.00000000   0.00000000
     0.159012     0.421515   0.00000000   0.00000000
     0.074383     0.255986   0.00000000   0.00000000
     0.017242     0.070244   0.00000000   0.00000000
     0.001114     0.004543     1.000000   0.00000000

    3.064000    0.993600

     1.000000   0.00000000
   0.00000000     1.000000

Rh:cc-pCVQZ-ccECP
ccECP cc-pCVQZ for Rh | source recipes/Rh/ccECP/Rh.cc-pCVQZ.gamess | ccECP from Haihan Zhou et al. Journal of Chemical Physics (2024) https://doi.org/10.1063/5.0180057

  6
    0    1    2    3    4    5
    8    8    7    4    3    2
   15   15   15    4    3    2

   82.542276   43.378723   22.796968   11.980568    6.296189
    3.308858    2.309600    1.738915    1.446100    0.913858
    0.480263    0.252394    0.132642    0.069708    0.036634

     0.000385    -0.000107    -0.000484    -0.001143     0.006958   0.00000000
   0.00000000   0.00000000
    -0.001603     0.000490     0.002449     0.006019    -0.037005   0.00000000
   0.00000000   0.00000000
    -0.019037     0.005344     0.008536     0.004205     0.152864   0.00000000
   0.00000000   0.00000000
     0.227901    -0.069023    -0.156529    -0.207108    -0.724235   0.00000000
   0.00000000   0.00000000
    -0.474726     0.156836     0.359583     0.423583     1.713658   0.00000000
   0.00000000   0.00000000
    -0.381311     0.106926     0.370425     1.249231     0.634093   0.00000000
   0.00000000   0.00000000
   0.00000000   0.00000000   0.00000000   0.00000000   0.00000000   0.00000000
     1.000000   0.00000000
     0.533764    -0.191598    -0.725309    -3.209836    -8.016164   0.00000000
   0.00000000   0.00000000
   0.00000000   0.00000000   0.00000000   0.00000000   0.00000000   0.00000000
   0.00000000     1.000000
     0.660302    -0.305804    -1.103890    -0.354536    11.246011   0.00000000
   0.00000000   0.00000000
     0.247619    -0.152449     0.353480     4.425558    -5.185520   0.00000000
   0.00000000   0.00000000
     0.016053    -0.033166     1.484689    -1.830058    -2.663401   0.00000000
   0.00000000   0.00000000
     0.004310     0.389214     0.270406    -1.614488     3.592283   0.00000000
   0.00000000   0.00000000
    -0.001754     0.361404    -0.419293     0.262486     0.107661   0.00000000
   0.00000000   0.00000000
    -0.000050     0.446772    -0.669448     0.889262    -1.127204     1.000000
   0.00000000   0.00000000

   84.858474   44.643648   23.486815   12.356304    6.500594
    3.419932    3.215800    1.799210    1.544200    0.946556
    0.497979    0.261984    0.137829    0.072511    0.038148

    -0.000095    -0.000022    -0.000111     0.000810     0.009685   0.00000000
   0.00000000   0.00000000
     0.000748    -0.000017     0.000351    -0.004192    -0.047574   0.00000000
   0.00000000   0.00000000
    -0.006102     0.001881     0.001841     0.016545     0.150892   0.00000000
   0.00000000   0.00000000
     0.068995    -0.033064    -0.051389    -0.103588    -0.494559   0.00000000
   0.00000000   0.00000000
    -0.270876     0.143088     0.230653     0.359312     1.480772   0.00000000
   0.00000000   0.00000000
     0.012773    -0.004754     0.057072     0.276476    -1.748092   0.00000000
   0.00000000   0.00000000
   0.00000000   0.00000000   0.00000000   0.00000000   0.00000000   0.00000000
     1.000000   0.00000000
     0.435319    -0.293419    -0.833331    -2.535570    -1.811231   0.00000000
   0.00000000   0.00000000
   0.00000000   0.00000000   0.00000000   0.00000000   0.00000000   0.00000000
   0.00000000     1.000000
     0.460470    -0.365577    -0.416277     2.069622     5.929111   0.00000000
   0.00000000   0.00000000
     0.223673     0.024569     1.116260     1.239699    -5.785719   0.00000000
   0.00000000   0.00000000
     0.040506     0.477543     0.618728    -2.117653     1.865993   0.00000000
   0.00000000   0.00000000
     0.005874     0.475050    -0.563965    -0.029405     1.136996   0.00000000
   0.00000000   0.00000000
    -0.000112     0.171876    -0.531736     0.735051    -0.674928   0.00000000
   0.00000000   0.00000000
     0.000270     0.018690    -0.091666     0.212042    -0.421918     1.000000
   0.00000000   0.00000000

   64.459698   33.929910   17.859823    9.400947    4.948414
    4.036200    2.604717    1.511900    1.371055    0.721688
    0.379878    0.199958    0.105253    0.055402    0.029162

     0.000086    -0.000096     0.000074     0.000512   0.00000000   0.00000000
   0.00000000
    -0.000059     0.000016    -0.000909    -0.003079   0.00000000   0.00000000
   0.00000000
    -0.002096     0.002933     0.006917     0.014676   0.00000000   0.00000000
   0.00000000
    -0.014618     0.018410     0.018674     0.008375   0.00000000   0.00000000
   0.00000000
    -0.005893     0.008954     0.039186     0.161438   0.00000000   0.00000000
   0.00000000
   0.00000000   0.00000000   0.00000000   0.00000000   0.00000000     1.000000
   0.00000000
     0.155101    -0.235531    -0.512224    -1.339366   0.00000000   0.00000000
   0.00000000
   0.00000000   0.00000000   0.00000000   0.00000000   0.00000000   0.00000000
     1.000000
     0.295581    -0.446269    -0.517747     0.611115   0.00000000   0.00000000
   0.00000000
     0.309231    -0.171834     0.722908     1.450074   0.00000000   0.00000000
   0.00000000
     0.249594     0.296462     0.605390    -1.394828   0.00000000   0.00000000
   0.00000000
     0.159012     0.421515    -0.281365    -0.326747   0.00000000   0.00000000
   0.00000000
     0.074383     0.255986    -0.487323     0.519744   0.00000000   0.00000000
   0.00000000
     0.017242     0.070244    -0.180469     0.328836   0.00000000   0.00000000
   0.00000000
     0.001114     0.004543    -0.013203     0.016946     1.000000   0.00000000
   0.00000000

    5.497100    2.368800    1.020800    0.369100

     1.000000   0.00000000   0.00000000   0.00000000
   0.00000000     1.000000   0.00000000   0.00000000
   0.00000000   0.00000000     1.000000   0.00000000
   0.00000000   0.00000000   0.00000000     1.000000

    3.209100    1.601600    0.674000

     1.000000   0.00000000   0.00000000
   0.00000000     1.000000   0.00000000
   0.00000000   0.00000000     1.000000

    3.044500    1.343600

     1.000000   0.00000000
   0.00000000     1.000000

Rh:cc-pCVTZ-ccECP
ccECP cc-pCVTZ for Rh | source recipes/Rh/ccECP/Rh.cc-pCVTZ.gamess | ccECP from Haihan Zhou et al. Journal of Chemical Physics (2024) https://doi.org/10.1063/5.0180057

  5
    0    1    2    3    4
    7    7    6    3    2
   15   15   15    3    2

   82.542276   43.378723   22.796968   11.980568    6.296189
    3.308858    1.929400    1.738915    1.208900    0.913858
    0.480263    0.252394    0.132642    0.069708    0.036634

     0.000385    -0.000107    -0.000484    -0.001143   0.00000000   0.00000000
   0.00000000
    -0.001603     0.000490     0.002449     0.006019   0.00000000   0.00000000
   0.00000000
    -0.019037     0.005344     0.008536     0.004205   0.00000000   0.00000000
   0.00000000
     0.227901    -0.069023    -0.156529    -0.207108   0.00000000   0.00000000
   0.00000000
    -0.474726     0.156836     0.359583     0.423583   0.00000000   0.00000000
   0.00000000
    -0.381311     0.106926     0.370425     1.249231   0.00000000   0.00000000
   0.00000000
   0.00000000   0.00000000   0.00000000   0.00000000   0.00000000     1.000000
   0.00000000
     0.533764    -0.191598    -0.725309    -3.209836   0.00000000   0.00000000
   0.00000000
   0.00000000   0.00000000   0.00000000   0.00000000   0.00000000   0.00000000
     1.000000
     0.660302    -0.305804    -1.103890    -0.354536   0.00000000   0.00000000
   0.00000000
     0.247619    -0.152449     0.353480     4.425558   0.00000000   0.00000000
   0.00000000
     0.016053    -0.033166     1.484689    -1.830058   0.00000000   0.00000000
   0.00000000
     0.004310     0.389214     0.270406    -1.614488   0.00000000   0.00000000
   0.00000000
    -0.001754     0.361404    -0.419293     0.262486   0.00000000   0.00000000
   0.00000000
    -0.000050     0.446772    -0.669448     0.889262     1.000000   0.00000000
   0.00000000

   84.858474   44.643648   23.486815   12.356304    6.500594
    3.419932    3.202900    1.799210    1.018700    0.946556
    0.497979    0.261984    0.137829    0.072511    0.038148

    -0.000095    -0.000022    -0.000111     0.000810   0.00000000   0.00000000
   0.00000000
     0.000748    -0.000017     0.000351    -0.004192   0.00000000   0.00000000
   0.00000000
    -0.006102     0.001881     0.001841     0.016545   0.00000000   0.00000000
   0.00000000
     0.068995    -0.033064    -0.051389    -0.103588   0.00000000   0.00000000
   0.00000000
    -0.270876     0.143088     0.230653     0.359312   0.00000000   0.00000000
   0.00000000
     0.012773    -0.004754     0.057072     0.276476   0.00000000   0.00000000
   0.00000000
   0.00000000   0.00000000   0.00000000   0.00000000   0.00000000     1.000000
   0.00000000
     0.435319    -0.293419    -0.833331    -2.535570   0.00000000   0.00000000
   0.00000000
   0.00000000   0.00000000   0.00000000   0.00000000   0.00000000   0.00000000
     1.000000
     0.460470    -0.365577    -0.416277     2.069622   0.00000000   0.00000000
   0.00000000
     0.223673     0.024569     1.116260     1.239699   0.00000000   0.00000000
   0.00000000
     0.040506     0.477543     0.618728    -2.117653   0.00000000   0.00000000
   0.00000000
     0.005874     0.475050    -0.563965    -0.029405   0.00000000   0.00000000
   0.00000000
    -0.000112     0.171876    -0.531736     0.735051   0.00000000   0.00000000
   0.00000000
     0.000270     0.018690    -0.091666     0.212042     1.000000   0.00000000
   0.00000000

   64.459698   33.929910   17.859823    9.400947    4.948414
    3.386200    2.604717    1.371055    1.099100    0.721688
    0.379878    0.199958    0.105253    0.055402    0.029162

     0.000086    -0.000096     0.000074   0.00000000   0.00000000   0.00000000
    -0.000059     0.000016    -0.000909   0.00000000   0.00000000   0.00000000
    -0.002096     0.002933     0.006917   0.00000000   0.00000000   0.00000000
    -0.014618     0.018410     0.018674   0.00000000   0.00000000   0.00000000
    -0.005893     0.008954     0.039186   0.00000000   0.00000000   0.00000000
   0.00000000   0.00000000   0.00000000   0.00000000     1.000000   0.00000000
     0.155101    -0.235531    -0.512224   0.00000000   0.00000000   0.00000000
     0.295581    -0.446269    -0.517747   0.00000000   0.00000000   0.00000000
   0.00000000   0.00000000   0.00000000   0.00000000   0.00000000     1.000000
     0.309231    -0.171834     0.722908   0.00000000   0.00000000   0.00000000
     0.249594     0.296462     0.605390   0.00000000   0.00000000   0.00000000
     0.159012     0.421515    -0.281365   0.00000000   0.00000000   0.00000000
     0.074383     0.255986    -0.487323   0.00000000   0.00000000   0.00000000
     0.017242     0.070244    -0.180469   0.00000000   0.00000000   0.00000000
     0.001114     0.004543    -0.013203     1.000000   0.00000000   0.00000000

    3.866100    1.471900    0.555300

     1.000000   0.00000000   0.00000000
   0.00000000     1.000000   0.00000000
   0.00000000   0.00000000     1.000000

    2.834700    1.190700

     1.000000   0.00000000
   0.00000000     1.000000

Rh:cc-pV5Z-ccECP
ccECP cc-pV5Z for Rh | source recipes/Rh/ccECP/Rh.cc-pV5Z.gamess | ccECP from Haihan Zhou et al. Journal of Chemical Physics (2024) https://doi.org/10.1063/5.0180057

  7
    0    1    2    3    4    5    6
    7    7    6    4    3    2    1
   13   13   13    4    3    2    1

   82.542276   43.378723   22.796968   11.980568    6.296189
    3.308858    1.738915    0.913858    0.480263    0.252394
    0.132642    0.069708    0.036634

     0.000385    -0.000107    -0.000484    -0.001143     0.006958    -0.050754
   0.00000000
    -0.001603     0.000490     0.002449     0.006019    -0.037005     0.272965
   0.00000000
    -0.019037     0.005344     0.008536     0.004205     0.152864    -0.929795
   0.00000000
     0.227901    -0.069023    -0.156529    -0.207108    -0.724235     2.940253
   0.00000000
    -0.474726     0.156836     0.359583     0.423583     1.713658    -7.355032
   0.00000000
    -0.381311     0.106926     0.370425     1.249231     0.634093     9.943015
   0.00000000
     0.533764    -0.191598    -0.725309    -3.209836    -8.016164    -3.433327
   0.00000000
     0.660302    -0.305804    -1.103890    -0.354536    11.246011    -9.208155
   0.00000000
     0.247619    -0.152449     0.353480     4.425558    -5.185520    18.596947
   0.00000000
     0.016053    -0.033166     1.484689    -1.830058    -2.663401   -18.228128
   0.00000000
     0.004310     0.389214     0.270406    -1.614488     3.592283     9.626400
   0.00000000
    -0.001754     0.361404    -0.419293     0.262486     0.107661    -1.236609
   0.00000000
    -0.000050     0.446772    -0.669448     0.889262    -1.127204    -0.909087
     1.000000

   84.858474   44.643648   23.486815   12.356304    6.500594
    3.419932    1.799210    0.946556    0.497979    0.261984
    0.137829    0.072511    0.038148

    -0.000095    -0.000022    -0.000111     0.000810     0.009685    -0.027113
   0.00000000
     0.000748    -0.000017     0.000351    -0.004192    -0.047574     0.134498
   0.00000000
    -0.006102     0.001881     0.001841     0.016545     0.150892    -0.430106
   0.00000000
     0.068995    -0.033064    -0.051389    -0.103588    -0.494559     1.332747
   0.00000000
    -0.270876     0.143088     0.230653     0.359312     1.480772    -4.022933
   0.00000000
     0.012773    -0.004754     0.057072     0.276476    -1.748092     7.928074
   0.00000000
     0.435319    -0.293419    -0.833331    -2.535570    -1.811231    -8.193566
   0.00000000
     0.460470    -0.365577    -0.416277     2.069622     5.929111     3.870782
   0.00000000
     0.223673     0.024569     1.116260     1.239699    -5.785719     2.001583
   0.00000000
     0.040506     0.477543     0.618728    -2.117653     1.865993    -5.700970
   0.00000000
     0.005874     0.475050    -0.563965    -0.029405     1.136996     5.112975
   0.00000000
    -0.000112     0.171876    -0.531736     0.735051    -0.674928    -1.753052
   0.00000000
     0.000270     0.018690    -0.091666     0.212042    -0.421918    -0.268309
     1.000000

   64.459698   33.929910   17.859823    9.400947    4.948414
    2.604717    1.371055    0.721688    0.379878    0.199958
    0.105253    0.055402    0.029162

     0.000086    -0.000096     0.000074     0.000512    -0.005366   0.00000000
    -0.000059     0.000016    -0.000909    -0.003079     0.023418   0.00000000
    -0.002096     0.002933     0.006917     0.014676    -0.060255   0.00000000
    -0.014618     0.018410     0.018674     0.008375     0.231764   0.00000000
    -0.005893     0.008954     0.039186     0.161438    -0.282237   0.00000000
     0.155101    -0.235531    -0.512224    -1.339366    -1.852439   0.00000000
     0.295581    -0.446269    -0.517747     0.611115     3.684946   0.00000000
     0.309231    -0.171834     0.722908     1.450074    -2.606086   0.00000000
     0.249594     0.296462     0.605390    -1.394828    -0.147699   0.00000000
     0.159012     0.421515    -0.281365    -0.326747     1.483756   0.00000000
     0.074383     0.255986    -0.487323     0.519744    -0.484259   0.00000000
     0.017242     0.070244    -0.180469     0.328836    -0.408078   0.00000000
     0.001114     0.004543    -0.013203     0.016946    -0.060904     1.000000

    5.389700    2.028100    0.763100    0.287200

     1.000000   0.00000000   0.00000000   0.00000000
   0.00000000     1.000000   0.00000000   0.00000000
   0.00000000   0.00000000     1.000000   0.00000000
   0.00000000   0.00000000   0.00000000     1.000000

    2.731400    1.130600    0.468000

     1.000000   0.00000000   0.00000000
   0.00000000     1.000000   0.00000000
   0.00000000   0.00000000     1.000000

    2.234400    0.833200

     1.000000   0.00000000
   0.00000000     1.000000

    1.756200

     1.000000

Rh:cc-pVDZ-ccECP
ccECP cc-pVDZ for Rh | source recipes/Rh/ccECP/Rh.cc-pVDZ.gamess | ccECP from Haihan Zhou et al. Journal of Chemical Physics (2024) https://doi.org/10.1063/5.0180057

  4
    0    1    2    3
    4    4    3    1
   13   13   13    1

   82.542276   43.378723   22.796968   11.980568    6.296189
    3.308858    1.738915    0.913858    0.480263    0.252394
    0.132642    0.069708    0.036634

     0.000385    -0.000107    -0.000484   0.00000000
    -0.001603     0.000490     0.002449   0.00000000
    -0.019037     0.005344     0.008536   0.00000000
     0.227901    -0.069023    -0.156529   0.00000000
    -0.474726     0.156836     0.359583   0.00000000
    -0.381311     0.106926     0.370425   0.00000000
     0.533764    -0.191598    -0.725309   0.00000000
     0.660302    -0.305804    -1.103890   0.00000000
     0.247619    -0.152449     0.353480   0.00000000
     0.016053    -0.033166     1.484689   0.00000000
     0.004310     0.389214     0.270406   0.00000000
    -0.001754     0.361404    -0.419293   0.00000000
    -0.000050     0.446772    -0.669448     1.000000

   84.858474   44.643648   23.486815   12.356304    6.500594
    3.419932    1.799210    0.946556    0.497979    0.261984
    0.137829    0.072511    0.038148

    -0.000095    -0.000022    -0.000111   0.00000000
     0.000748    -0.000017     0.000351   0.00000000
    -0.006102     0.001881     0.001841   0.00000000
     0.068995    -0.033064    -0.051389   0.00000000
    -0.270876     0.143088     0.230653   0.00000000
     0.012773    -0.004754     0.057072   0.00000000
     0.435319    -0.293419    -0.833331   0.00000000
     0.460470    -0.365577    -0.416277   0.00000000
     0.223673     0.024569     1.116260   0.00000000
     0.040506     0.477543     0.618728   0.00000000
     0.005874     0.475050    -0.563965   0.00000000
    -0.000112     0.171876    -0.531736   0.00000000
     0.000270     0.018690    -0.091666     1.000000

   64.459698   33.929910   17.859823    9.400947    4.948414
    2.604717    1.371055    0.721688    0.379878    0.199958
    0.105253    0.055402    0.029162

     0.000086    -0.000096   0.00000000
    -0.000059     0.000016   0.00000000
    -0.002096     0.002933   0.00000000
    -0.014618     0.018410   0.00000000
    -0.005893     0.008954   0.00000000
     0.155101    -0.235531   0.00000000
     0.295581    -0.446269   0.00000000
     0.309231    -0.171834   0.00000000
     0.249594     0.296462   0.00000000
     0.159012     0.421515   0.00000000
     0.074383     0.255986   0.00000000
     0.017242     0.070244   0.00000000
     0.001114     0.004543     1.000000

    0.993600

     1.000000

Rh:cc-pVQZ-ccECP
ccECP cc-pVQZ for Rh | source recipes/Rh/ccECP/Rh.cc-pVQZ.gamess | ccECP from Haihan Zhou et al. Journal of Chemical Physics (2024) https://doi.org/10.1063/5.0180057

  6
    0    1    2    3    4    5
    6    6    5    3    2    1
   13   13   13    3    2    1

   82.542276   43.378723   22.796968   11.980568    6.296189
    3.308858    1.738915    0.913858    0.480263    0.252394
    0.132642    0.069708    0.036634

     0.000385    -0.000107    -0.000484    -0.001143     0.006958   0.00000000
    -0.001603     0.000490     0.002449     0.006019    -0.037005   0.00000000
    -0.019037     0.005344     0.008536     0.004205     0.152864   0.00000000
     0.227901    -0.069023    -0.156529    -0.207108    -0.724235   0.00000000
    -0.474726     0.156836     0.359583     0.423583     1.713658   0.00000000
    -0.381311     0.106926     0.370425     1.249231     0.634093   0.00000000
     0.533764    -0.191598    -0.725309    -3.209836    -8.016164   0.00000000
     0.660302    -0.305804    -1.103890    -0.354536    11.246011   0.00000000
     0.247619    -0.152449     0.353480     4.425558    -5.185520   0.00000000
     0.016053    -0.033166     1.484689    -1.830058    -2.663401   0.00000000
     0.004310     0.389214     0.270406    -1.614488     3.592283   0.00000000
    -0.001754     0.361404    -0.419293     0.262486     0.107661   0.00000000
    -0.000050     0.446772    -0.669448     0.889262    -1.127204     1.000000

   84.858474   44.643648   23.486815   12.356304    6.500594
    3.419932    1.799210    0.946556    0.497979    0.261984
    0.137829    0.072511    0.038148

    -0.000095    -0.000022    -0.000111     0.000810     0.009685   0.00000000
     0.000748    -0.000017     0.000351    -0.004192    -0.047574   0.00000000
    -0.006102     0.001881     0.001841     0.016545     0.150892   0.00000000
     0.068995    -0.033064    -0.051389    -0.103588    -0.494559   0.00000000
    -0.270876     0.143088     0.230653     0.359312     1.480772   0.00000000
     0.012773    -0.004754     0.057072     0.276476    -1.748092   0.00000000
     0.435319    -0.293419    -0.833331    -2.535570    -1.811231   0.00000000
     0.460470    -0.365577    -0.416277     2.069622     5.929111   0.00000000
     0.223673     0.024569     1.116260     1.239699    -5.785719   0.00000000
     0.040506     0.477543     0.618728    -2.117653     1.865993   0.00000000
     0.005874     0.475050    -0.563965    -0.029405     1.136996   0.00000000
    -0.000112     0.171876    -0.531736     0.735051    -0.674928   0.00000000
     0.000270     0.018690    -0.091666     0.212042    -0.421918     1.000000

   64.459698   33.929910   17.859823    9.400947    4.948414
    2.604717    1.371055    0.721688    0.379878    0.199958
    0.105253    0.055402    0.029162

     0.000086    -0.000096     0.000074     0.000512   0.00000000
    -0.000059     0.000016    -0.000909    -0.003079   0.00000000
    -0.002096     0.002933     0.006917     0.014676   0.00000000
    -0.014618     0.018410     0.018674     0.008375   0.00000000
    -0.005893     0.008954     0.039186     0.161438   0.00000000
     0.155101    -0.235531    -0.512224    -1.339366   0.00000000
     0.295581    -0.446269    -0.517747     0.611115   0.00000000
     0.309231    -0.171834     0.722908     1.450074   0.00000000
     0.249594     0.296462     0.605390    -1.394828   0.00000000
     0.159012     0.421515    -0.281365    -0.326747   0.00000000
     0.074383     0.255986    -0.487323     0.519744   0.00000000
     0.017242     0.070244    -0.180469     0.328836   0.00000000
     0.001114     0.004543    -0.013203     0.016946     1.000000

    3.313100    1.105800    0.369100

     1.000000   0.00000000   0.00000000
   0.00000000     1.000000   0.00000000
   0.00000000   0.00000000     1.000000

    1.956500    0.674000

     1.000000   0.00000000
   0.00000000     1.000000

    1.343600

     1.000000

Rh:cc-pVTZ-ccECP
ccECP cc-pVTZ for Rh | source recipes/Rh/ccECP/Rh.cc-pVTZ.gamess | ccECP from Haihan Zhou et al. Journal of Chemical Physics (2024) https://doi.org/10.1063/5.0180057

  5
    0    1    2    3    4
    5    5    4    2    1
   13   13   13    2    1

   82.542276   43.378723   22.796968   11.980568    6.296189
    3.308858    1.738915    0.913858    0.480263    0.252394
    0.132642    0.069708    0.036634

     0.000385    -0.000107    -0.000484    -0.001143   0.00000000
    -0.001603     0.000490     0.002449     0.006019   0.00000000
    -0.019037     0.005344     0.008536     0.004205   0.00000000
     0.227901    -0.069023    -0.156529    -0.207108   0.00000000
    -0.474726     0.156836     0.359583     0.423583   0.00000000
    -0.381311     0.106926     0.370425     1.249231   0.00000000
     0.533764    -0.191598    -0.725309    -3.209836   0.00000000
     0.660302    -0.305804    -1.103890    -0.354536   0.00000000
     0.247619    -0.152449     0.353480     4.425558   0.00000000
     0.016053    -0.033166     1.484689    -1.830058   0.00000000
     0.004310     0.389214     0.270406    -1.614488   0.00000000
    -0.001754     0.361404    -0.419293     0.262486   0.00000000
    -0.000050     0.446772    -0.669448     0.889262     1.000000

   84.858474   44.643648   23.486815   12.356304    6.500594
    3.419932    1.799210    0.946556    0.497979    0.261984
    0.137829    0.072511    0.038148

    -0.000095    -0.000022    -0.000111     0.000810   0.00000000
     0.000748    -0.000017     0.000351    -0.004192   0.00000000
    -0.006102     0.001881     0.001841     0.016545   0.00000000
     0.068995    -0.033064    -0.051389    -0.103588   0.00000000
    -0.270876     0.143088     0.230653     0.359312   0.00000000
     0.012773    -0.004754     0.057072     0.276476   0.00000000
     0.435319    -0.293419    -0.833331    -2.535570   0.00000000
     0.460470    -0.365577    -0.416277     2.069622   0.00000000
     0.223673     0.024569     1.116260     1.239699   0.00000000
     0.040506     0.477543     0.618728    -2.117653   0.00000000
     0.005874     0.475050    -0.563965    -0.029405   0.00000000
    -0.000112     0.171876    -0.531736     0.735051   0.00000000
     0.000270     0.018690    -0.091666     0.212042     1.000000

   64.459698   33.929910   17.859823    9.400947    4.948414
    2.604717    1.371055    0.721688    0.379878    0.199958
    0.105253    0.055402    0.029162

     0.000086    -0.000096     0.000074   0.00000000
    -0.000059     0.000016    -0.000909   0.00000000
    -0.002096     0.002933     0.006917   0.00000000
    -0.014618     0.018410     0.018674   0.00000000
    -0.005893     0.008954     0.039186   0.00000000
     0.155101    -0.235531    -0.512224   0.00000000
     0.295581    -0.446269    -0.517747   0.00000000
     0.309231    -0.171834     0.722908   0.00000000
     0.249594     0.296462     0.605390   0.00000000
     0.159012     0.421515    -0.281365   0.00000000
     0.074383     0.255986    -0.487323   0.00000000
     0.017242     0.070244    -0.180469   0.00000000
     0.001114     0.004543    -0.013203     1.000000

    1.960600    0.555300

     1.000000   0.00000000
   0.00000000     1.000000

    1.190700

     1.000000

