
Sc:aug-cc-pCV5Z-ccECP
ccECP aug-cc-pCV5Z for Sc | source recipes/Sc/ccECP/Sc.aug-cc-pCV5Z.gamess | ccECP from A. Annaberdiyev et al. Journal of Chemical Physics 149, 134108 (2018) https://doi.org/10.1063/1.5040472

  7
    0    1    2    3    4    5    6
   10   10    9    6    5    4    3
   16   16   14    6    5    4    3

   66.882574   33.776681   18.185884   11.748619    6.895190
    3.907301    3.222124    2.579792    1.772120    0.841163
    0.471976    0.313224    0.101013    0.049071    0.022782
    0.011000

     0.00055300    -0.00013900    -0.00067900    -0.00145200     0.00043000
     0.00024200     0.00000000     0.00000000     0.00000000     0.00000000
    -0.00511500     0.00134500     0.00545600     0.01136200    -0.00113700
    -0.00502700     0.00000000     0.00000000     0.00000000     0.00000000
     0.00416100    -0.00144500    -0.01668400    -0.03987600     0.02081200
    -0.00112700     0.00000000     0.00000000     0.00000000     0.00000000
     0.12160300    -0.03208200    -0.03173900    -0.02581000    -0.18957800
     0.26943700     0.00000000     0.00000000     0.00000000     0.00000000
    -0.27013700     0.07550600     0.10956000     0.15794300     0.43867600
    -0.78145300     0.00000000     0.00000000     0.00000000     0.00000000
     0.00000000     0.00000000     0.00000000     0.00000000     0.00000000
     0.00000000     0.00000000     0.00000000     0.00000000     1.00000000
    -0.32441000     0.08992700     0.23329300     0.45286800     0.26761800
    -0.63475600     0.00000000     0.00000000     0.00000000     0.00000000
     0.00000000     0.00000000     0.00000000     0.00000000     0.00000000
     0.00000000     0.00000000     0.00000000     1.00000000     0.00000000
     0.29116200    -0.09008600    -0.31020700    -0.76658700    -0.73280800
     3.60158600     0.00000000     0.00000000     0.00000000     0.00000000
     0.62893100    -0.21644400    -0.24508300    -0.60780000    -3.04424000
    -0.10790900     0.00000000     0.00000000     0.00000000     0.00000000
     0.27340600    -0.17925000    -1.17524800    -1.71600200     5.47606700
   -12.73645800     0.00000000     0.00000000     0.00000000     0.00000000
     0.13535200    -0.12816000     1.03235900     3.61400300    -1.01760200
    14.34975300     0.00000000     0.00000000     0.00000000     0.00000000
     0.00804100     0.33793500     1.59903900    -0.56948000    -5.01443900
    -8.02316200     0.00000000     0.00000000     0.00000000     0.00000000
    -0.00261000     0.60918100    -0.62399000    -2.25596700     6.15979200
     6.21689300     0.00000000     0.00000000     0.00000000     0.00000000
     0.00059700     0.24418100    -0.84749800     1.91016000    -2.69036800
    -2.06426000     1.00000000     0.00000000     0.00000000     0.00000000
     0.00000000     0.00000000     0.00000000     0.00000000     0.00000000
     0.00000000     0.00000000     1.00000000     0.00000000     0.00000000

   77.690832   39.751864   20.615633   11.537150    7.597186
    3.785409    3.765117    2.051006    1.149806    1.048648
    0.550231    0.303840    0.165809    0.060419    0.024751
    0.012000

     0.00008800     0.00001700    -0.00006300    -0.00024300    -0.00025600
    -0.00390100     0.00000000     0.00000000     0.00000000     0.00000000
    -0.00075400    -0.00002600     0.00054900     0.00156800     0.00108400
     0.02143200     0.00000000     0.00000000     0.00000000     0.00000000
     0.00658400    -0.00086100    -0.00512000    -0.00955400     0.00040000
    -0.08584900     0.00000000     0.00000000     0.00000000     0.00000000
    -0.00718900    -0.00048300     0.00701100     0.01802000     0.02195600
     0.25570200     0.00000000     0.00000000     0.00000000     0.00000000
    -0.06890300     0.02136400     0.05366100     0.05100800    -0.16269400
    -0.24426600     0.00000000     0.00000000     0.00000000     0.00000000
     0.00000000     0.00000000     0.00000000     0.00000000     0.00000000
     0.00000000     0.00000000     0.00000000     0.00000000     1.00000000
    -0.01384200    -0.00370600     0.00357400     0.04328000     0.00037100
     0.62236300     0.00000000     0.00000000     0.00000000     0.00000000
     0.24870400    -0.05871800    -0.23586100    -0.40417800     1.05365400
    -2.77179400     0.00000000     0.00000000     0.00000000     0.00000000
     0.00000000     0.00000000     0.00000000     0.00000000     0.00000000
     0.00000000     0.00000000     0.00000000     1.00000000     0.00000000
     0.43432800    -0.14336400    -0.49480100    -0.82490400     0.65865100
     3.61583800     0.00000000     0.00000000     0.00000000     0.00000000
     0.32690600    -0.07728000    -0.22957500     0.71001400    -4.72226800
    -0.69783100     0.00000000     0.00000000     0.00000000     0.00000000
     0.10461700    -0.10776400     0.91797300     2.22525500     5.40799300
    -3.54879700     0.00000000     0.00000000     0.00000000     0.00000000
     0.01851200     0.32285900     0.62115500    -2.74290300    -2.00216600
     4.29188800     0.00000000     0.00000000     0.00000000     0.00000000
     0.00139500     0.62172600    -0.82464800     0.58142300    -0.71482200
    -2.92420100     0.00000000     0.00000000     0.00000000     0.00000000
     0.00009300     0.25378700    -0.15759200     0.48091000     0.92680100
     1.61346300     1.00000000     0.00000000     0.00000000     0.00000000
     0.00000000     0.00000000     0.00000000     0.00000000     0.00000000
     0.00000000     0.00000000     1.00000000     0.00000000     0.00000000

   60.996829   22.097637   10.186744    4.633892    2.428497
    2.146927    1.726661    1.014536    0.487206    0.248191
    0.131273    0.063714    0.021542    0.010000

     0.00005600    -0.00007200     0.00005400    -0.00013200    -0.00029800
     0.00000000     0.00000000     0.00000000     0.00000000
     0.00505400    -0.00607900     0.00819500    -0.01019500    -0.01395600
     0.00000000     0.00000000     0.00000000     0.00000000
     0.03222300    -0.03905400     0.05007300    -0.06681500    -0.09848700
     0.00000000     0.00000000     0.00000000     0.00000000
     0.08247900    -0.10065200     0.13617400    -0.17925500    -0.25947100
     0.00000000     0.00000000     0.00000000     0.00000000
     0.00000000     0.00000000     0.00000000     0.00000000     0.00000000
     0.00000000     0.00000000     0.00000000     1.00000000
     0.15936300    -0.19433000     0.24651600    -0.33873300    -0.44684300
     0.00000000     0.00000000     0.00000000     0.00000000
     0.00000000     0.00000000     0.00000000     0.00000000     0.00000000
     0.00000000     0.00000000     1.00000000     0.00000000
     0.22860400    -0.25355600     0.25815800    -0.14578400     0.52521200
     0.00000000     0.00000000     0.00000000     0.00000000
     0.24369100    -0.21355600    -0.12479900     0.70044400     1.06147800
     0.00000000     0.00000000     0.00000000     0.00000000
     0.23165100     0.05418200    -0.43908100     0.51197600    -1.66905500
     0.00000000     0.00000000     0.00000000     0.00000000
     0.19543100     0.26118800    -0.47534700    -1.01912300     0.14972100
     0.00000000     0.00000000     0.00000000     0.00000000
     0.21458900     0.52021500     0.52718700    -0.09222100     1.01628900
     0.00000000     0.00000000     0.00000000     0.00000000
     0.07411300     0.16690700     0.47337300     0.69667500    -0.74556300
     1.00000000     0.00000000     0.00000000     0.00000000
     0.00000000     0.00000000     0.00000000     0.00000000     0.00000000
     0.00000000     1.00000000     0.00000000     0.00000000

    2.972618    2.277680    0.794579    0.277193    0.096700
    0.033734

     0.00000000     0.00000000     0.00000000     0.00000000     0.00000000
     1.00000000
     0.00000000     0.00000000     0.00000000     0.00000000     1.00000000
     0.00000000
     0.00000000     0.00000000     0.00000000     1.00000000     0.00000000
     0.00000000
     0.00000000     0.00000000     1.00000000     0.00000000     0.00000000
     0.00000000
     0.00000000     1.00000000     0.00000000     0.00000000     0.00000000
     0.00000000
     1.00000000     0.00000000     0.00000000     0.00000000     0.00000000
     0.00000000

    3.296772    1.668377    0.496450    0.147726    0.043958

     0.00000000     0.00000000     0.00000000     0.00000000     1.00000000
     0.00000000     0.00000000     0.00000000     1.00000000     0.00000000
     0.00000000     0.00000000     1.00000000     0.00000000     0.00000000
     0.00000000     1.00000000     0.00000000     0.00000000     0.00000000
     1.00000000     0.00000000     0.00000000     0.00000000     0.00000000

    3.362914    1.438169    0.730205    0.370749

     0.00000000     0.00000000     0.00000000     1.00000000
     0.00000000     0.00000000     1.00000000     0.00000000
     0.00000000     1.00000000     0.00000000     0.00000000
     1.00000000     0.00000000     0.00000000     0.00000000

    3.811252    2.384691    0.473293

     0.00000000     0.00000000     1.00000000
     0.00000000     1.00000000     0.00000000
     1.00000000     0.00000000     0.00000000

Sc:aug-cc-pCVDZ-ccECP
ccECP aug-cc-pCVDZ for Sc | source recipes/Sc/ccECP/Sc.aug-cc-pCVDZ.gamess | ccECP from A. Annaberdiyev et al. Journal of Chemical Physics 149, 134108 (2018) https://doi.org/10.1063/1.5040472

  4
    0    1    2    3
    7    7    6    3
   16   16   14    3

   66.882574   33.776681   18.185884   11.748619    6.895190
    3.222124    2.006315    1.772120    0.841163    0.531583
    0.471976    0.313224    0.101013    0.049071    0.022782
    0.011000

    0.00055300   -0.00013900   -0.00067900    0.00000000    0.00000000
    0.00000000    0.00000000
   -0.00511500    0.00134500    0.00545600    0.00000000    0.00000000
    0.00000000    0.00000000
    0.00416100   -0.00144500   -0.01668400    0.00000000    0.00000000
    0.00000000    0.00000000
    0.12160300   -0.03208200   -0.03173900    0.00000000    0.00000000
    0.00000000    0.00000000
   -0.27013700    0.07550600    0.10956000    0.00000000    0.00000000
    0.00000000    0.00000000
   -0.32441000    0.08992700    0.23329300    0.00000000    0.00000000
    0.00000000    0.00000000
    0.00000000    0.00000000    0.00000000    0.00000000    0.00000000
    0.00000000    1.00000000
    0.29116200   -0.09008600   -0.31020700    0.00000000    0.00000000
    0.00000000    0.00000000
    0.62893100   -0.21644400   -0.24508300    0.00000000    0.00000000
    0.00000000    0.00000000
    0.00000000    0.00000000    0.00000000    0.00000000    0.00000000
    1.00000000    0.00000000
    0.27340600   -0.17925000   -1.17524800    0.00000000    0.00000000
    0.00000000    0.00000000
    0.13535200   -0.12816000    1.03235900    0.00000000    0.00000000
    0.00000000    0.00000000
    0.00804100    0.33793500    1.59903900    0.00000000    0.00000000
    0.00000000    0.00000000
   -0.00261000    0.60918100   -0.62399000    0.00000000    0.00000000
    0.00000000    0.00000000
    0.00059700    0.24418100   -0.84749800    1.00000000    0.00000000
    0.00000000    0.00000000
    0.00000000    0.00000000    0.00000000    0.00000000    1.00000000
    0.00000000    0.00000000

   77.690832   39.751864   20.615633   11.537150    7.597186
    3.765117    2.759507    2.051006    1.048648    0.608728
    0.550231    0.303840    0.165809    0.060419    0.024751
    0.012000

    0.00008800    0.00001700   -0.00006300    0.00000000    0.00000000
    0.00000000    0.00000000
   -0.00075400   -0.00002600    0.00054900    0.00000000    0.00000000
    0.00000000    0.00000000
    0.00658400   -0.00086100   -0.00512000    0.00000000    0.00000000
    0.00000000    0.00000000
   -0.00718900   -0.00048300    0.00701100    0.00000000    0.00000000
    0.00000000    0.00000000
   -0.06890300    0.02136400    0.05366100    0.00000000    0.00000000
    0.00000000    0.00000000
   -0.01384200   -0.00370600    0.00357400    0.00000000    0.00000000
    0.00000000    0.00000000
    0.00000000    0.00000000    0.00000000    0.00000000    0.00000000
    0.00000000    1.00000000
    0.24870400   -0.05871800   -0.23586100    0.00000000    0.00000000
    0.00000000    0.00000000
    0.43432800   -0.14336400   -0.49480100    0.00000000    0.00000000
    0.00000000    0.00000000
    0.00000000    0.00000000    0.00000000    0.00000000    0.00000000
    1.00000000    0.00000000
    0.32690600   -0.07728000   -0.22957500    0.00000000    0.00000000
    0.00000000    0.00000000
    0.10461700   -0.10776400    0.91797300    0.00000000    0.00000000
    0.00000000    0.00000000
    0.01851200    0.32285900    0.62115500    0.00000000    0.00000000
    0.00000000    0.00000000
    0.00139500    0.62172600   -0.82464800    0.00000000    0.00000000
    0.00000000    0.00000000
    0.00009300    0.25378700   -0.15759200    1.00000000    0.00000000
    0.00000000    0.00000000
    0.00000000    0.00000000    0.00000000    0.00000000    1.00000000
    0.00000000    0.00000000

   60.996829   22.097637   10.186744    4.633892    4.010741
    2.146927    1.412796    1.014536    0.487206    0.248191
    0.131273    0.063714    0.021542    0.010000

    0.00005600   -0.00007200    0.00000000    0.00000000    0.00000000
    0.00000000
    0.00505400   -0.00607900    0.00000000    0.00000000    0.00000000
    0.00000000
    0.03222300   -0.03905400    0.00000000    0.00000000    0.00000000
    0.00000000
    0.08247900   -0.10065200    0.00000000    0.00000000    0.00000000
    0.00000000
    0.00000000    0.00000000    0.00000000    0.00000000    0.00000000
    1.00000000
    0.15936300   -0.19433000    0.00000000    0.00000000    0.00000000
    0.00000000
    0.00000000    0.00000000    0.00000000    0.00000000    1.00000000
    0.00000000
    0.22860400   -0.25355600    0.00000000    0.00000000    0.00000000
    0.00000000
    0.24369100   -0.21355600    0.00000000    0.00000000    0.00000000
    0.00000000
    0.23165100    0.05418200    0.00000000    0.00000000    0.00000000
    0.00000000
    0.19543100    0.26118800    0.00000000    0.00000000    0.00000000
    0.00000000
    0.21458900    0.52021500    0.00000000    0.00000000    0.00000000
    0.00000000
    0.07411300    0.16690700    1.00000000    0.00000000    0.00000000
    0.00000000
    0.00000000    0.00000000    0.00000000    1.00000000    0.00000000
    0.00000000

    1.670187    0.280673    0.083742

    0.00000000    0.00000000    1.00000000
    0.00000000    1.00000000    0.00000000
    1.00000000    0.00000000    0.00000000

Sc:aug-cc-pCVQZ-ccECP
ccECP aug-cc-pCVQZ for Sc | source recipes/Sc/ccECP/Sc.aug-cc-pCVQZ.gamess | ccECP from A. Annaberdiyev et al. Journal of Chemical Physics 149, 134108 (2018) https://doi.org/10.1063/1.5040472

  6
    0    1    2    3    4    5
    9    9    8    5    4    3
   16   16   14    5    4    3

   66.882574   33.776681   18.185884   11.748619    6.895190
    3.520437    3.222124    2.944740    1.772120    0.841163
    0.471976    0.313224    0.101013    0.049071    0.022782
    0.011000

    0.00055300   -0.00013900   -0.00067900   -0.00145200    0.00043000
    0.00000000    0.00000000    0.00000000    0.00000000
   -0.00511500    0.00134500    0.00545600    0.01136200   -0.00113700
    0.00000000    0.00000000    0.00000000    0.00000000
    0.00416100   -0.00144500   -0.01668400   -0.03987600    0.02081200
    0.00000000    0.00000000    0.00000000    0.00000000
    0.12160300   -0.03208200   -0.03173900   -0.02581000   -0.18957800
    0.00000000    0.00000000    0.00000000    0.00000000
   -0.27013700    0.07550600    0.10956000    0.15794300    0.43867600
    0.00000000    0.00000000    0.00000000    0.00000000
    0.00000000    0.00000000    0.00000000    0.00000000    0.00000000
    0.00000000    0.00000000    0.00000000    1.00000000
   -0.32441000    0.08992700    0.23329300    0.45286800    0.26761800
    0.00000000    0.00000000    0.00000000    0.00000000
    0.00000000    0.00000000    0.00000000    0.00000000    0.00000000
    0.00000000    0.00000000    1.00000000    0.00000000
    0.29116200   -0.09008600   -0.31020700   -0.76658700   -0.73280800
    0.00000000    0.00000000    0.00000000    0.00000000
    0.62893100   -0.21644400   -0.24508300   -0.60780000   -3.04424000
    0.00000000    0.00000000    0.00000000    0.00000000
    0.27340600   -0.17925000   -1.17524800   -1.71600200    5.47606700
    0.00000000    0.00000000    0.00000000    0.00000000
    0.13535200   -0.12816000    1.03235900    3.61400300   -1.01760200
    0.00000000    0.00000000    0.00000000    0.00000000
    0.00804100    0.33793500    1.59903900   -0.56948000   -5.01443900
    0.00000000    0.00000000    0.00000000    0.00000000
   -0.00261000    0.60918100   -0.62399000   -2.25596700    6.15979200
    0.00000000    0.00000000    0.00000000    0.00000000
    0.00059700    0.24418100   -0.84749800    1.91016000   -2.69036800
    1.00000000    0.00000000    0.00000000    0.00000000
    0.00000000    0.00000000    0.00000000    0.00000000    0.00000000
    0.00000000    1.00000000    0.00000000    0.00000000

   77.690832   39.751864   20.615633   11.537150    7.597186
    3.765117    3.608023    2.051006    1.079934    1.048648
    0.550231    0.303840    0.165809    0.060419    0.024751
    0.012000

    0.00008800    0.00001700   -0.00006300   -0.00024300   -0.00025600
    0.00000000    0.00000000    0.00000000    0.00000000
   -0.00075400   -0.00002600    0.00054900    0.00156800    0.00108400
    0.00000000    0.00000000    0.00000000    0.00000000
    0.00658400   -0.00086100   -0.00512000   -0.00955400    0.00040000
    0.00000000    0.00000000    0.00000000    0.00000000
   -0.00718900   -0.00048300    0.00701100    0.01802000    0.02195600
    0.00000000    0.00000000    0.00000000    0.00000000
   -0.06890300    0.02136400    0.05366100    0.05100800   -0.16269400
    0.00000000    0.00000000    0.00000000    0.00000000
   -0.01384200   -0.00370600    0.00357400    0.04328000    0.00037100
    0.00000000    0.00000000    0.00000000    0.00000000
    0.00000000    0.00000000    0.00000000    0.00000000    0.00000000
    0.00000000    0.00000000    0.00000000    1.00000000
    0.24870400   -0.05871800   -0.23586100   -0.40417800    1.05365400
    0.00000000    0.00000000    0.00000000    0.00000000
    0.00000000    0.00000000    0.00000000    0.00000000    0.00000000
    0.00000000    0.00000000    1.00000000    0.00000000
    0.43432800   -0.14336400   -0.49480100   -0.82490400    0.65865100
    0.00000000    0.00000000    0.00000000    0.00000000
    0.32690600   -0.07728000   -0.22957500    0.71001400   -4.72226800
    0.00000000    0.00000000    0.00000000    0.00000000
    0.10461700   -0.10776400    0.91797300    2.22525500    5.40799300
    0.00000000    0.00000000    0.00000000    0.00000000
    0.01851200    0.32285900    0.62115500   -2.74290300   -2.00216600
    0.00000000    0.00000000    0.00000000    0.00000000
    0.00139500    0.62172600   -0.82464800    0.58142300   -0.71482200
    0.00000000    0.00000000    0.00000000    0.00000000
    0.00009300    0.25378700   -0.15759200    0.48091000    0.92680100
    1.00000000    0.00000000    0.00000000    0.00000000
    0.00000000    0.00000000    0.00000000    0.00000000    0.00000000
    0.00000000    1.00000000    0.00000000    0.00000000

   60.996829   22.097637   10.186744    4.633892    2.146927
    2.093727    1.246811    1.014536    0.487206    0.248191
    0.131273    0.063714    0.021542    0.010000

    0.00005600   -0.00007200    0.00005400   -0.00013200    0.00000000
    0.00000000    0.00000000    0.00000000
    0.00505400   -0.00607900    0.00819500   -0.01019500    0.00000000
    0.00000000    0.00000000    0.00000000
    0.03222300   -0.03905400    0.05007300   -0.06681500    0.00000000
    0.00000000    0.00000000    0.00000000
    0.08247900   -0.10065200    0.13617400   -0.17925500    0.00000000
    0.00000000    0.00000000    0.00000000
    0.15936300   -0.19433000    0.24651600   -0.33873300    0.00000000
    0.00000000    0.00000000    0.00000000
    0.00000000    0.00000000    0.00000000    0.00000000    0.00000000
    0.00000000    0.00000000    1.00000000
    0.00000000    0.00000000    0.00000000    0.00000000    0.00000000
    0.00000000    1.00000000    0.00000000
    0.22860400   -0.25355600    0.25815800   -0.14578400    0.00000000
    0.00000000    0.00000000    0.00000000
    0.24369100   -0.21355600   -0.12479900    0.70044400    0.00000000
    0.00000000    0.00000000    0.00000000
    0.23165100    0.05418200   -0.43908100    0.51197600    0.00000000
    0.00000000    0.00000000    0.00000000
    0.19543100    0.26118800   -0.47534700   -1.01912300    0.00000000
    0.00000000    0.00000000    0.00000000
    0.21458900    0.52021500    0.52718700   -0.09222100    0.00000000
    0.00000000    0.00000000    0.00000000
    0.07411300    0.16690700    0.47337300    0.69667500    1.00000000
    0.00000000    0.00000000    0.00000000
    0.00000000    0.00000000    0.00000000    0.00000000    0.00000000
    1.00000000    0.00000000    0.00000000

    3.174444    1.475494    0.423707    0.121673    0.034940

    0.00000000    0.00000000    0.00000000    0.00000000    1.00000000
    0.00000000    0.00000000    0.00000000    1.00000000    0.00000000
    0.00000000    0.00000000    1.00000000    0.00000000    0.00000000
    0.00000000    1.00000000    0.00000000    0.00000000    0.00000000
    1.00000000    0.00000000    0.00000000    0.00000000    0.00000000

    2.256684    0.652356    0.318017    0.155030

    0.00000000    0.00000000    0.00000000    1.00000000
    0.00000000    0.00000000    1.00000000    0.00000000
    0.00000000    1.00000000    0.00000000    0.00000000
    1.00000000    0.00000000    0.00000000    0.00000000

    3.057835    2.610600    0.472110

    0.00000000    1.00000000    0.00000000
    0.00000000    0.00000000    1.00000000
    1.00000000    0.00000000    0.00000000

Sc:aug-cc-pCVTZ-ccECP
ccECP aug-cc-pCVTZ for Sc | source recipes/Sc/ccECP/Sc.aug-cc-pCVTZ.gamess | ccECP from A. Annaberdiyev et al. Journal of Chemical Physics 149, 134108 (2018) https://doi.org/10.1063/1.5040472

  5
    0    1    2    3    4
    8    8    7    4    3
   16   16   14    4    3

   66.882574   33.776681   18.185884   11.748619    6.895190
    3.222124    2.017719    1.772120    0.841163    0.693020
    0.471976    0.313224    0.101013    0.049071    0.022782
    0.011000

    0.00055300   -0.00013900   -0.00067900   -0.00145200    0.00000000
    0.00000000    0.00000000    0.00000000
   -0.00511500    0.00134500    0.00545600    0.01136200    0.00000000
    0.00000000    0.00000000    0.00000000
    0.00416100   -0.00144500   -0.01668400   -0.03987600    0.00000000
    0.00000000    0.00000000    0.00000000
    0.12160300   -0.03208200   -0.03173900   -0.02581000    0.00000000
    0.00000000    0.00000000    0.00000000
   -0.27013700    0.07550600    0.10956000    0.15794300    0.00000000
    0.00000000    0.00000000    0.00000000
   -0.32441000    0.08992700    0.23329300    0.45286800    0.00000000
    0.00000000    0.00000000    0.00000000
    0.00000000    0.00000000    0.00000000    0.00000000    0.00000000
    0.00000000    0.00000000    1.00000000
    0.29116200   -0.09008600   -0.31020700   -0.76658700    0.00000000
    0.00000000    0.00000000    0.00000000
    0.62893100   -0.21644400   -0.24508300   -0.60780000    0.00000000
    0.00000000    0.00000000    0.00000000
    0.00000000    0.00000000    0.00000000    0.00000000    0.00000000
    0.00000000    1.00000000    0.00000000
    0.27340600   -0.17925000   -1.17524800   -1.71600200    0.00000000
    0.00000000    0.00000000    0.00000000
    0.13535200   -0.12816000    1.03235900    3.61400300    0.00000000
    0.00000000    0.00000000    0.00000000
    0.00804100    0.33793500    1.59903900   -0.56948000    0.00000000
    0.00000000    0.00000000    0.00000000
   -0.00261000    0.60918100   -0.62399000   -2.25596700    0.00000000
    0.00000000    0.00000000    0.00000000
    0.00059700    0.24418100   -0.84749800    1.91016000    1.00000000
    0.00000000    0.00000000    0.00000000
    0.00000000    0.00000000    0.00000000    0.00000000    0.00000000
    1.00000000    0.00000000    0.00000000

   77.690832   39.751864   20.615633   11.537150    7.597186
    3.765117    3.139671    2.051006    1.048648    0.772305
    0.550231    0.303840    0.165809    0.060419    0.024751
    0.012000

    0.00008800    0.00001700   -0.00006300   -0.00024300    0.00000000
    0.00000000    0.00000000    0.00000000
   -0.00075400   -0.00002600    0.00054900    0.00156800    0.00000000
    0.00000000    0.00000000    0.00000000
    0.00658400   -0.00086100   -0.00512000   -0.00955400    0.00000000
    0.00000000    0.00000000    0.00000000
   -0.00718900   -0.00048300    0.00701100    0.01802000    0.00000000
    0.00000000    0.00000000    0.00000000
   -0.06890300    0.02136400    0.05366100    0.05100800    0.00000000
    0.00000000    0.00000000    0.00000000
   -0.01384200   -0.00370600    0.00357400    0.04328000    0.00000000
    0.00000000    0.00000000    0.00000000
    0.00000000    0.00000000    0.00000000    0.00000000    0.00000000
    0.00000000    0.00000000    1.00000000
    0.24870400   -0.05871800   -0.23586100   -0.40417800    0.00000000
    0.00000000    0.00000000    0.00000000
    0.43432800   -0.14336400   -0.49480100   -0.82490400    0.00000000
    0.00000000    0.00000000    0.00000000
    0.00000000    0.00000000    0.00000000    0.00000000    0.00000000
    0.00000000    1.00000000    0.00000000
    0.32690600   -0.07728000   -0.22957500    0.71001400    0.00000000
    0.00000000    0.00000000    0.00000000
    0.10461700   -0.10776400    0.91797300    2.22525500    0.00000000
    0.00000000    0.00000000    0.00000000
    0.01851200    0.32285900    0.62115500   -2.74290300    0.00000000
    0.00000000    0.00000000    0.00000000
    0.00139500    0.62172600   -0.82464800    0.58142300    0.00000000
    0.00000000    0.00000000    0.00000000
    0.00009300    0.25378700   -0.15759200    0.48091000    1.00000000
    0.00000000    0.00000000    0.00000000
    0.00000000    0.00000000    0.00000000    0.00000000    0.00000000
    1.00000000    0.00000000    0.00000000

   60.996829   22.097637   10.186744    4.633892    2.146927
    1.676449    1.014536    0.858283    0.487206    0.248191
    0.131273    0.063714    0.021542    0.010000

    0.00005600   -0.00007200    0.00005400    0.00000000    0.00000000
    0.00000000    0.00000000
    0.00505400   -0.00607900    0.00819500    0.00000000    0.00000000
    0.00000000    0.00000000
    0.03222300   -0.03905400    0.05007300    0.00000000    0.00000000
    0.00000000    0.00000000
    0.08247900   -0.10065200    0.13617400    0.00000000    0.00000000
    0.00000000    0.00000000
    0.15936300   -0.19433000    0.24651600    0.00000000    0.00000000
    0.00000000    0.00000000
    0.00000000    0.00000000    0.00000000    0.00000000    0.00000000
    0.00000000    1.00000000
    0.22860400   -0.25355600    0.25815800    0.00000000    0.00000000
    0.00000000    0.00000000
    0.00000000    0.00000000    0.00000000    0.00000000    0.00000000
    1.00000000    0.00000000
    0.24369100   -0.21355600   -0.12479900    0.00000000    0.00000000
    0.00000000    0.00000000
    0.23165100    0.05418200   -0.43908100    0.00000000    0.00000000
    0.00000000    0.00000000
    0.19543100    0.26118800   -0.47534700    0.00000000    0.00000000
    0.00000000    0.00000000
    0.21458900    0.52021500    0.52718700    0.00000000    0.00000000
    0.00000000    0.00000000
    0.07411300    0.16690700    0.47337300    1.00000000    0.00000000
    0.00000000    0.00000000
    0.00000000    0.00000000    0.00000000    0.00000000    1.00000000
    0.00000000    0.00000000

    2.198729    0.742579    0.173012    0.040310

    0.00000000    0.00000000    0.00000000    1.00000000
    0.00000000    0.00000000    1.00000000    0.00000000
    0.00000000    1.00000000    0.00000000    0.00000000
    1.00000000    0.00000000    0.00000000    0.00000000

    2.006030    0.413265    0.132455

    0.00000000    0.00000000    1.00000000
    0.00000000    1.00000000    0.00000000
    1.00000000    0.00000000    0.00000000

Sc:aug-cc-pV5Z-ccECP
ccECP aug-cc-pV5Z for Sc | source recipes/Sc/ccECP/Sc.aug-cc-pV5Z.gamess | ccECP from A. Annaberdiyev et al. Journal of Chemical Physics 149, 134108 (2018) https://doi.org/10.1063/1.5040472

  7
    0    1    2    3    4    5    6
    8    8    7    5    4    3    2
   14   14   12    5    4    3    2

   66.882574   33.776681   18.185884   11.748619    6.895190
    3.222124    1.772120    0.841163    0.471976    0.313224
    0.101013    0.049071    0.022782    0.011000

     0.00055300    -0.00013900    -0.00067900    -0.00145200     0.00043000
     0.00024200     0.00000000     0.00000000
    -0.00511500     0.00134500     0.00545600     0.01136200    -0.00113700
    -0.00502700     0.00000000     0.00000000
     0.00416100    -0.00144500    -0.01668400    -0.03987600     0.02081200
    -0.00112700     0.00000000     0.00000000
     0.12160300    -0.03208200    -0.03173900    -0.02581000    -0.18957800
     0.26943700     0.00000000     0.00000000
    -0.27013700     0.07550600     0.10956000     0.15794300     0.43867600
    -0.78145300     0.00000000     0.00000000
    -0.32441000     0.08992700     0.23329300     0.45286800     0.26761800
    -0.63475600     0.00000000     0.00000000
     0.29116200    -0.09008600    -0.31020700    -0.76658700    -0.73280800
     3.60158600     0.00000000     0.00000000
     0.62893100    -0.21644400    -0.24508300    -0.60780000    -3.04424000
    -0.10790900     0.00000000     0.00000000
     0.27340600    -0.17925000    -1.17524800    -1.71600200     5.47606700
   -12.73645800     0.00000000     0.00000000
     0.13535200    -0.12816000     1.03235900     3.61400300    -1.01760200
    14.34975300     0.00000000     0.00000000
     0.00804100     0.33793500     1.59903900    -0.56948000    -5.01443900
    -8.02316200     0.00000000     0.00000000
    -0.00261000     0.60918100    -0.62399000    -2.25596700     6.15979200
     6.21689300     0.00000000     0.00000000
     0.00059700     0.24418100    -0.84749800     1.91016000    -2.69036800
    -2.06426000     1.00000000     0.00000000
     0.00000000     0.00000000     0.00000000     0.00000000     0.00000000
     0.00000000     0.00000000     1.00000000

   77.690832   39.751864   20.615633   11.537150    7.597186
    3.765117    2.051006    1.048648    0.550231    0.303840
    0.165809    0.060419    0.024751    0.012000

     0.00008800     0.00001700    -0.00006300    -0.00024300    -0.00025600
    -0.00390100     0.00000000     0.00000000
    -0.00075400    -0.00002600     0.00054900     0.00156800     0.00108400
     0.02143200     0.00000000     0.00000000
     0.00658400    -0.00086100    -0.00512000    -0.00955400     0.00040000
    -0.08584900     0.00000000     0.00000000
    -0.00718900    -0.00048300     0.00701100     0.01802000     0.02195600
     0.25570200     0.00000000     0.00000000
    -0.06890300     0.02136400     0.05366100     0.05100800    -0.16269400
    -0.24426600     0.00000000     0.00000000
    -0.01384200    -0.00370600     0.00357400     0.04328000     0.00037100
     0.62236300     0.00000000     0.00000000
     0.24870400    -0.05871800    -0.23586100    -0.40417800     1.05365400
    -2.77179400     0.00000000     0.00000000
     0.43432800    -0.14336400    -0.49480100    -0.82490400     0.65865100
     3.61583800     0.00000000     0.00000000
     0.32690600    -0.07728000    -0.22957500     0.71001400    -4.72226800
    -0.69783100     0.00000000     0.00000000
     0.10461700    -0.10776400     0.91797300     2.22525500     5.40799300
    -3.54879700     0.00000000     0.00000000
     0.01851200     0.32285900     0.62115500    -2.74290300    -2.00216600
     4.29188800     0.00000000     0.00000000
     0.00139500     0.62172600    -0.82464800     0.58142300    -0.71482200
    -2.92420100     0.00000000     0.00000000
     0.00009300     0.25378700    -0.15759200     0.48091000     0.92680100
     1.61346300     1.00000000     0.00000000
     0.00000000     0.00000000     0.00000000     0.00000000     0.00000000
     0.00000000     0.00000000     1.00000000

   60.996829   22.097637   10.186744    4.633892    2.146927
    1.014536    0.487206    0.248191    0.131273    0.063714
    0.021542    0.010000

     0.00005600    -0.00007200     0.00005400    -0.00013200    -0.00029800
     0.00000000     0.00000000
     0.00505400    -0.00607900     0.00819500    -0.01019500    -0.01395600
     0.00000000     0.00000000
     0.03222300    -0.03905400     0.05007300    -0.06681500    -0.09848700
     0.00000000     0.00000000
     0.08247900    -0.10065200     0.13617400    -0.17925500    -0.25947100
     0.00000000     0.00000000
     0.15936300    -0.19433000     0.24651600    -0.33873300    -0.44684300
     0.00000000     0.00000000
     0.22860400    -0.25355600     0.25815800    -0.14578400     0.52521200
     0.00000000     0.00000000
     0.24369100    -0.21355600    -0.12479900     0.70044400     1.06147800
     0.00000000     0.00000000
     0.23165100     0.05418200    -0.43908100     0.51197600    -1.66905500
     0.00000000     0.00000000
     0.19543100     0.26118800    -0.47534700    -1.01912300     0.14972100
     0.00000000     0.00000000
     0.21458900     0.52021500     0.52718700    -0.09222100     1.01628900
     0.00000000     0.00000000
     0.07411300     0.16690700     0.47337300     0.69667500    -0.74556300
     1.00000000     0.00000000
     0.00000000     0.00000000     0.00000000     0.00000000     0.00000000
     0.00000000     1.00000000

    2.277680    0.794579    0.277193    0.096700    0.033734

     0.00000000     0.00000000     0.00000000     0.00000000     1.00000000
     0.00000000     0.00000000     0.00000000     1.00000000     0.00000000
     0.00000000     0.00000000     1.00000000     0.00000000     0.00000000
     0.00000000     1.00000000     0.00000000     0.00000000     0.00000000
     1.00000000     0.00000000     0.00000000     0.00000000     0.00000000

    1.668377    0.496450    0.147726    0.043958

     0.00000000     0.00000000     0.00000000     1.00000000
     0.00000000     0.00000000     1.00000000     0.00000000
     0.00000000     1.00000000     0.00000000     0.00000000
     1.00000000     0.00000000     0.00000000     0.00000000

    1.438169    0.730205    0.370749

     0.00000000     0.00000000     1.00000000
     0.00000000     1.00000000     0.00000000
     1.00000000     0.00000000     0.00000000

    2.384691    0.473293

     0.00000000     1.00000000
     1.00000000     0.00000000

Sc:aug-cc-pVDZ-ccECP
ccECP aug-cc-pVDZ for Sc | source recipes/Sc/ccECP/Sc.aug-cc-pVDZ.gamess | ccECP from A. Annaberdiyev et al. Journal of Chemical Physics 149, 134108 (2018) https://doi.org/10.1063/1.5040472

  4
    0    1    2    3
    5    5    4    2
   14   14   12    2

   66.882574   33.776681   18.185884   11.748619    6.895190
    3.222124    1.772120    0.841163    0.471976    0.313224
    0.101013    0.049071    0.022782    0.011000

    0.00055300   -0.00013900   -0.00067900    0.00000000    0.00000000
   -0.00511500    0.00134500    0.00545600    0.00000000    0.00000000
    0.00416100   -0.00144500   -0.01668400    0.00000000    0.00000000
    0.12160300   -0.03208200   -0.03173900    0.00000000    0.00000000
   -0.27013700    0.07550600    0.10956000    0.00000000    0.00000000
   -0.32441000    0.08992700    0.23329300    0.00000000    0.00000000
    0.29116200   -0.09008600   -0.31020700    0.00000000    0.00000000
    0.62893100   -0.21644400   -0.24508300    0.00000000    0.00000000
    0.27340600   -0.17925000   -1.17524800    0.00000000    0.00000000
    0.13535200   -0.12816000    1.03235900    0.00000000    0.00000000
    0.00804100    0.33793500    1.59903900    0.00000000    0.00000000
   -0.00261000    0.60918100   -0.62399000    0.00000000    0.00000000
    0.00059700    0.24418100   -0.84749800    1.00000000    0.00000000
    0.00000000    0.00000000    0.00000000    0.00000000    1.00000000

   77.690832   39.751864   20.615633   11.537150    7.597186
    3.765117    2.051006    1.048648    0.550231    0.303840
    0.165809    0.060419    0.024751    0.012000

    0.00008800    0.00001700   -0.00006300    0.00000000    0.00000000
   -0.00075400   -0.00002600    0.00054900    0.00000000    0.00000000
    0.00658400   -0.00086100   -0.00512000    0.00000000    0.00000000
   -0.00718900   -0.00048300    0.00701100    0.00000000    0.00000000
   -0.06890300    0.02136400    0.05366100    0.00000000    0.00000000
   -0.01384200   -0.00370600    0.00357400    0.00000000    0.00000000
    0.24870400   -0.05871800   -0.23586100    0.00000000    0.00000000
    0.43432800   -0.14336400   -0.49480100    0.00000000    0.00000000
    0.32690600   -0.07728000   -0.22957500    0.00000000    0.00000000
    0.10461700   -0.10776400    0.91797300    0.00000000    0.00000000
    0.01851200    0.32285900    0.62115500    0.00000000    0.00000000
    0.00139500    0.62172600   -0.82464800    0.00000000    0.00000000
    0.00009300    0.25378700   -0.15759200    1.00000000    0.00000000
    0.00000000    0.00000000    0.00000000    0.00000000    1.00000000

   60.996829   22.097637   10.186744    4.633892    2.146927
    1.014536    0.487206    0.248191    0.131273    0.063714
    0.021542    0.010000

    0.00005600   -0.00007200    0.00000000    0.00000000
    0.00505400   -0.00607900    0.00000000    0.00000000
    0.03222300   -0.03905400    0.00000000    0.00000000
    0.08247900   -0.10065200    0.00000000    0.00000000
    0.15936300   -0.19433000    0.00000000    0.00000000
    0.22860400   -0.25355600    0.00000000    0.00000000
    0.24369100   -0.21355600    0.00000000    0.00000000
    0.23165100    0.05418200    0.00000000    0.00000000
    0.19543100    0.26118800    0.00000000    0.00000000
    0.21458900    0.52021500    0.00000000    0.00000000
    0.07411300    0.16690700    1.00000000    0.00000000
    0.00000000    0.00000000    0.00000000    1.00000000

    0.280673    0.083742

    0.00000000    1.00000000
    1.00000000    0.00000000

Sc:aug-cc-pVQZ-ccECP
ccECP aug-cc-pVQZ for Sc | source recipes/Sc/ccECP/Sc.aug-cc-pVQZ.gamess | ccECP from A. Annaberdiyev et al. Journal of Chemical Physics 149, 134108 (2018) https://doi.org/10.1063/1.5040472

  6
    0    1    2    3    4    5
    7    7    6    4    3    2
   14   14   12    4    3    2

   66.882574   33.776681   18.185884   11.748619    6.895190
    3.222124    1.772120    0.841163    0.471976    0.313224
    0.101013    0.049071    0.022782    0.011000

    0.00055300   -0.00013900   -0.00067900   -0.00145200    0.00043000
    0.00000000    0.00000000
   -0.00511500    0.00134500    0.00545600    0.01136200   -0.00113700
    0.00000000    0.00000000
    0.00416100   -0.00144500   -0.01668400   -0.03987600    0.02081200
    0.00000000    0.00000000
    0.12160300   -0.03208200   -0.03173900   -0.02581000   -0.18957800
    0.00000000    0.00000000
   -0.27013700    0.07550600    0.10956000    0.15794300    0.43867600
    0.00000000    0.00000000
   -0.32441000    0.08992700    0.23329300    0.45286800    0.26761800
    0.00000000    0.00000000
    0.29116200   -0.09008600   -0.31020700   -0.76658700   -0.73280800
    0.00000000    0.00000000
    0.62893100   -0.21644400   -0.24508300   -0.60780000   -3.04424000
    0.00000000    0.00000000
    0.27340600   -0.17925000   -1.17524800   -1.71600200    5.47606700
    0.00000000    0.00000000
    0.13535200   -0.12816000    1.03235900    3.61400300   -1.01760200
    0.00000000    0.00000000
    0.00804100    0.33793500    1.59903900   -0.56948000   -5.01443900
    0.00000000    0.00000000
   -0.00261000    0.60918100   -0.62399000   -2.25596700    6.15979200
    0.00000000    0.00000000
    0.00059700    0.24418100   -0.84749800    1.91016000   -2.69036800
    1.00000000    0.00000000
    0.00000000    0.00000000    0.00000000    0.00000000    0.00000000
    0.00000000    1.00000000

   77.690832   39.751864   20.615633   11.537150    7.597186
    3.765117    2.051006    1.048648    0.550231    0.303840
    0.165809    0.060419    0.024751    0.012000

    0.00008800    0.00001700   -0.00006300   -0.00024300   -0.00025600
    0.00000000    0.00000000
   -0.00075400   -0.00002600    0.00054900    0.00156800    0.00108400
    0.00000000    0.00000000
    0.00658400   -0.00086100   -0.00512000   -0.00955400    0.00040000
    0.00000000    0.00000000
   -0.00718900   -0.00048300    0.00701100    0.01802000    0.02195600
    0.00000000    0.00000000
   -0.06890300    0.02136400    0.05366100    0.05100800   -0.16269400
    0.00000000    0.00000000
   -0.01384200   -0.00370600    0.00357400    0.04328000    0.00037100
    0.00000000    0.00000000
    0.24870400   -0.05871800   -0.23586100   -0.40417800    1.05365400
    0.00000000    0.00000000
    0.43432800   -0.14336400   -0.49480100   -0.82490400    0.65865100
    0.00000000    0.00000000
    0.32690600   -0.07728000   -0.22957500    0.71001400   -4.72226800
    0.00000000    0.00000000
    0.10461700   -0.10776400    0.91797300    2.22525500    5.40799300
    0.00000000    0.00000000
    0.01851200    0.32285900    0.62115500   -2.74290300   -2.00216600
    0.00000000    0.00000000
    0.00139500    0.62172600   -0.82464800    0.58142300   -0.71482200
    0.00000000    0.00000000
    0.00009300    0.25378700   -0.15759200    0.48091000    0.92680100
    1.00000000    0.00000000
    0.00000000    0.00000000    0.00000000    0.00000000    0.00000000
    0.00000000    1.00000000

   60.996829   22.097637   10.186744    4.633892    2.146927
    1.014536    0.487206    0.248191    0.131273    0.063714
    0.021542    0.010000

    0.00005600   -0.00007200    0.00005400   -0.00013200    0.00000000
    0.00000000
    0.00505400   -0.00607900    0.00819500   -0.01019500    0.00000000
    0.00000000
    0.03222300   -0.03905400    0.05007300   -0.06681500    0.00000000
    0.00000000
    0.08247900   -0.10065200    0.13617400   -0.17925500    0.00000000
    0.00000000
    0.15936300   -0.19433000    0.24651600   -0.33873300    0.00000000
    0.00000000
    0.22860400   -0.25355600    0.25815800   -0.14578400    0.00000000
    0.00000000
    0.24369100   -0.21355600   -0.12479900    0.70044400    0.00000000
    0.00000000
    0.23165100    0.05418200   -0.43908100    0.51197600    0.00000000
    0.00000000
    0.19543100    0.26118800   -0.47534700   -1.01912300    0.00000000
    0.00000000
    0.21458900    0.52021500    0.52718700   -0.09222100    0.00000000
    0.00000000
    0.07411300    0.16690700    0.47337300    0.69667500    1.00000000
    0.00000000
    0.00000000    0.00000000    0.00000000    0.00000000    0.00000000
    1.00000000

    1.475494    0.423707    0.121673    0.034940

    0.00000000    0.00000000    0.00000000    1.00000000
    0.00000000    0.00000000    1.00000000    0.00000000
    0.00000000    1.00000000    0.00000000    0.00000000
    1.00000000    0.00000000    0.00000000    0.00000000

    0.652356    0.318017    0.155030

    0.00000000    0.00000000    1.00000000
    0.00000000    1.00000000    0.00000000
    1.00000000    0.00000000    0.00000000

    3.057835    0.472110

    0.00000000    1.00000000
    1.00000000    0.00000000

Sc:aug-cc-pVTZ-ccECP
ccECP aug-cc-pVTZ for Sc | source recipes/Sc/ccECP/Sc.aug-cc-pVTZ.gamess | ccECP from A. Annaberdiyev et al. Journal of Chemical Physics 149, 134108 (2018) https://doi.org/10.1063/1.5040472

  5
    0    1    2    3    4
    6    6    5    3    2
   14   14   12    3    2

   66.882574   33.776681   18.185884   11.748619    6.895190
    3.222124    1.772120    0.841163    0.471976    0.313224
    0.101013    0.049071    0.022782    0.011000

    0.00055300   -0.00013900   -0.00067900   -0.00145200    0.00000000
    0.00000000
   -0.00511500    0.00134500    0.00545600    0.01136200    0.00000000
    0.00000000
    0.00416100   -0.00144500   -0.01668400   -0.03987600    0.00000000
    0.00000000
    0.12160300   -0.03208200   -0.03173900   -0.02581000    0.00000000
    0.00000000
   -0.27013700    0.07550600    0.10956000    0.15794300    0.00000000
    0.00000000
   -0.32441000    0.08992700    0.23329300    0.45286800    0.00000000
    0.00000000
    0.29116200   -0.09008600   -0.31020700   -0.76658700    0.00000000
    0.00000000
    0.62893100   -0.21644400   -0.24508300   -0.60780000    0.00000000
    0.00000000
    0.27340600   -0.17925000   -1.17524800   -1.71600200    0.00000000
    0.00000000
    0.13535200   -0.12816000    1.03235900    3.61400300    0.00000000
    0.00000000
    0.00804100    0.33793500    1.59903900   -0.56948000    0.00000000
    0.00000000
   -0.00261000    0.60918100   -0.62399000   -2.25596700    0.00000000
    0.00000000
    0.00059700    0.24418100   -0.84749800    1.91016000    1.00000000
    0.00000000
    0.00000000    0.00000000    0.00000000    0.00000000    0.00000000
    1.00000000

   77.690832   39.751864   20.615633   11.537150    7.597186
    3.765117    2.051006    1.048648    0.550231    0.303840
    0.165809    0.060419    0.024751    0.012000

    0.00008800    0.00001700   -0.00006300   -0.00024300    0.00000000
    0.00000000
   -0.00075400   -0.00002600    0.00054900    0.00156800    0.00000000
    0.00000000
    0.00658400   -0.00086100   -0.00512000   -0.00955400    0.00000000
    0.00000000
   -0.00718900   -0.00048300    0.00701100    0.01802000    0.00000000
    0.00000000
   -0.06890300    0.02136400    0.05366100    0.05100800    0.00000000
    0.00000000
   -0.01384200   -0.00370600    0.00357400    0.04328000    0.00000000
    0.00000000
    0.24870400   -0.05871800   -0.23586100   -0.40417800    0.00000000
    0.00000000
    0.43432800   -0.14336400   -0.49480100   -0.82490400    0.00000000
    0.00000000
    0.32690600   -0.07728000   -0.22957500    0.71001400    0.00000000
    0.00000000
    0.10461700   -0.10776400    0.91797300    2.22525500    0.00000000
    0.00000000
    0.01851200    0.32285900    0.62115500   -2.74290300    0.00000000
    0.00000000
    0.00139500    0.62172600   -0.82464800    0.58142300    0.00000000
    0.00000000
    0.00009300    0.25378700   -0.15759200    0.48091000    1.00000000
    0.00000000
    0.00000000    0.00000000    0.00000000    0.00000000    0.00000000
    1.00000000

   60.996829   22.097637   10.186744    4.633892    2.146927
    1.014536    0.487206    0.248191    0.131273    0.063714
    0.021542    0.010000

    0.00005600   -0.00007200    0.00005400    0.00000000    0.00000000
    0.00505400   -0.00607900    0.00819500    0.00000000    0.00000000
    0.03222300   -0.03905400    0.05007300    0.00000000    0.00000000
    0.08247900   -0.10065200    0.13617400    0.00000000    0.00000000
    0.15936300   -0.19433000    0.24651600    0.00000000    0.00000000
    0.22860400   -0.25355600    0.25815800    0.00000000    0.00000000
    0.24369100   -0.21355600   -0.12479900    0.00000000    0.00000000
    0.23165100    0.05418200   -0.43908100    0.00000000    0.00000000
    0.19543100    0.26118800   -0.47534700    0.00000000    0.00000000
    0.21458900    0.52021500    0.52718700    0.00000000    0.00000000
    0.07411300    0.16690700    0.47337300    1.00000000    0.00000000
    0.00000000    0.00000000    0.00000000    0.00000000    1.00000000

    0.742579    0.173012    0.040310

    0.00000000    0.00000000    1.00000000
    0.00000000    1.00000000    0.00000000
    1.00000000    0.00000000    0.00000000

    0.413265    0.132455

    0.00000000    1.00000000
    1.00000000    0.00000000

Sc:cc-pCV5Z-ccECP
ccECP cc-pCV5Z for Sc | source recipes/Sc/ccECP/Sc.cc-pCV5Z.gamess | ccECP from A. Annaberdiyev et al. Journal of Chemical Physics 149, 134108 (2018) https://doi.org/10.1063/1.5040472

  7
    0    1    2    3    4    5    6
    9    9    8    5    4    3    2
   15   15   13    5    4    3    2

   66.882574   33.776681   18.185884   11.748619    6.895190
    3.907301    3.222124    2.579792    1.772120    0.841163
    0.471976    0.313224    0.101013    0.049071    0.022782

     0.00055300    -0.00013900    -0.00067900    -0.00145200     0.00043000
     0.00024200     0.00000000     0.00000000     0.00000000
    -0.00511500     0.00134500     0.00545600     0.01136200    -0.00113700
    -0.00502700     0.00000000     0.00000000     0.00000000
     0.00416100    -0.00144500    -0.01668400    -0.03987600     0.02081200
    -0.00112700     0.00000000     0.00000000     0.00000000
     0.12160300    -0.03208200    -0.03173900    -0.02581000    -0.18957800
     0.26943700     0.00000000     0.00000000     0.00000000
    -0.27013700     0.07550600     0.10956000     0.15794300     0.43867600
    -0.78145300     0.00000000     0.00000000     0.00000000
     0.00000000     0.00000000     0.00000000     0.00000000     0.00000000
     0.00000000     0.00000000     0.00000000     1.00000000
    -0.32441000     0.08992700     0.23329300     0.45286800     0.26761800
    -0.63475600     0.00000000     0.00000000     0.00000000
     0.00000000     0.00000000     0.00000000     0.00000000     0.00000000
     0.00000000     0.00000000     1.00000000     0.00000000
     0.29116200    -0.09008600    -0.31020700    -0.76658700    -0.73280800
     3.60158600     0.00000000     0.00000000     0.00000000
     0.62893100    -0.21644400    -0.24508300    -0.60780000    -3.04424000
    -0.10790900     0.00000000     0.00000000     0.00000000
     0.27340600    -0.17925000    -1.17524800    -1.71600200     5.47606700
   -12.73645800     0.00000000     0.00000000     0.00000000
     0.13535200    -0.12816000     1.03235900     3.61400300    -1.01760200
    14.34975300     0.00000000     0.00000000     0.00000000
     0.00804100     0.33793500     1.59903900    -0.56948000    -5.01443900
    -8.02316200     0.00000000     0.00000000     0.00000000
    -0.00261000     0.60918100    -0.62399000    -2.25596700     6.15979200
     6.21689300     0.00000000     0.00000000     0.00000000
     0.00059700     0.24418100    -0.84749800     1.91016000    -2.69036800
    -2.06426000     1.00000000     0.00000000     0.00000000

   77.690832   39.751864   20.615633   11.537150    7.597186
    3.785409    3.765117    2.051006    1.149806    1.048648
    0.550231    0.303840    0.165809    0.060419    0.024751

     0.00008800     0.00001700    -0.00006300    -0.00024300    -0.00025600
    -0.00390100     0.00000000     0.00000000     0.00000000
    -0.00075400    -0.00002600     0.00054900     0.00156800     0.00108400
     0.02143200     0.00000000     0.00000000     0.00000000
     0.00658400    -0.00086100    -0.00512000    -0.00955400     0.00040000
    -0.08584900     0.00000000     0.00000000     0.00000000
    -0.00718900    -0.00048300     0.00701100     0.01802000     0.02195600
     0.25570200     0.00000000     0.00000000     0.00000000
    -0.06890300     0.02136400     0.05366100     0.05100800    -0.16269400
    -0.24426600     0.00000000     0.00000000     0.00000000
     0.00000000     0.00000000     0.00000000     0.00000000     0.00000000
     0.00000000     0.00000000     0.00000000     1.00000000
    -0.01384200    -0.00370600     0.00357400     0.04328000     0.00037100
     0.62236300     0.00000000     0.00000000     0.00000000
     0.24870400    -0.05871800    -0.23586100    -0.40417800     1.05365400
    -2.77179400     0.00000000     0.00000000     0.00000000
     0.00000000     0.00000000     0.00000000     0.00000000     0.00000000
     0.00000000     0.00000000     1.00000000     0.00000000
     0.43432800    -0.14336400    -0.49480100    -0.82490400     0.65865100
     3.61583800     0.00000000     0.00000000     0.00000000
     0.32690600    -0.07728000    -0.22957500     0.71001400    -4.72226800
    -0.69783100     0.00000000     0.00000000     0.00000000
     0.10461700    -0.10776400     0.91797300     2.22525500     5.40799300
    -3.54879700     0.00000000     0.00000000     0.00000000
     0.01851200     0.32285900     0.62115500    -2.74290300    -2.00216600
     4.29188800     0.00000000     0.00000000     0.00000000
     0.00139500     0.62172600    -0.82464800     0.58142300    -0.71482200
    -2.92420100     0.00000000     0.00000000     0.00000000
     0.00009300     0.25378700    -0.15759200     0.48091000     0.92680100
     1.61346300     1.00000000     0.00000000     0.00000000

   60.996829   22.097637   10.186744    4.633892    2.428497
    2.146927    1.726661    1.014536    0.487206    0.248191
    0.131273    0.063714    0.021542

     0.00005600    -0.00007200     0.00005400    -0.00013200    -0.00029800
     0.00000000     0.00000000     0.00000000
     0.00505400    -0.00607900     0.00819500    -0.01019500    -0.01395600
     0.00000000     0.00000000     0.00000000
     0.03222300    -0.03905400     0.05007300    -0.06681500    -0.09848700
     0.00000000     0.00000000     0.00000000
     0.08247900    -0.10065200     0.13617400    -0.17925500    -0.25947100
     0.00000000     0.00000000     0.00000000
     0.00000000     0.00000000     0.00000000     0.00000000     0.00000000
     0.00000000     0.00000000     1.00000000
     0.15936300    -0.19433000     0.24651600    -0.33873300    -0.44684300
     0.00000000     0.00000000     0.00000000
     0.00000000     0.00000000     0.00000000     0.00000000     0.00000000
     0.00000000     1.00000000     0.00000000
     0.22860400    -0.25355600     0.25815800    -0.14578400     0.52521200
     0.00000000     0.00000000     0.00000000
     0.24369100    -0.21355600    -0.12479900     0.70044400     1.06147800
     0.00000000     0.00000000     0.00000000
     0.23165100     0.05418200    -0.43908100     0.51197600    -1.66905500
     0.00000000     0.00000000     0.00000000
     0.19543100     0.26118800    -0.47534700    -1.01912300     0.14972100
     0.00000000     0.00000000     0.00000000
     0.21458900     0.52021500     0.52718700    -0.09222100     1.01628900
     0.00000000     0.00000000     0.00000000
     0.07411300     0.16690700     0.47337300     0.69667500    -0.74556300
     1.00000000     0.00000000     0.00000000

    2.972618    2.277680    0.794579    0.277193    0.096700

     0.00000000     0.00000000     0.00000000     0.00000000     1.00000000
     0.00000000     0.00000000     0.00000000     1.00000000     0.00000000
     0.00000000     0.00000000     1.00000000     0.00000000     0.00000000
     0.00000000     1.00000000     0.00000000     0.00000000     0.00000000
     1.00000000     0.00000000     0.00000000     0.00000000     0.00000000

    3.296772    1.668377    0.496450    0.147726

     0.00000000     0.00000000     0.00000000     1.00000000
     0.00000000     0.00000000     1.00000000     0.00000000
     0.00000000     1.00000000     0.00000000     0.00000000
     1.00000000     0.00000000     0.00000000     0.00000000

    3.362914    1.438169    0.730205

     0.00000000     0.00000000     1.00000000
     0.00000000     1.00000000     0.00000000
     1.00000000     0.00000000     0.00000000

    3.811252    2.384691

     0.00000000     1.00000000
     1.00000000     0.00000000

Sc:cc-pCVDZ-ccECP
ccECP cc-pCVDZ for Sc | source recipes/Sc/ccECP/Sc.cc-pCVDZ.gamess | ccECP from A. Annaberdiyev et al. Journal of Chemical Physics 149, 134108 (2018) https://doi.org/10.1063/1.5040472

  4
    0    1    2    3
    6    6    5    2
   15   15   13    2

   66.882574   33.776681   18.185884   11.748619    6.895190
    3.222124    2.006315    1.772120    0.841163    0.531583
    0.471976    0.313224    0.101013    0.049071    0.022782

    0.00055300   -0.00013900   -0.00067900    0.00000000    0.00000000
    0.00000000
   -0.00511500    0.00134500    0.00545600    0.00000000    0.00000000
    0.00000000
    0.00416100   -0.00144500   -0.01668400    0.00000000    0.00000000
    0.00000000
    0.12160300   -0.03208200   -0.03173900    0.00000000    0.00000000
    0.00000000
   -0.27013700    0.07550600    0.10956000    0.00000000    0.00000000
    0.00000000
   -0.32441000    0.08992700    0.23329300    0.00000000    0.00000000
    0.00000000
    0.00000000    0.00000000    0.00000000    0.00000000    0.00000000
    1.00000000
    0.29116200   -0.09008600   -0.31020700    0.00000000    0.00000000
    0.00000000
    0.62893100   -0.21644400   -0.24508300    0.00000000    0.00000000
    0.00000000
    0.00000000    0.00000000    0.00000000    0.00000000    1.00000000
    0.00000000
    0.27340600   -0.17925000   -1.17524800    0.00000000    0.00000000
    0.00000000
    0.13535200   -0.12816000    1.03235900    0.00000000    0.00000000
    0.00000000
    0.00804100    0.33793500    1.59903900    0.00000000    0.00000000
    0.00000000
   -0.00261000    0.60918100   -0.62399000    0.00000000    0.00000000
    0.00000000
    0.00059700    0.24418100   -0.84749800    1.00000000    0.00000000
    0.00000000

   77.690832   39.751864   20.615633   11.537150    7.597186
    3.765117    2.759507    2.051006    1.048648    0.608728
    0.550231    0.303840    0.165809    0.060419    0.024751

    0.00008800    0.00001700   -0.00006300    0.00000000    0.00000000
    0.00000000
   -0.00075400   -0.00002600    0.00054900    0.00000000    0.00000000
    0.00000000
    0.00658400   -0.00086100   -0.00512000    0.00000000    0.00000000
    0.00000000
   -0.00718900   -0.00048300    0.00701100    0.00000000    0.00000000
    0.00000000
   -0.06890300    0.02136400    0.05366100    0.00000000    0.00000000
    0.00000000
   -0.01384200   -0.00370600    0.00357400    0.00000000    0.00000000
    0.00000000
    0.00000000    0.00000000    0.00000000    0.00000000    0.00000000
    1.00000000
    0.24870400   -0.05871800   -0.23586100    0.00000000    0.00000000
    0.00000000
    0.43432800   -0.14336400   -0.49480100    0.00000000    0.00000000
    0.00000000
    0.00000000    0.00000000    0.00000000    0.00000000    1.00000000
    0.00000000
    0.32690600   -0.07728000   -0.22957500    0.00000000    0.00000000
    0.00000000
    0.10461700   -0.10776400    0.91797300    0.00000000    0.00000000
    0.00000000
    0.01851200    0.32285900    0.62115500    0.00000000    0.00000000
    0.00000000
    0.00139500    0.62172600   -0.82464800    0.00000000    0.00000000
    0.00000000
    0.00009300    0.25378700   -0.15759200    1.00000000    0.00000000
    0.00000000

   60.996829   22.097637   10.186744    4.633892    4.010741
    2.146927    1.412796    1.014536    0.487206    0.248191
    0.131273    0.063714    0.021542

    0.00005600   -0.00007200    0.00000000    0.00000000    0.00000000
    0.00505400   -0.00607900    0.00000000    0.00000000    0.00000000
    0.03222300   -0.03905400    0.00000000    0.00000000    0.00000000
    0.08247900   -0.10065200    0.00000000    0.00000000    0.00000000
    0.00000000    0.00000000    0.00000000    0.00000000    1.00000000
    0.15936300   -0.19433000    0.00000000    0.00000000    0.00000000
    0.00000000    0.00000000    0.00000000    1.00000000    0.00000000
    0.22860400   -0.25355600    0.00000000    0.00000000    0.00000000
    0.24369100   -0.21355600    0.00000000    0.00000000    0.00000000
    0.23165100    0.05418200    0.00000000    0.00000000    0.00000000
    0.19543100    0.26118800    0.00000000    0.00000000    0.00000000
    0.21458900    0.52021500    0.00000000    0.00000000    0.00000000
    0.07411300    0.16690700    1.00000000    0.00000000    0.00000000

    1.670187    0.280673

    0.00000000    1.00000000
    1.00000000    0.00000000

Sc:cc-pCVQZ-ccECP
ccECP cc-pCVQZ for Sc | source recipes/Sc/ccECP/Sc.cc-pCVQZ.gamess | ccECP from A. Annaberdiyev et al. Journal of Chemical Physics 149, 134108 (2018) https://doi.org/10.1063/1.5040472

  6
    0    1    2    3    4    5
    8    8    7    4    3    2
   15   15   13    4    3    2

   66.882574   33.776681   18.185884   11.748619    6.895190
    3.520437    3.222124    2.944740    1.772120    0.841163
    0.471976    0.313224    0.101013    0.049071    0.022782

    0.00055300   -0.00013900   -0.00067900   -0.00145200    0.00043000
    0.00000000    0.00000000    0.00000000
   -0.00511500    0.00134500    0.00545600    0.01136200   -0.00113700
    0.00000000    0.00000000    0.00000000
    0.00416100   -0.00144500   -0.01668400   -0.03987600    0.02081200
    0.00000000    0.00000000    0.00000000
    0.12160300   -0.03208200   -0.03173900   -0.02581000   -0.18957800
    0.00000000    0.00000000    0.00000000
   -0.27013700    0.07550600    0.10956000    0.15794300    0.43867600
    0.00000000    0.00000000    0.00000000
    0.00000000    0.00000000    0.00000000    0.00000000    0.00000000
    0.00000000    0.00000000    1.00000000
   -0.32441000    0.08992700    0.23329300    0.45286800    0.26761800
    0.00000000    0.00000000    0.00000000
    0.00000000    0.00000000    0.00000000    0.00000000    0.00000000
    0.00000000    1.00000000    0.00000000
    0.29116200   -0.09008600   -0.31020700   -0.76658700   -0.73280800
    0.00000000    0.00000000    0.00000000
    0.62893100   -0.21644400   -0.24508300   -0.60780000   -3.04424000
    0.00000000    0.00000000    0.00000000
    0.27340600   -0.17925000   -1.17524800   -1.71600200    5.47606700
    0.00000000    0.00000000    0.00000000
    0.13535200   -0.12816000    1.03235900    3.61400300   -1.01760200
    0.00000000    0.00000000    0.00000000
    0.00804100    0.33793500    1.59903900   -0.56948000   -5.01443900
    0.00000000    0.00000000    0.00000000
   -0.00261000    0.60918100   -0.62399000   -2.25596700    6.15979200
    0.00000000    0.00000000    0.00000000
    0.00059700    0.24418100   -0.84749800    1.91016000   -2.69036800
    1.00000000    0.00000000    0.00000000

   77.690832   39.751864   20.615633   11.537150    7.597186
    3.765117    3.608023    2.051006    1.079934    1.048648
    0.550231    0.303840    0.165809    0.060419    0.024751

    0.00008800    0.00001700   -0.00006300   -0.00024300   -0.00025600
    0.00000000    0.00000000    0.00000000
   -0.00075400   -0.00002600    0.00054900    0.00156800    0.00108400
    0.00000000    0.00000000    0.00000000
    0.00658400   -0.00086100   -0.00512000   -0.00955400    0.00040000
    0.00000000    0.00000000    0.00000000
   -0.00718900   -0.00048300    0.00701100    0.01802000    0.02195600
    0.00000000    0.00000000    0.00000000
   -0.06890300    0.02136400    0.05366100    0.05100800   -0.16269400
    0.00000000    0.00000000    0.00000000
   -0.01384200   -0.00370600    0.00357400    0.04328000    0.00037100
    0.00000000    0.00000000    0.00000000
    0.00000000    0.00000000    0.00000000    0.00000000    0.00000000
    0.00000000    0.00000000    1.00000000
    0.24870400   -0.05871800   -0.23586100   -0.40417800    1.05365400
    0.00000000    0.00000000    0.00000000
    0.00000000    0.00000000    0.00000000    0.00000000    0.00000000
    0.00000000    1.00000000    0.00000000
    0.43432800   -0.14336400   -0.49480100   -0.82490400    0.65865100
    0.00000000    0.00000000    0.00000000
    0.32690600   -0.07728000   -0.22957500    0.71001400   -4.72226800
    0.00000000    0.00000000    0.00000000
    0.10461700   -0.10776400    0.91797300    2.22525500    5.40799300
    0.00000000    0.00000000    0.00000000
    0.01851200    0.32285900    0.62115500   -2.74290300   -2.00216600
    0.00000000    0.00000000    0.00000000
    0.00139500    0.62172600   -0.82464800    0.58142300   -0.71482200
    0.00000000    0.00000000    0.00000000
    0.00009300    0.25378700   -0.15759200    0.48091000    0.92680100
    1.00000000    0.00000000    0.00000000

   60.996829   22.097637   10.186744    4.633892    2.146927
    2.093727    1.246811    1.014536    0.487206    0.248191
    0.131273    0.063714    0.021542

    0.00005600   -0.00007200    0.00005400   -0.00013200    0.00000000
    0.00000000    0.00000000
    0.00505400   -0.00607900    0.00819500   -0.01019500    0.00000000
    0.00000000    0.00000000
    0.03222300   -0.03905400    0.05007300   -0.06681500    0.00000000
    0.00000000    0.00000000
    0.08247900   -0.10065200    0.13617400   -0.17925500    0.00000000
    0.00000000    0.00000000
    0.15936300   -0.19433000    0.24651600   -0.33873300    0.00000000
    0.00000000    0.00000000
    0.00000000    0.00000000    0.00000000    0.00000000    0.00000000
    0.00000000    1.00000000
    0.00000000    0.00000000    0.00000000    0.00000000    0.00000000
    1.00000000    0.00000000
    0.22860400   -0.25355600    0.25815800   -0.14578400    0.00000000
    0.00000000    0.00000000
    0.24369100   -0.21355600   -0.12479900    0.70044400    0.00000000
    0.00000000    0.00000000
    0.23165100    0.05418200   -0.43908100    0.51197600    0.00000000
    0.00000000    0.00000000
    0.19543100    0.26118800   -0.47534700   -1.01912300    0.00000000
    0.00000000    0.00000000
    0.21458900    0.52021500    0.52718700   -0.09222100    0.00000000
    0.00000000    0.00000000
    0.07411300    0.16690700    0.47337300    0.69667500    1.00000000
    0.00000000    0.00000000

    3.174444    1.475494    0.423707    0.121673

    0.00000000    0.00000000    0.00000000    1.00000000
    0.00000000    0.00000000    1.00000000    0.00000000
    0.00000000    1.00000000    0.00000000    0.00000000
    1.00000000    0.00000000    0.00000000    0.00000000

    2.256684    0.652356    0.318017

    0.00000000    0.00000000    1.00000000
    0.00000000    1.00000000    0.00000000
    1.00000000    0.00000000    0.00000000

    3.057835    2.610600

    1.00000000    0.00000000
    0.00000000    1.00000000

Sc:cc-pCVTZ-ccECP
ccECP cc-pCVTZ for Sc | source recipes/Sc/ccECP/Sc.cc-pCVTZ.gamess | ccECP from A. Annaberdiyev et al. Journal of Chemical Physics 149, 134108 (2018) https://doi.org/10.1063/1.5040472

  5
    0    1    2    3    4
    7    7    6    3    2
   15   15   13    3    2

   66.882574   33.776681   18.185884   11.748619    6.895190
    3.222124    2.017719    1.772120    0.841163    0.693020
    0.471976    0.313224    0.101013    0.049071    0.022782

    0.00055300   -0.00013900   -0.00067900   -0.00145200    0.00000000
    0.00000000    0.00000000
   -0.00511500    0.00134500    0.00545600    0.01136200    0.00000000
    0.00000000    0.00000000
    0.00416100   -0.00144500   -0.01668400   -0.03987600    0.00000000
    0.00000000    0.00000000
    0.12160300   -0.03208200   -0.03173900   -0.02581000    0.00000000
    0.00000000    0.00000000
   -0.27013700    0.07550600    0.10956000    0.15794300    0.00000000
    0.00000000    0.00000000
   -0.32441000    0.08992700    0.23329300    0.45286800    0.00000000
    0.00000000    0.00000000
    0.00000000    0.00000000    0.00000000    0.00000000    0.00000000
    0.00000000    1.00000000
    0.29116200   -0.09008600   -0.31020700   -0.76658700    0.00000000
    0.00000000    0.00000000
    0.62893100   -0.21644400   -0.24508300   -0.60780000    0.00000000
    0.00000000    0.00000000
    0.00000000    0.00000000    0.00000000    0.00000000    0.00000000
    1.00000000    0.00000000
    0.27340600   -0.17925000   -1.17524800   -1.71600200    0.00000000
    0.00000000    0.00000000
    0.13535200   -0.12816000    1.03235900    3.61400300    0.00000000
    0.00000000    0.00000000
    0.00804100    0.33793500    1.59903900   -0.56948000    0.00000000
    0.00000000    0.00000000
   -0.00261000    0.60918100   -0.62399000   -2.25596700    0.00000000
    0.00000000    0.00000000
    0.00059700    0.24418100   -0.84749800    1.91016000    1.00000000
    0.00000000    0.00000000

   77.690832   39.751864   20.615633   11.537150    7.597186
    3.765117    3.139671    2.051006    1.048648    0.772305
    0.550231    0.303840    0.165809    0.060419    0.024751

    0.00008800    0.00001700   -0.00006300   -0.00024300    0.00000000
    0.00000000    0.00000000
   -0.00075400   -0.00002600    0.00054900    0.00156800    0.00000000
    0.00000000    0.00000000
    0.00658400   -0.00086100   -0.00512000   -0.00955400    0.00000000
    0.00000000    0.00000000
   -0.00718900   -0.00048300    0.00701100    0.01802000    0.00000000
    0.00000000    0.00000000
   -0.06890300    0.02136400    0.05366100    0.05100800    0.00000000
    0.00000000    0.00000000
   -0.01384200   -0.00370600    0.00357400    0.04328000    0.00000000
    0.00000000    0.00000000
    0.00000000    0.00000000    0.00000000    0.00000000    0.00000000
    0.00000000    1.00000000
    0.24870400   -0.05871800   -0.23586100   -0.40417800    0.00000000
    0.00000000    0.00000000
    0.43432800   -0.14336400   -0.49480100   -0.82490400    0.00000000
    0.00000000    0.00000000
    0.00000000    0.00000000    0.00000000    0.00000000    0.00000000
    1.00000000    0.00000000
    0.32690600   -0.07728000   -0.22957500    0.71001400    0.00000000
    0.00000000    0.00000000
    0.10461700   -0.10776400    0.91797300    2.22525500    0.00000000
    0.00000000    0.00000000
    0.01851200    0.32285900    0.62115500   -2.74290300    0.00000000
    0.00000000    0.00000000
    0.00139500    0.62172600   -0.82464800    0.58142300    0.00000000
    0.00000000    0.00000000
    0.00009300    0.25378700   -0.15759200    0.48091000    1.00000000
    0.00000000    0.00000000

   60.996829   22.097637   10.186744    4.633892    2.146927
    1.676449    1.014536    0.858283    0.487206    0.248191
    0.131273    0.063714    0.021542

    0.00005600   -0.00007200    0.00005400    0.00000000    0.00000000
    0.00000000
    0.00505400   -0.00607900    0.00819500    0.00000000    0.00000000
    0.00000000
    0.03222300   -0.03905400    0.05007300    0.00000000    0.00000000
    0.00000000
    0.08247900   -0.10065200    0.13617400    0.00000000    0.00000000
    0.00000000
    0.15936300   -0.19433000    0.24651600    0.00000000    0.00000000
    0.00000000
    0.00000000    0.00000000    0.00000000    0.00000000    0.00000000
    1.00000000
    0.22860400   -0.25355600    0.25815800    0.00000000    0.00000000
    0.00000000
    0.00000000    0.00000000    0.00000000    0.00000000    1.00000000
    0.00000000
    0.24369100   -0.21355600   -0.12479900    0.00000000    0.00000000
    0.00000000
    0.23165100    0.05418200   -0.43908100    0.00000000    0.00000000
    0.00000000
    0.19543100    0.26118800   -0.47534700    0.00000000    0.00000000
    0.00000000
    0.21458900    0.52021500    0.52718700    0.00000000    0.00000000
    0.00000000
    0.07411300    0.16690700    0.47337300    1.00000000    0.00000000
    0.00000000

    2.198729    0.742579    0.173012

    0.00000000    0.00000000    1.00000000
    0.00000000    1.00000000    0.00000000
    1.00000000    0.00000000    0.00000000

    2.006030    0.413265

    0.00000000    1.00000000
    1.00000000    0.00000000

Sc:cc-pV5Z-ccECP
ccECP cc-pV5Z for Sc | source recipes/Sc/ccECP/Sc.cc-pV5Z.gamess | ccECP from A. Annaberdiyev et al. Journal of Chemical Physics 149, 134108 (2018) https://doi.org/10.1063/1.5040472

  7
    0    1    2    3    4    5    6
    7    7    6    4    3    2    1
   13   13   11    4    3    2    1

   66.882574   33.776681   18.185884   11.748619    6.895190
    3.222124    1.772120    0.841163    0.471976    0.313224
    0.101013    0.049071    0.022782

     0.00055300    -0.00013900    -0.00067900    -0.00145200     0.00043000
     0.00024200     0.00000000
    -0.00511500     0.00134500     0.00545600     0.01136200    -0.00113700
    -0.00502700     0.00000000
     0.00416100    -0.00144500    -0.01668400    -0.03987600     0.02081200
    -0.00112700     0.00000000
     0.12160300    -0.03208200    -0.03173900    -0.02581000    -0.18957800
     0.26943700     0.00000000
    -0.27013700     0.07550600     0.10956000     0.15794300     0.43867600
    -0.78145300     0.00000000
    -0.32441000     0.08992700     0.23329300     0.45286800     0.26761800
    -0.63475600     0.00000000
     0.29116200    -0.09008600    -0.31020700    -0.76658700    -0.73280800
     3.60158600     0.00000000
     0.62893100    -0.21644400    -0.24508300    -0.60780000    -3.04424000
    -0.10790900     0.00000000
     0.27340600    -0.17925000    -1.17524800    -1.71600200     5.47606700
   -12.73645800     0.00000000
     0.13535200    -0.12816000     1.03235900     3.61400300    -1.01760200
    14.34975300     0.00000000
     0.00804100     0.33793500     1.59903900    -0.56948000    -5.01443900
    -8.02316200     0.00000000
    -0.00261000     0.60918100    -0.62399000    -2.25596700     6.15979200
     6.21689300     0.00000000
     0.00059700     0.24418100    -0.84749800     1.91016000    -2.69036800
    -2.06426000     1.00000000

   77.690832   39.751864   20.615633   11.537150    7.597186
    3.765117    2.051006    1.048648    0.550231    0.303840
    0.165809    0.060419    0.024751

     0.00008800     0.00001700    -0.00006300    -0.00024300    -0.00025600
    -0.00390100     0.00000000
    -0.00075400    -0.00002600     0.00054900     0.00156800     0.00108400
     0.02143200     0.00000000
     0.00658400    -0.00086100    -0.00512000    -0.00955400     0.00040000
    -0.08584900     0.00000000
    -0.00718900    -0.00048300     0.00701100     0.01802000     0.02195600
     0.25570200     0.00000000
    -0.06890300     0.02136400     0.05366100     0.05100800    -0.16269400
    -0.24426600     0.00000000
    -0.01384200    -0.00370600     0.00357400     0.04328000     0.00037100
     0.62236300     0.00000000
     0.24870400    -0.05871800    -0.23586100    -0.40417800     1.05365400
    -2.77179400     0.00000000
     0.43432800    -0.14336400    -0.49480100    -0.82490400     0.65865100
     3.61583800     0.00000000
     0.32690600    -0.07728000    -0.22957500     0.71001400    -4.72226800
    -0.69783100     0.00000000
     0.10461700    -0.10776400     0.91797300     2.22525500     5.40799300
    -3.54879700     0.00000000
     0.01851200     0.32285900     0.62115500    -2.74290300    -2.00216600
     4.29188800     0.00000000
     0.00139500     0.62172600    -0.82464800     0.58142300    -0.71482200
    -2.92420100     0.00000000
     0.00009300     0.25378700    -0.15759200     0.48091000     0.92680100
     1.61346300     1.00000000

   60.996829   22.097637   10.186744    4.633892    2.146927
    1.014536    0.487206    0.248191    0.131273    0.063714
    0.021542

     0.00005600    -0.00007200     0.00005400    -0.00013200    -0.00029800
     0.00000000
     0.00505400    -0.00607900     0.00819500    -0.01019500    -0.01395600
     0.00000000
     0.03222300    -0.03905400     0.05007300    -0.06681500    -0.09848700
     0.00000000
     0.08247900    -0.10065200     0.13617400    -0.17925500    -0.25947100
     0.00000000
     0.15936300    -0.19433000     0.24651600    -0.33873300    -0.44684300
     0.00000000
     0.22860400    -0.25355600     0.25815800    -0.14578400     0.52521200
     0.00000000
     0.24369100    -0.21355600    -0.12479900     0.70044400     1.06147800
     0.00000000
     0.23165100     0.05418200    -0.43908100     0.51197600    -1.66905500
     0.00000000
     0.19543100     0.26118800    -0.47534700    -1.01912300     0.14972100
     0.00000000
     0.21458900     0.52021500     0.52718700    -0.09222100     1.01628900
     0.00000000
     0.07411300     0.16690700     0.47337300     0.69667500    -0.74556300
     1.00000000

    2.277680    0.794579    0.277193    0.096700

     0.00000000     0.00000000     0.00000000     1.00000000
     0.00000000     0.00000000     1.00000000     0.00000000
     0.00000000     1.00000000     0.00000000     0.00000000
     1.00000000     0.00000000     0.00000000     0.00000000

    1.668377    0.496450    0.147726

     0.00000000     0.00000000     1.00000000
     0.00000000     1.00000000     0.00000000
     1.00000000     0.00000000     0.00000000

    1.438169    0.730205

     0.00000000     1.00000000
     1.00000000     0.00000000

    2.384691

     1.00000000

Sc:cc-pVDZ-ccECP
ccECP cc-pVDZ for Sc | source recipes/Sc/ccECP/Sc.cc-pVDZ.gamess | ccECP from A. Annaberdiyev et al. Journal of Chemical Physics 149, 134108 (2018) https://doi.org/10.1063/1.5040472

  4
    0    1    2    3
    4    4    3    1
   13   13   11    1

   66.882574   33.776681   18.185884   11.748619    6.895190
    3.222124    1.772120    0.841163    0.471976    0.313224
    0.101013    0.049071    0.022782

    0.00055300   -0.00013900   -0.00067900    0.00000000
   -0.00511500    0.00134500    0.00545600    0.00000000
    0.00416100   -0.00144500   -0.01668400    0.00000000
    0.12160300   -0.03208200   -0.03173900    0.00000000
   -0.27013700    0.07550600    0.10956000    0.00000000
   -0.32441000    0.08992700    0.23329300    0.00000000
    0.29116200   -0.09008600   -0.31020700    0.00000000
    0.62893100   -0.21644400   -0.24508300    0.00000000
    0.27340600   -0.17925000   -1.17524800    0.00000000
    0.13535200   -0.12816000    1.03235900    0.00000000
    0.00804100    0.33793500    1.59903900    0.00000000
   -0.00261000    0.60918100   -0.62399000    0.00000000
    0.00059700    0.24418100   -0.84749800    1.00000000

   77.690832   39.751864   20.615633   11.537150    7.597186
    3.765117    2.051006    1.048648    0.550231    0.303840
    0.165809    0.060419    0.024751

    0.00008800    0.00001700   -0.00006300    0.00000000
   -0.00075400   -0.00002600    0.00054900    0.00000000
    0.00658400   -0.00086100   -0.00512000    0.00000000
   -0.00718900   -0.00048300    0.00701100    0.00000000
   -0.06890300    0.02136400    0.05366100    0.00000000
   -0.01384200   -0.00370600    0.00357400    0.00000000
    0.24870400   -0.05871800   -0.23586100    0.00000000
    0.43432800   -0.14336400   -0.49480100    0.00000000
    0.32690600   -0.07728000   -0.22957500    0.00000000
    0.10461700   -0.10776400    0.91797300    0.00000000
    0.01851200    0.32285900    0.62115500    0.00000000
    0.00139500    0.62172600   -0.82464800    0.00000000
    0.00009300    0.25378700   -0.15759200    1.00000000

   60.996829   22.097637   10.186744    4.633892    2.146927
    1.014536    0.487206    0.248191    0.131273    0.063714
    0.021542

    0.00005600   -0.00007200    0.00000000
    0.00505400   -0.00607900    0.00000000
    0.03222300   -0.03905400    0.00000000
    0.08247900   -0.10065200    0.00000000
    0.15936300   -0.19433000    0.00000000
    0.22860400   -0.25355600    0.00000000
    0.24369100   -0.21355600    0.00000000
    0.23165100    0.05418200    0.00000000
    0.19543100    0.26118800    0.00000000
    0.21458900    0.52021500    0.00000000
    0.07411300    0.16690700    1.00000000

    0.280673

    1.00000000

Sc:cc-pVQZ-ccECP
ccECP cc-pVQZ for Sc | source recipes/Sc/ccECP/Sc.cc-pVQZ.gamess | ccECP from A. Annaberdiyev et al. Journal of Chemical Physics 149, 134108 (2018) https://doi.org/10.1063/1.5040472

  6
    0    1    2    3    4    5
    6    6    5    3    2    1
   13   13   11    3    2    1

   66.882574   33.776681   18.185884   11.748619    6.895190
    3.222124    1.772120    0.841163    0.471976    0.313224
    0.101013    0.049071    0.022782

    0.00055300   -0.00013900   -0.00067900   -0.00145200    0.00043000
    0.00000000
   -0.00511500    0.00134500    0.00545600    0.01136200   -0.00113700
    0.00000000
    0.00416100   -0.00144500   -0.01668400   -0.03987600    0.02081200
    0.00000000
    0.12160300   -0.03208200   -0.03173900   -0.02581000   -0.18957800
    0.00000000
   -0.27013700    0.07550600    0.10956000    0.15794300    0.43867600
    0.00000000
   -0.32441000    0.08992700    0.23329300    0.45286800    0.26761800
    0.00000000
    0.29116200   -0.09008600   -0.31020700   -0.76658700   -0.73280800
    0.00000000
    0.62893100   -0.21644400   -0.24508300   -0.60780000   -3.04424000
    0.00000000
    0.27340600   -0.17925000   -1.17524800   -1.71600200    5.47606700
    0.00000000
    0.13535200   -0.12816000    1.03235900    3.61400300   -1.01760200
    0.00000000
    0.00804100    0.33793500    1.59903900   -0.56948000   -5.01443900
    0.00000000
   -0.00261000    0.60918100   -0.62399000   -2.25596700    6.15979200
    0.00000000
    0.00059700    0.24418100   -0.84749800    1.91016000   -2.69036800
    1.00000000

   77.690832   39.751864   20.615633   11.537150    7.597186
    3.765117    2.051006    1.048648    0.550231    0.303840
    0.165809    0.060419    0.024751

    0.00008800    0.00001700   -0.00006300   -0.00024300   -0.00025600
    0.00000000
   -0.00075400   -0.00002600    0.00054900    0.00156800    0.00108400
    0.00000000
    0.00658400   -0.00086100   -0.00512000   -0.00955400    0.00040000
    0.00000000
   -0.00718900   -0.00048300    0.00701100    0.01802000    0.02195600
    0.00000000
   -0.06890300    0.02136400    0.05366100    0.05100800   -0.16269400
    0.00000000
   -0.01384200   -0.00370600    0.00357400    0.04328000    0.00037100
    0.00000000
    0.24870400   -0.05871800   -0.23586100   -0.40417800    1.05365400
    0.00000000
    0.43432800   -0.14336400   -0.49480100   -0.82490400    0.65865100
    0.00000000
    0.32690600   -0.07728000   -0.22957500    0.71001400   -4.72226800
    0.00000000
    0.10461700   -0.10776400    0.91797300    2.22525500    5.40799300
    0.00000000
    0.01851200    0.32285900    0.62115500   -2.74290300   -2.00216600
    0.00000000
    0.00139500    0.62172600   -0.82464800    0.58142300   -0.71482200
    0.00000000
    0.00009300    0.25378700   -0.15759200    0.48091000    0.92680100
    1.00000000

   60.996829   22.097637   10.186744    4.633892    2.146927
    1.014536    0.487206    0.248191    0.131273    0.063714
    0.021542

    0.00005600   -0.00007200    0.00005400   -0.00013200    0.00000000
    0.00505400   -0.00607900    0.00819500   -0.01019500    0.00000000
    0.03222300   -0.03905400    0.05007300   -0.06681500    0.00000000
    0.08247900   -0.10065200    0.13617400   -0.17925500    0.00000000
    0.15936300   -0.19433000    0.24651600   -0.33873300    0.00000000
    0.22860400   -0.25355600    0.25815800   -0.14578400    0.00000000
    0.24369100   -0.21355600   -0.12479900    0.70044400    0.00000000
    0.23165100    0.05418200   -0.43908100    0.51197600    0.00000000
    0.19543100    0.26118800   -0.47534700   -1.01912300    0.00000000
    0.21458900    0.52021500    0.52718700   -0.09222100    0.00000000
    0.07411300    0.16690700    0.47337300    0.69667500    1.00000000

    1.475494    0.423707    0.121673

    0.00000000    0.00000000    1.00000000
    0.00000000    1.00000000    0.00000000
    1.00000000    0.00000000    0.00000000

    0.652356    0.318017

    0.00000000    1.00000000
    1.00000000    0.00000000

    3.057835

    1.00000000

Sc:cc-pVTZ-ccECP
ccECP cc-pVTZ for Sc | source recipes/Sc/ccECP/Sc.cc-pVTZ.gamess | ccECP from A. Annaberdiyev et al. Journal of Chemical Physics 149, 134108 (2018) https://doi.org/10.1063/1.5040472

  5
    0    1    2    3    4
    5    5    4    2    1
   13   13   11    2    1

   66.882574   33.776681   18.185884   11.748619    6.895190
    3.222124    1.772120    0.841163    0.471976    0.313224
    0.101013    0.049071    0.022782

    0.00055300   -0.00013900   -0.00067900   -0.00145200    0.00000000
   -0.00511500    0.00134500    0.00545600    0.01136200    0.00000000
    0.00416100   -0.00144500   -0.01668400   -0.03987600    0.00000000
    0.12160300   -0.03208200   -0.03173900   -0.02581000    0.00000000
   -0.27013700    0.07550600    0.10956000    0.15794300    0.00000000
   -0.32441000    0.08992700    0.23329300    0.45286800    0.00000000
    0.29116200   -0.09008600   -0.31020700   -0.76658700    0.00000000
    0.62893100   -0.21644400   -0.24508300   -0.60780000    0.00000000
    0.27340600   -0.17925000   -1.17524800   -1.71600200    0.00000000
    0.13535200   -0.12816000    1.03235900    3.61400300    0.00000000
    0.00804100    0.33793500    1.59903900   -0.56948000    0.00000000
   -0.00261000    0.60918100   -0.62399000   -2.25596700    0.00000000
    0.00059700    0.24418100   -0.84749800    1.91016000    1.00000000

   77.690832   39.751864   20.615633   11.537150    7.597186
    3.765117    2.051006    1.048648    0.550231    0.303840
    0.165809    0.060419    0.024751

    0.00008800    0.00001700   -0.00006300   -0.00024300    0.00000000
   -0.00075400   -0.00002600    0.00054900    0.00156800    0.00000000
    0.00658400   -0.00086100   -0.00512000   -0.00955400    0.00000000
   -0.00718900   -0.00048300    0.00701100    0.01802000    0.00000000
   -0.06890300    0.02136400    0.05366100    0.05100800    0.00000000
   -0.01384200   -0.00370600    0.00357400    0.04328000    0.00000000
    0.24870400   -0.05871800   -0.23586100   -0.40417800    0.00000000
    0.43432800   -0.14336400   -0.49480100   -0.82490400    0.00000000
    0.32690600   -0.07728000   -0.22957500    0.71001400    0.00000000
    0.10461700   -0.10776400    0.91797300    2.22525500    0.00000000
    0.01851200    0.32285900    0.62115500   -2.74290300    0.00000000
    0.00139500    0.62172600   -0.82464800    0.58142300    0.00000000
    0.00009300    0.25378700   -0.15759200    0.48091000    1.00000000

   60.996829   22.097637   10.186744    4.633892    2.146927
    1.014536    0.487206    0.248191    0.131273    0.063714
    0.021542

    0.00005600   -0.00007200    0.00005400    0.00000000
    0.00505400   -0.00607900    0.00819500    0.00000000
    0.03222300   -0.03905400    0.05007300    0.00000000
    0.08247900   -0.10065200    0.13617400    0.00000000
    0.15936300   -0.19433000    0.24651600    0.00000000
    0.22860400   -0.25355600    0.25815800    0.00000000
    0.24369100   -0.21355600   -0.12479900    0.00000000
    0.23165100    0.05418200   -0.43908100    0.00000000
    0.19543100    0.26118800   -0.47534700    0.00000000
    0.21458900    0.52021500    0.52718700    0.00000000
    0.07411300    0.16690700    0.47337300    1.00000000

    0.742579    0.173012

    0.00000000    1.00000000
    1.00000000    0.00000000

    0.413265

    1.00000000

