
S:aug-cc-pV5Z-ccECP
ccECP aug-cc-pV5Z for S | source recipes/S/ccECP/S.aug-cc-pV5Z.gamess | ccECP from Chandler Bennett et al. Journal of Chemical Physics 149, 104108 (2018) https://doi.org/10.1063/1.5038135

  6
    0    1    2    3    4    5
    6    6    5    4    3    2
   15   15    5    4    3    2

   14.052570    7.864913    4.401818    2.463600    1.378823
    1.063029    0.771696    0.493066    0.431901    0.241726
    0.228700    0.135289    0.106078    0.075718    0.052553

     0.002102   0.00000000   0.00000000   0.00000000   0.00000000   0.00000000
    -0.011042   0.00000000   0.00000000   0.00000000   0.00000000   0.00000000
     0.086618   0.00000000   0.00000000   0.00000000   0.00000000   0.00000000
    -0.271004   0.00000000   0.00000000   0.00000000   0.00000000   0.00000000
    -0.151274   0.00000000   0.00000000   0.00000000   0.00000000   0.00000000
   0.00000000     1.000000   0.00000000   0.00000000   0.00000000   0.00000000
     0.136044   0.00000000   0.00000000   0.00000000   0.00000000   0.00000000
   0.00000000   0.00000000     1.000000   0.00000000   0.00000000   0.00000000
     0.394360   0.00000000   0.00000000   0.00000000   0.00000000   0.00000000
     0.432098   0.00000000   0.00000000   0.00000000   0.00000000   0.00000000
   0.00000000   0.00000000   0.00000000     1.000000   0.00000000   0.00000000
     0.230974   0.00000000   0.00000000   0.00000000   0.00000000   0.00000000
   0.00000000   0.00000000   0.00000000   0.00000000     1.000000   0.00000000
     0.051205   0.00000000   0.00000000   0.00000000   0.00000000   0.00000000
   0.00000000   0.00000000   0.00000000   0.00000000   0.00000000     1.000000

    6.808844    3.941560    2.340619    2.281723    1.320863
    1.091901    0.764632    0.509373    0.442637    0.256237
    0.237623    0.148333    0.130591    0.085868    0.049708

    -0.003573   0.00000000   0.00000000   0.00000000   0.00000000   0.00000000
     0.001903   0.00000000   0.00000000   0.00000000   0.00000000   0.00000000
   0.00000000     1.000000   0.00000000   0.00000000   0.00000000   0.00000000
    -0.065016   0.00000000   0.00000000   0.00000000   0.00000000   0.00000000
     0.042305   0.00000000   0.00000000   0.00000000   0.00000000   0.00000000
   0.00000000   0.00000000     1.000000   0.00000000   0.00000000   0.00000000
     0.158772   0.00000000   0.00000000   0.00000000   0.00000000   0.00000000
   0.00000000   0.00000000   0.00000000     1.000000   0.00000000   0.00000000
     0.278172   0.00000000   0.00000000   0.00000000   0.00000000   0.00000000
     0.293821   0.00000000   0.00000000   0.00000000   0.00000000   0.00000000
   0.00000000   0.00000000   0.00000000   0.00000000     1.000000   0.00000000
     0.248015   0.00000000   0.00000000   0.00000000   0.00000000   0.00000000
   0.00000000   0.00000000   0.00000000   0.00000000   0.00000000     1.000000
     0.114905   0.00000000   0.00000000   0.00000000   0.00000000   0.00000000
     0.032934   0.00000000   0.00000000   0.00000000   0.00000000   0.00000000

    2.970037    1.199940    0.484794    0.195864    0.082302

     1.000000   0.00000000   0.00000000   0.00000000   0.00000000
   0.00000000     1.000000   0.00000000   0.00000000   0.00000000
   0.00000000   0.00000000     1.000000   0.00000000   0.00000000
   0.00000000   0.00000000   0.00000000     1.000000   0.00000000
   0.00000000   0.00000000   0.00000000   0.00000000     1.000000

    1.247601    0.566437    0.257174    0.114058

     1.000000   0.00000000   0.00000000   0.00000000
   0.00000000     1.000000   0.00000000   0.00000000
   0.00000000   0.00000000     1.000000   0.00000000
   0.00000000   0.00000000   0.00000000     1.000000

    1.084319    0.461540    0.216088

     1.000000   0.00000000   0.00000000
   0.00000000     1.000000   0.00000000
   0.00000000   0.00000000     1.000000

    0.868299    0.457479

     1.000000   0.00000000
   0.00000000     1.000000

S:aug-cc-pV6Z-ccECP
ccECP aug-cc-pV6Z for S | source recipes/S/ccECP/S.aug-cc-pV6Z.gamess | ccECP from Chandler Bennett et al. Journal of Chemical Physics 149, 104108 (2018) https://doi.org/10.1063/1.5038135

  7
    0    1    2    3    4    5    6
    7    7    6    5    4    3    2
   16   16    6    5    4    3    2

   14.052570    7.864913    4.401818    2.463600    1.378823
    1.049948    0.771696    0.577199    0.431901    0.317310
    0.241726    0.174438    0.135289    0.095896    0.075718
    0.052718

    0.00210200    0.00000000    0.00000000    0.00000000    0.00000000
    0.00000000    0.00000000
   -0.01104200    0.00000000    0.00000000    0.00000000    0.00000000
    0.00000000    0.00000000
    0.08661800    0.00000000    0.00000000    0.00000000    0.00000000
    0.00000000    0.00000000
   -0.27100400    0.00000000    0.00000000    0.00000000    0.00000000
    0.00000000    0.00000000
   -0.15127400    0.00000000    0.00000000    0.00000000    0.00000000
    0.00000000    0.00000000
    0.00000000    0.00000000    0.00000000    0.00000000    0.00000000
    0.00000000    1.00000000
    0.13604400    0.00000000    0.00000000    0.00000000    0.00000000
    0.00000000    0.00000000
    0.00000000    0.00000000    0.00000000    0.00000000    0.00000000
    1.00000000    0.00000000
    0.39436000    0.00000000    0.00000000    0.00000000    0.00000000
    0.00000000    0.00000000
    0.00000000    0.00000000    0.00000000    0.00000000    1.00000000
    0.00000000    0.00000000
    0.43209800    0.00000000    0.00000000    0.00000000    0.00000000
    0.00000000    0.00000000
    0.00000000    0.00000000    0.00000000    1.00000000    0.00000000
    0.00000000    0.00000000
    0.23097400    0.00000000    0.00000000    0.00000000    0.00000000
    0.00000000    0.00000000
    0.00000000    0.00000000    1.00000000    0.00000000    0.00000000
    0.00000000    0.00000000
    0.05120500    0.00000000    0.00000000    0.00000000    0.00000000
    0.00000000    0.00000000
    0.00000000    1.00000000    0.00000000    0.00000000    0.00000000
    0.00000000    0.00000000

    6.808844    3.941560    2.281723    1.430055    1.320863
    0.764632    0.669171    0.442637    0.313128    0.256237
    0.148333    0.146523    0.085868    0.068563    0.049708
    0.032083

   -0.00357300    0.00000000    0.00000000    0.00000000    0.00000000
    0.00000000    0.00000000
    0.00190300    0.00000000    0.00000000    0.00000000    0.00000000
    0.00000000    0.00000000
   -0.06501600    0.00000000    0.00000000    0.00000000    0.00000000
    0.00000000    0.00000000
    0.00000000    0.00000000    0.00000000    0.00000000    0.00000000
    0.00000000    1.00000000
    0.04230500    0.00000000    0.00000000    0.00000000    0.00000000
    0.00000000    0.00000000
    0.15877200    0.00000000    0.00000000    0.00000000    0.00000000
    0.00000000    0.00000000
    0.00000000    0.00000000    0.00000000    0.00000000    0.00000000
    1.00000000    0.00000000
    0.27817200    0.00000000    0.00000000    0.00000000    0.00000000
    0.00000000    0.00000000
    0.00000000    0.00000000    0.00000000    0.00000000    1.00000000
    0.00000000    0.00000000
    0.29382100    0.00000000    0.00000000    0.00000000    0.00000000
    0.00000000    0.00000000
    0.24801500    0.00000000    0.00000000    0.00000000    0.00000000
    0.00000000    0.00000000
    0.00000000    0.00000000    0.00000000    1.00000000    0.00000000
    0.00000000    0.00000000
    0.11490500    0.00000000    0.00000000    0.00000000    0.00000000
    0.00000000    0.00000000
    0.00000000    0.00000000    1.00000000    0.00000000    0.00000000
    0.00000000    0.00000000
    0.03293400    0.00000000    0.00000000    0.00000000    0.00000000
    0.00000000    0.00000000
    0.00000000    1.00000000    0.00000000    0.00000000    0.00000000
    0.00000000    0.00000000

    3.539453    1.628235    0.749027    0.344571    0.158511
    0.072919

    0.00000000    0.00000000    0.00000000    0.00000000    0.00000000
    1.00000000
    0.00000000    0.00000000    0.00000000    0.00000000    1.00000000
    0.00000000
    0.00000000    0.00000000    0.00000000    1.00000000    0.00000000
    0.00000000
    0.00000000    0.00000000    1.00000000    0.00000000    0.00000000
    0.00000000
    0.00000000    1.00000000    0.00000000    0.00000000    0.00000000
    0.00000000
    1.00000000    0.00000000    0.00000000    0.00000000    0.00000000
    0.00000000

    1.637255    0.833556    0.424379    0.216059    0.110000

    0.00000000    0.00000000    0.00000000    0.00000000    1.00000000
    0.00000000    0.00000000    0.00000000    1.00000000    0.00000000
    0.00000000    0.00000000    1.00000000    0.00000000    0.00000000
    0.00000000    1.00000000    0.00000000    0.00000000    0.00000000
    1.00000000    0.00000000    0.00000000    0.00000000    0.00000000

    1.496446    0.749815    0.375705    0.188252

    0.00000000    0.00000000    0.00000000    1.00000000
    0.00000000    0.00000000    1.00000000    0.00000000
    0.00000000    1.00000000    0.00000000    0.00000000
    1.00000000    0.00000000    0.00000000    0.00000000

    1.295335    0.619462    0.296242

    0.00000000    0.00000000    1.00000000
    0.00000000    1.00000000    0.00000000
    1.00000000    0.00000000    0.00000000

    1.037533    0.415013

    0.00000000    1.00000000
    1.00000000    0.00000000

S:aug-cc-pVDZ-ccECP
ccECP aug-cc-pVDZ for S | source recipes/S/ccECP/S.aug-cc-pVDZ.gamess | ccECP from Chandler Bennett et al. Journal of Chemical Physics 149, 104108 (2018) https://doi.org/10.1063/1.5038135

  3
    0    1    2
    4    2    2
   13   11    2

   14.052570    7.864913    4.401818    2.463600    1.378823
    0.771696    0.529726    0.431901    0.305874    0.241726
    0.135289    0.119300    0.075718

     0.002102   0.00000000   0.00000000   0.00000000
    -0.011042   0.00000000   0.00000000   0.00000000
     0.086618   0.00000000   0.00000000   0.00000000
    -0.271004   0.00000000   0.00000000   0.00000000
    -0.151274   0.00000000   0.00000000   0.00000000
     0.136044   0.00000000   0.00000000   0.00000000
   0.00000000     1.000000   0.00000000   0.00000000
     0.394360   0.00000000   0.00000000   0.00000000
   0.00000000   0.00000000   0.00000000     1.000000
     0.432098   0.00000000   0.00000000   0.00000000
     0.230974   0.00000000   0.00000000   0.00000000
   0.00000000   0.00000000     1.000000   0.00000000
     0.051205   0.00000000   0.00000000   0.00000000

    6.808844    3.941560    2.281723    1.320863    0.764632
    0.497174    0.442637    0.256237    0.148333    0.085868
    0.049708

    -0.003573   0.00000000
     0.001903   0.00000000
    -0.065016   0.00000000
     0.042305   0.00000000
     0.158772   0.00000000
   0.00000000     1.000000
     0.278172   0.00000000
     0.293821   0.00000000
     0.248015   0.00000000
     0.114905   0.00000000
     0.032934   0.00000000

    0.499639    0.165988

     1.000000   0.00000000
   0.00000000     1.000000

S:aug-cc-pVQZ-ccECP
ccECP aug-cc-pVQZ for S | source recipes/S/ccECP/S.aug-cc-pVQZ.gamess | ccECP from Chandler Bennett et al. Journal of Chemical Physics 149, 104108 (2018) https://doi.org/10.1063/1.5038135

  5
    0    1    2    3    4
    5    5    4    3    2
   14   14    4    3    2

   14.052570    7.864913    4.401818    2.463600    1.378823
    0.818729    0.771696    0.431901    0.332501    0.241726
    0.135289    0.135035    0.075718    0.064704

     0.002102   0.00000000   0.00000000   0.00000000   0.00000000
    -0.011042   0.00000000   0.00000000   0.00000000   0.00000000
     0.086618   0.00000000   0.00000000   0.00000000   0.00000000
    -0.271004   0.00000000   0.00000000   0.00000000   0.00000000
    -0.151274   0.00000000   0.00000000   0.00000000   0.00000000
   0.00000000     1.000000   0.00000000   0.00000000   0.00000000
     0.136044   0.00000000   0.00000000   0.00000000   0.00000000
     0.394360   0.00000000   0.00000000   0.00000000   0.00000000
   0.00000000   0.00000000     1.000000   0.00000000   0.00000000
     0.432098   0.00000000   0.00000000   0.00000000   0.00000000
     0.230974   0.00000000   0.00000000   0.00000000   0.00000000
   0.00000000   0.00000000   0.00000000     1.000000   0.00000000
     0.051205   0.00000000   0.00000000   0.00000000   0.00000000
   0.00000000   0.00000000   0.00000000   0.00000000     1.000000

    6.808844    3.941560    2.281723    2.088209    1.320863
    0.838124    0.764632    0.442637    0.336390    0.256237
    0.159376    0.148333    0.085868    0.049708

    -0.003573   0.00000000   0.00000000   0.00000000   0.00000000
     0.001903   0.00000000   0.00000000   0.00000000   0.00000000
    -0.065016   0.00000000   0.00000000   0.00000000   0.00000000
   0.00000000     1.000000   0.00000000   0.00000000   0.00000000
     0.042305   0.00000000   0.00000000   0.00000000   0.00000000
   0.00000000   0.00000000     1.000000   0.00000000   0.00000000
     0.158772   0.00000000   0.00000000   0.00000000   0.00000000
     0.278172   0.00000000   0.00000000   0.00000000   0.00000000
   0.00000000   0.00000000   0.00000000     1.000000   0.00000000
     0.293821   0.00000000   0.00000000   0.00000000   0.00000000
   0.00000000   0.00000000   0.00000000   0.00000000     1.000000
     0.248015   0.00000000   0.00000000   0.00000000   0.00000000
     0.114905   0.00000000   0.00000000   0.00000000   0.00000000
     0.032934   0.00000000   0.00000000   0.00000000   0.00000000

    1.681890    0.613672    0.223911    0.088063

     1.000000   0.00000000   0.00000000   0.00000000
   0.00000000     1.000000   0.00000000   0.00000000
   0.00000000   0.00000000     1.000000   0.00000000
   0.00000000   0.00000000   0.00000000     1.000000

    0.898397    0.339271    0.145572

     1.000000   0.00000000   0.00000000
   0.00000000     1.000000   0.00000000
   0.00000000   0.00000000     1.000000

    0.691446    0.300224

     1.000000   0.00000000
   0.00000000     1.000000

S:aug-cc-pVTZ-ccECP
ccECP aug-cc-pVTZ for S | source recipes/S/ccECP/S.aug-cc-pVTZ.gamess | ccECP from Chandler Bennett et al. Journal of Chemical Physics 149, 104108 (2018) https://doi.org/10.1063/1.5038135

  4
    0    1    2    3
    4    4    3    2
   13   13    3    2

   14.052570    7.864913    4.401818    2.463600    1.378823
    0.833303    0.771696    0.431901    0.241726    0.149345
    0.135289    0.096761    0.075718

     0.002102   0.00000000   0.00000000   0.00000000
    -0.011042   0.00000000   0.00000000   0.00000000
     0.086618   0.00000000   0.00000000   0.00000000
    -0.271004   0.00000000   0.00000000   0.00000000
    -0.151274   0.00000000   0.00000000   0.00000000
   0.00000000     1.000000   0.00000000   0.00000000
     0.136044   0.00000000   0.00000000   0.00000000
     0.394360   0.00000000   0.00000000   0.00000000
     0.432098   0.00000000   0.00000000   0.00000000
   0.00000000   0.00000000     1.000000   0.00000000
     0.230974   0.00000000   0.00000000   0.00000000
   0.00000000   0.00000000   0.00000000     1.000000
     0.051205   0.00000000   0.00000000   0.00000000

    6.808844    3.941560    2.281723    1.320863    0.764632
    0.708198    0.442637    0.256237    0.148333    0.114216
    0.085868    0.049708    0.039512

    -0.003573   0.00000000   0.00000000   0.00000000
     0.001903   0.00000000   0.00000000   0.00000000
    -0.065016   0.00000000   0.00000000   0.00000000
     0.042305   0.00000000   0.00000000   0.00000000
     0.158772   0.00000000   0.00000000   0.00000000
   0.00000000     1.000000   0.00000000   0.00000000
     0.278172   0.00000000   0.00000000   0.00000000
     0.293821   0.00000000   0.00000000   0.00000000
     0.248015   0.00000000   0.00000000   0.00000000
   0.00000000   0.00000000     1.000000   0.00000000
     0.114905   0.00000000   0.00000000   0.00000000
     0.032934   0.00000000   0.00000000   0.00000000
   0.00000000   0.00000000   0.00000000     1.000000

    0.921034    0.289603    0.105883

     1.000000   0.00000000   0.00000000
   0.00000000     1.000000   0.00000000
   0.00000000   0.00000000     1.000000

    0.565677    0.215158

     1.000000   0.00000000
   0.00000000     1.000000

S:cc-pV5Z-ccECP
ccECP cc-pV5Z for S | source recipes/S/ccECP/S.cc-pV5Z.gamess | ccECP from Chandler Bennett et al. Journal of Chemical Physics 149, 104108 (2018) https://doi.org/10.1063/1.5038135

  6
    0    1    2    3    4    5
    5    5    4    3    2    1
   14   14    4    3    2    1

   14.052570    7.864913    4.401818    2.463600    1.378823
    1.063029    0.771696    0.493066    0.431901    0.241726
    0.228700    0.135289    0.106078    0.075718

     0.002102   0.00000000   0.00000000   0.00000000   0.00000000
    -0.011042   0.00000000   0.00000000   0.00000000   0.00000000
     0.086618   0.00000000   0.00000000   0.00000000   0.00000000
    -0.271004   0.00000000   0.00000000   0.00000000   0.00000000
    -0.151274   0.00000000   0.00000000   0.00000000   0.00000000
   0.00000000     1.000000   0.00000000   0.00000000   0.00000000
     0.136044   0.00000000   0.00000000   0.00000000   0.00000000
   0.00000000   0.00000000     1.000000   0.00000000   0.00000000
     0.394360   0.00000000   0.00000000   0.00000000   0.00000000
     0.432098   0.00000000   0.00000000   0.00000000   0.00000000
   0.00000000   0.00000000   0.00000000     1.000000   0.00000000
     0.230974   0.00000000   0.00000000   0.00000000   0.00000000
   0.00000000   0.00000000   0.00000000   0.00000000     1.000000
     0.051205   0.00000000   0.00000000   0.00000000   0.00000000

    6.808844    3.941560    2.340619    2.281723    1.320863
    1.091901    0.764632    0.509373    0.442637    0.256237
    0.237623    0.148333    0.085868    0.049708

    -0.003573   0.00000000   0.00000000   0.00000000   0.00000000
     0.001903   0.00000000   0.00000000   0.00000000   0.00000000
   0.00000000     1.000000   0.00000000   0.00000000   0.00000000
    -0.065016   0.00000000   0.00000000   0.00000000   0.00000000
     0.042305   0.00000000   0.00000000   0.00000000   0.00000000
   0.00000000   0.00000000     1.000000   0.00000000   0.00000000
     0.158772   0.00000000   0.00000000   0.00000000   0.00000000
   0.00000000   0.00000000   0.00000000     1.000000   0.00000000
     0.278172   0.00000000   0.00000000   0.00000000   0.00000000
     0.293821   0.00000000   0.00000000   0.00000000   0.00000000
   0.00000000   0.00000000   0.00000000   0.00000000     1.000000
     0.248015   0.00000000   0.00000000   0.00000000   0.00000000
     0.114905   0.00000000   0.00000000   0.00000000   0.00000000
     0.032934   0.00000000   0.00000000   0.00000000   0.00000000

    2.970037    1.199940    0.484794    0.195864

     1.000000   0.00000000   0.00000000   0.00000000
   0.00000000     1.000000   0.00000000   0.00000000
   0.00000000   0.00000000     1.000000   0.00000000
   0.00000000   0.00000000   0.00000000     1.000000

    1.247601    0.566437    0.257174

     1.000000   0.00000000   0.00000000
   0.00000000     1.000000   0.00000000
   0.00000000   0.00000000     1.000000

    1.084319    0.461540

     1.000000   0.00000000
   0.00000000     1.000000

    0.868299

     1.000000

S:cc-pV6Z-ccECP
ccECP cc-pV6Z for S | source recipes/S/ccECP/S.cc-pV6Z.gamess | ccECP from Chandler Bennett et al. Journal of Chemical Physics 149, 104108 (2018) https://doi.org/10.1063/1.5038135

  7
    0    1    2    3    4    5    6
    6    6    5    4    3    2    1
   15   15    5    4    3    2    1

   14.052570    7.864913    4.401818    2.463600    1.378823
    1.049948    0.771696    0.577199    0.431901    0.317310
    0.241726    0.174438    0.135289    0.095896    0.075718

    0.00210200    0.00000000    0.00000000    0.00000000    0.00000000
    0.00000000
   -0.01104200    0.00000000    0.00000000    0.00000000    0.00000000
    0.00000000
    0.08661800    0.00000000    0.00000000    0.00000000    0.00000000
    0.00000000
   -0.27100400    0.00000000    0.00000000    0.00000000    0.00000000
    0.00000000
   -0.15127400    0.00000000    0.00000000    0.00000000    0.00000000
    0.00000000
    0.00000000    0.00000000    0.00000000    0.00000000    0.00000000
    1.00000000
    0.13604400    0.00000000    0.00000000    0.00000000    0.00000000
    0.00000000
    0.00000000    0.00000000    0.00000000    0.00000000    1.00000000
    0.00000000
    0.39436000    0.00000000    0.00000000    0.00000000    0.00000000
    0.00000000
    0.00000000    0.00000000    0.00000000    1.00000000    0.00000000
    0.00000000
    0.43209800    0.00000000    0.00000000    0.00000000    0.00000000
    0.00000000
    0.00000000    0.00000000    1.00000000    0.00000000    0.00000000
    0.00000000
    0.23097400    0.00000000    0.00000000    0.00000000    0.00000000
    0.00000000
    0.00000000    1.00000000    0.00000000    0.00000000    0.00000000
    0.00000000
    0.05120500    0.00000000    0.00000000    0.00000000    0.00000000
    0.00000000

    6.808844    3.941560    2.281723    1.430055    1.320863
    0.764632    0.669171    0.442637    0.313128    0.256237
    0.148333    0.146523    0.085868    0.068563    0.049708

   -0.00357300    0.00000000    0.00000000    0.00000000    0.00000000
    0.00000000
    0.00190300    0.00000000    0.00000000    0.00000000    0.00000000
    0.00000000
   -0.06501600    0.00000000    0.00000000    0.00000000    0.00000000
    0.00000000
    0.00000000    0.00000000    0.00000000    0.00000000    0.00000000
    1.00000000
    0.04230500    0.00000000    0.00000000    0.00000000    0.00000000
    0.00000000
    0.15877200    0.00000000    0.00000000    0.00000000    0.00000000
    0.00000000
    0.00000000    0.00000000    0.00000000    0.00000000    1.00000000
    0.00000000
    0.27817200    0.00000000    0.00000000    0.00000000    0.00000000
    0.00000000
    0.00000000    0.00000000    0.00000000    1.00000000    0.00000000
    0.00000000
    0.29382100    0.00000000    0.00000000    0.00000000    0.00000000
    0.00000000
    0.24801500    0.00000000    0.00000000    0.00000000    0.00000000
    0.00000000
    0.00000000    0.00000000    1.00000000    0.00000000    0.00000000
    0.00000000
    0.11490500    0.00000000    0.00000000    0.00000000    0.00000000
    0.00000000
    0.00000000    1.00000000    0.00000000    0.00000000    0.00000000
    0.00000000
    0.03293400    0.00000000    0.00000000    0.00000000    0.00000000
    0.00000000

    3.539453    1.628235    0.749027    0.344571    0.158511

    0.00000000    0.00000000    0.00000000    0.00000000    1.00000000
    0.00000000    0.00000000    0.00000000    1.00000000    0.00000000
    0.00000000    0.00000000    1.00000000    0.00000000    0.00000000
    0.00000000    1.00000000    0.00000000    0.00000000    0.00000000
    1.00000000    0.00000000    0.00000000    0.00000000    0.00000000

    1.637255    0.833556    0.424379    0.216059

    0.00000000    0.00000000    0.00000000    1.00000000
    0.00000000    0.00000000    1.00000000    0.00000000
    0.00000000    1.00000000    0.00000000    0.00000000
    1.00000000    0.00000000    0.00000000    0.00000000

    1.496446    0.749815    0.375705

    0.00000000    0.00000000    1.00000000
    0.00000000    1.00000000    0.00000000
    1.00000000    0.00000000    0.00000000

    1.295335    0.619462

    0.00000000    1.00000000
    1.00000000    0.00000000

    1.037533

    1.00000000

S:cc-pVDZ-ccECP
ccECP cc-pVDZ for S | source recipes/S/ccECP/S.cc-pVDZ.gamess | ccECP from Chandler Bennett et al. Journal of Chemical Physics 149, 104108 (2018) https://doi.org/10.1063/1.5038135

  3
    0    1    2
    2    2    1
   11   11    1

   14.052570    7.864913    4.401818    2.463600    1.378823
    0.771696    0.529726    0.431901    0.241726    0.135289
    0.075718

     0.002102   0.00000000
    -0.011042   0.00000000
     0.086618   0.00000000
    -0.271004   0.00000000
    -0.151274   0.00000000
     0.136044   0.00000000
   0.00000000     1.000000
     0.394360   0.00000000
     0.432098   0.00000000
     0.230974   0.00000000
     0.051205   0.00000000

    6.808844    3.941560    2.281723    1.320863    0.764632
    0.497174    0.442637    0.256237    0.148333    0.085868
    0.049708

    -0.003573   0.00000000
     0.001903   0.00000000
    -0.065016   0.00000000
     0.042305   0.00000000
     0.158772   0.00000000
   0.00000000     1.000000
     0.278172   0.00000000
     0.293821   0.00000000
     0.248015   0.00000000
     0.114905   0.00000000
     0.032934   0.00000000

    0.499639

     1.000000

S:cc-pVQZ-ccECP
ccECP cc-pVQZ for S | source recipes/S/ccECP/S.cc-pVQZ.gamess | ccECP from Chandler Bennett et al. Journal of Chemical Physics 149, 104108 (2018) https://doi.org/10.1063/1.5038135

  5
    0    1    2    3    4
    4    4    3    2    1
   13   13    3    2    1

   14.052570    7.864913    4.401818    2.463600    1.378823
    0.818729    0.771696    0.431901    0.332501    0.241726
    0.135289    0.135035    0.075718

     0.002102   0.00000000   0.00000000   0.00000000
    -0.011042   0.00000000   0.00000000   0.00000000
     0.086618   0.00000000   0.00000000   0.00000000
    -0.271004   0.00000000   0.00000000   0.00000000
    -0.151274   0.00000000   0.00000000   0.00000000
   0.00000000     1.000000   0.00000000   0.00000000
     0.136044   0.00000000   0.00000000   0.00000000
     0.394360   0.00000000   0.00000000   0.00000000
   0.00000000   0.00000000     1.000000   0.00000000
     0.432098   0.00000000   0.00000000   0.00000000
     0.230974   0.00000000   0.00000000   0.00000000
   0.00000000   0.00000000   0.00000000     1.000000
     0.051205   0.00000000   0.00000000   0.00000000

    6.808844    3.941560    2.281723    2.088209    1.320863
    0.838124    0.764632    0.442637    0.336390    0.256237
    0.148333    0.085868    0.049708

    -0.003573   0.00000000   0.00000000   0.00000000
     0.001903   0.00000000   0.00000000   0.00000000
    -0.065016   0.00000000   0.00000000   0.00000000
   0.00000000     1.000000   0.00000000   0.00000000
     0.042305   0.00000000   0.00000000   0.00000000
   0.00000000   0.00000000     1.000000   0.00000000
     0.158772   0.00000000   0.00000000   0.00000000
     0.278172   0.00000000   0.00000000   0.00000000
   0.00000000   0.00000000   0.00000000     1.000000
     0.293821   0.00000000   0.00000000   0.00000000
     0.248015   0.00000000   0.00000000   0.00000000
     0.114905   0.00000000   0.00000000   0.00000000
     0.032934   0.00000000   0.00000000   0.00000000

    1.681890    0.613672    0.223911

     1.000000   0.00000000   0.00000000
   0.00000000     1.000000   0.00000000
   0.00000000   0.00000000     1.000000

    0.898397    0.339271

     1.000000   0.00000000
   0.00000000     1.000000

    0.691446

     1.000000

S:cc-pVTZ-ccECP
ccECP cc-pVTZ for S | source recipes/S/ccECP/S.cc-pVTZ.gamess | ccECP from Chandler Bennett et al. Journal of Chemical Physics 149, 104108 (2018) https://doi.org/10.1063/1.5038135

  4
    0    1    2    3
    3    3    2    1
   12   12    2    1

   14.052570    7.864913    4.401818    2.463600    1.378823
    0.833303    0.771696    0.431901    0.241726    0.149345
    0.135289    0.075718

     0.002102   0.00000000   0.00000000
    -0.011042   0.00000000   0.00000000
     0.086618   0.00000000   0.00000000
    -0.271004   0.00000000   0.00000000
    -0.151274   0.00000000   0.00000000
   0.00000000     1.000000   0.00000000
     0.136044   0.00000000   0.00000000
     0.394360   0.00000000   0.00000000
     0.432098   0.00000000   0.00000000
   0.00000000   0.00000000     1.000000
     0.230974   0.00000000   0.00000000
     0.051205   0.00000000   0.00000000

    6.808844    3.941560    2.281723    1.320863    0.764632
    0.708198    0.442637    0.256237    0.148333    0.114216
    0.085868    0.049708

    -0.003573   0.00000000   0.00000000
     0.001903   0.00000000   0.00000000
    -0.065016   0.00000000   0.00000000
     0.042305   0.00000000   0.00000000
     0.158772   0.00000000   0.00000000
   0.00000000     1.000000   0.00000000
     0.278172   0.00000000   0.00000000
     0.293821   0.00000000   0.00000000
     0.248015   0.00000000   0.00000000
   0.00000000   0.00000000     1.000000
     0.114905   0.00000000   0.00000000
     0.032934   0.00000000   0.00000000

    0.921034    0.289603

     1.000000   0.00000000
   0.00000000     1.000000

    0.565677

     1.000000

