
I:aug-cc-pV5Z-ccECP
ccECP aug-cc-pV5Z for I | source recipes/I/ccECP/I.aug-cc-pV5Z.gamess | ccECP from Guangming Wang et al. Journal of Chemical Physics (2022) https://doi.org/10.1063/5.0087300

  6
    0    1    2    3    4    5
    6    6    5    4    3    2
   15   15    5    4    3    2

   61.701593   29.837151   14.428405    6.977170    3.373963
    1.631553    1.262805    0.788973    0.575758    0.381525
    0.262509    0.184495    0.119687    0.089216    0.047875

     0.000480   0.00000000   0.00000000   0.00000000   0.00000000   0.00000000
    -0.002928   0.00000000   0.00000000   0.00000000   0.00000000   0.00000000
     0.013931   0.00000000   0.00000000   0.00000000   0.00000000   0.00000000
    -0.077260   0.00000000   0.00000000   0.00000000   0.00000000   0.00000000
     0.362021   0.00000000   0.00000000   0.00000000   0.00000000   0.00000000
    -0.697646   0.00000000   0.00000000   0.00000000   0.00000000   0.00000000
   0.00000000     1.000000   0.00000000   0.00000000   0.00000000   0.00000000
    -0.135463   0.00000000   0.00000000   0.00000000   0.00000000   0.00000000
   0.00000000   0.00000000     1.000000   0.00000000   0.00000000   0.00000000
     0.575037   0.00000000   0.00000000   0.00000000   0.00000000   0.00000000
   0.00000000   0.00000000   0.00000000     1.000000   0.00000000   0.00000000
     0.592546   0.00000000   0.00000000   0.00000000   0.00000000   0.00000000
   0.00000000   0.00000000   0.00000000   0.00000000     1.000000   0.00000000
     0.182295   0.00000000   0.00000000   0.00000000   0.00000000   0.00000000
   0.00000000   0.00000000   0.00000000   0.00000000   0.00000000     1.000000

   33.795456   16.225632    7.790134    3.740143    1.795691
    1.459730    0.862134    0.576726    0.413922    0.227859
    0.198729    0.095412    0.090025    0.045809    0.036010

    -0.000318   0.00000000   0.00000000   0.00000000   0.00000000   0.00000000
     0.002086   0.00000000   0.00000000   0.00000000   0.00000000   0.00000000
    -0.012949   0.00000000   0.00000000   0.00000000   0.00000000   0.00000000
     0.080672   0.00000000   0.00000000   0.00000000   0.00000000   0.00000000
    -0.242571   0.00000000   0.00000000   0.00000000   0.00000000   0.00000000
   0.00000000     1.000000   0.00000000   0.00000000   0.00000000   0.00000000
     0.014118   0.00000000   0.00000000   0.00000000   0.00000000   0.00000000
   0.00000000   0.00000000     1.000000   0.00000000   0.00000000   0.00000000
     0.351558   0.00000000   0.00000000   0.00000000   0.00000000   0.00000000
   0.00000000   0.00000000   0.00000000     1.000000   0.00000000   0.00000000
     0.473120   0.00000000   0.00000000   0.00000000   0.00000000   0.00000000
     0.278425   0.00000000   0.00000000   0.00000000   0.00000000   0.00000000
   0.00000000   0.00000000   0.00000000   0.00000000     1.000000   0.00000000
     0.052566   0.00000000   0.00000000   0.00000000   0.00000000   0.00000000
   0.00000000   0.00000000   0.00000000   0.00000000   0.00000000     1.000000

    1.259407    0.613337    0.298698    0.145467    0.058187

     1.000000   0.00000000   0.00000000   0.00000000   0.00000000
   0.00000000     1.000000   0.00000000   0.00000000   0.00000000
   0.00000000   0.00000000     1.000000   0.00000000   0.00000000
   0.00000000   0.00000000   0.00000000     1.000000   0.00000000
   0.00000000   0.00000000   0.00000000   0.00000000     1.000000

    0.803709    0.395153    0.194282    0.077713

     1.000000   0.00000000   0.00000000   0.00000000
   0.00000000     1.000000   0.00000000   0.00000000
   0.00000000   0.00000000     1.000000   0.00000000
   0.00000000   0.00000000   0.00000000     1.000000

    0.726611    0.329675    0.131870

     1.000000   0.00000000   0.00000000
   0.00000000     1.000000   0.00000000
   0.00000000   0.00000000     1.000000

    0.605896    0.242358

     1.000000   0.00000000
   0.00000000     1.000000

I:aug-cc-pV6Z-ccECP
ccECP aug-cc-pV6Z for I | source recipes/I/ccECP/I.aug-cc-pV6Z.gamess | ccECP from Guangming Wang et al. Journal of Chemical Physics (2022) https://doi.org/10.1063/5.0087300

  7
    0    1    2    3    4    5    6
    7    7    6    5    4    3    2
   16   16    6    5    4    3    2

   61.701593   29.837151   14.428405    6.977170    3.446673
    3.373963    1.631553    1.490463    0.788973    0.644529
    0.381525    0.278717    0.184495    0.120527    0.089216
    0.048211

     0.000480   0.00000000   0.00000000   0.00000000   0.00000000   0.00000000
   0.00000000
    -0.002928   0.00000000   0.00000000   0.00000000   0.00000000   0.00000000
   0.00000000
     0.013931   0.00000000   0.00000000   0.00000000   0.00000000   0.00000000
   0.00000000
    -0.077260   0.00000000   0.00000000   0.00000000   0.00000000   0.00000000
   0.00000000
   0.00000000     1.000000   0.00000000   0.00000000   0.00000000   0.00000000
   0.00000000
     0.362021   0.00000000   0.00000000   0.00000000   0.00000000   0.00000000
   0.00000000
    -0.697646   0.00000000   0.00000000   0.00000000   0.00000000   0.00000000
   0.00000000
   0.00000000   0.00000000     1.000000   0.00000000   0.00000000   0.00000000
   0.00000000
    -0.135463   0.00000000   0.00000000   0.00000000   0.00000000   0.00000000
   0.00000000
   0.00000000   0.00000000   0.00000000     1.000000   0.00000000   0.00000000
   0.00000000
     0.575037   0.00000000   0.00000000   0.00000000   0.00000000   0.00000000
   0.00000000
   0.00000000   0.00000000   0.00000000   0.00000000     1.000000   0.00000000
   0.00000000
     0.592546   0.00000000   0.00000000   0.00000000   0.00000000   0.00000000
   0.00000000
   0.00000000   0.00000000   0.00000000   0.00000000   0.00000000     1.000000
   0.00000000
     0.182295   0.00000000   0.00000000   0.00000000   0.00000000   0.00000000
   0.00000000
   0.00000000   0.00000000   0.00000000   0.00000000   0.00000000   0.00000000
     1.000000

   33.795456   16.225632    7.790134    3.740143    1.795691
    1.767751    0.862134    0.789764    0.413922    0.352837
    0.198729    0.157634    0.095412    0.070425    0.045809
    0.028170

    -0.000318   0.00000000   0.00000000   0.00000000   0.00000000   0.00000000
   0.00000000
     0.002086   0.00000000   0.00000000   0.00000000   0.00000000   0.00000000
   0.00000000
    -0.012949   0.00000000   0.00000000   0.00000000   0.00000000   0.00000000
   0.00000000
     0.080672   0.00000000   0.00000000   0.00000000   0.00000000   0.00000000
   0.00000000
    -0.242571   0.00000000   0.00000000   0.00000000   0.00000000   0.00000000
   0.00000000
   0.00000000     1.000000   0.00000000   0.00000000   0.00000000   0.00000000
   0.00000000
     0.014118   0.00000000   0.00000000   0.00000000   0.00000000   0.00000000
   0.00000000
   0.00000000   0.00000000     1.000000   0.00000000   0.00000000   0.00000000
   0.00000000
     0.351558   0.00000000   0.00000000   0.00000000   0.00000000   0.00000000
   0.00000000
   0.00000000   0.00000000   0.00000000     1.000000   0.00000000   0.00000000
   0.00000000
     0.473120   0.00000000   0.00000000   0.00000000   0.00000000   0.00000000
   0.00000000
   0.00000000   0.00000000   0.00000000   0.00000000     1.000000   0.00000000
   0.00000000
     0.278425   0.00000000   0.00000000   0.00000000   0.00000000   0.00000000
   0.00000000
   0.00000000   0.00000000   0.00000000   0.00000000   0.00000000     1.000000
   0.00000000
     0.052566   0.00000000   0.00000000   0.00000000   0.00000000   0.00000000
   0.00000000
   0.00000000   0.00000000   0.00000000   0.00000000   0.00000000   0.00000000
     1.000000

    1.301119    0.721787    0.400406    0.222123    0.123221
    0.049288

     1.000000   0.00000000   0.00000000   0.00000000   0.00000000   0.00000000
   0.00000000     1.000000   0.00000000   0.00000000   0.00000000   0.00000000
   0.00000000   0.00000000     1.000000   0.00000000   0.00000000   0.00000000
   0.00000000   0.00000000   0.00000000     1.000000   0.00000000   0.00000000
   0.00000000   0.00000000   0.00000000   0.00000000     1.000000   0.00000000
   0.00000000   0.00000000   0.00000000   0.00000000   0.00000000     1.000000

    1.567984    0.778746    0.386768    0.192090    0.076836

     1.000000   0.00000000   0.00000000   0.00000000   0.00000000
   0.00000000     1.000000   0.00000000   0.00000000   0.00000000
   0.00000000   0.00000000     1.000000   0.00000000   0.00000000
   0.00000000   0.00000000   0.00000000     1.000000   0.00000000
   0.00000000   0.00000000   0.00000000   0.00000000     1.000000

    0.845075    0.474803    0.266767    0.106707

     1.000000   0.00000000   0.00000000   0.00000000
   0.00000000     1.000000   0.00000000   0.00000000
   0.00000000   0.00000000     1.000000   0.00000000
   0.00000000   0.00000000   0.00000000     1.000000

    0.853572    0.437555    0.175022

     1.000000   0.00000000   0.00000000
   0.00000000     1.000000   0.00000000
   0.00000000   0.00000000     1.000000

    0.721144    0.288458

     1.000000   0.00000000
   0.00000000     1.000000

I:aug-cc-pVDZ-ccECP
ccECP aug-cc-pVDZ for I | source recipes/I/ccECP/I.aug-cc-pVDZ.gamess | ccECP from Guangming Wang et al. Journal of Chemical Physics (2022) https://doi.org/10.1063/5.0087300

  3
    0    1    2
    3    3    2
   12   12    2

   61.701593   29.837151   14.428405    6.977170    3.373963
    1.631553    0.788973    0.381525    0.184495    0.089216
    0.045875    0.018350

     0.000480   0.00000000   0.00000000
    -0.002928   0.00000000   0.00000000
     0.013931   0.00000000   0.00000000
    -0.077260   0.00000000   0.00000000
     0.362021   0.00000000   0.00000000
    -0.697646   0.00000000   0.00000000
    -0.135463   0.00000000   0.00000000
     0.575037   0.00000000   0.00000000
     0.592546   0.00000000   0.00000000
     0.182295   0.00000000   0.00000000
   0.00000000     1.000000   0.00000000
   0.00000000   0.00000000     1.000000

   33.795456   16.225632    7.790134    3.740143    1.795691
    0.862134    0.413922    0.198729    0.095412    0.087854
    0.045809    0.035142

    -0.000318   0.00000000   0.00000000
     0.002086   0.00000000   0.00000000
    -0.012949   0.00000000   0.00000000
     0.080672   0.00000000   0.00000000
    -0.242571   0.00000000   0.00000000
     0.014118   0.00000000   0.00000000
     0.351558   0.00000000   0.00000000
     0.473120   0.00000000   0.00000000
     0.278425   0.00000000   0.00000000
   0.00000000     1.000000   0.00000000
     0.052566   0.00000000   0.00000000
   0.00000000   0.00000000     1.000000

    0.273105    0.109242

     1.000000   0.00000000
   0.00000000     1.000000

I:aug-cc-pVQZ-ccECP
ccECP aug-cc-pVQZ for I | source recipes/I/ccECP/I.aug-cc-pVQZ.gamess | ccECP from Guangming Wang et al. Journal of Chemical Physics (2022) https://doi.org/10.1063/5.0087300

  5
    0    1    2    3    4
    5    5    4    3    2
   14   14    4    3    2

   61.701593   29.837151   14.428405    6.977170    3.373963
    1.631553    0.788973    0.417192    0.381525    0.220853
    0.184495    0.116915    0.089216    0.046766

     0.000480   0.00000000   0.00000000   0.00000000   0.00000000
    -0.002928   0.00000000   0.00000000   0.00000000   0.00000000
     0.013931   0.00000000   0.00000000   0.00000000   0.00000000
    -0.077260   0.00000000   0.00000000   0.00000000   0.00000000
     0.362021   0.00000000   0.00000000   0.00000000   0.00000000
    -0.697646   0.00000000   0.00000000   0.00000000   0.00000000
    -0.135463   0.00000000   0.00000000   0.00000000   0.00000000
   0.00000000     1.000000   0.00000000   0.00000000   0.00000000
     0.575037   0.00000000   0.00000000   0.00000000   0.00000000
   0.00000000   0.00000000     1.000000   0.00000000   0.00000000
     0.592546   0.00000000   0.00000000   0.00000000   0.00000000
   0.00000000   0.00000000   0.00000000     1.000000   0.00000000
     0.182295   0.00000000   0.00000000   0.00000000   0.00000000
   0.00000000   0.00000000   0.00000000   0.00000000     1.000000

   33.795456   16.225632    7.790134    3.740143    1.795691
    0.862134    0.531766    0.413922    0.216097    0.198729
    0.095412    0.087817    0.045809    0.035127

    -0.000318   0.00000000   0.00000000   0.00000000   0.00000000
     0.002086   0.00000000   0.00000000   0.00000000   0.00000000
    -0.012949   0.00000000   0.00000000   0.00000000   0.00000000
     0.080672   0.00000000   0.00000000   0.00000000   0.00000000
    -0.242571   0.00000000   0.00000000   0.00000000   0.00000000
     0.014118   0.00000000   0.00000000   0.00000000   0.00000000
   0.00000000     1.000000   0.00000000   0.00000000   0.00000000
     0.351558   0.00000000   0.00000000   0.00000000   0.00000000
   0.00000000   0.00000000     1.000000   0.00000000   0.00000000
     0.473120   0.00000000   0.00000000   0.00000000   0.00000000
     0.278425   0.00000000   0.00000000   0.00000000   0.00000000
   0.00000000   0.00000000   0.00000000     1.000000   0.00000000
     0.052566   0.00000000   0.00000000   0.00000000   0.00000000
   0.00000000   0.00000000   0.00000000   0.00000000     1.000000

    1.187512    0.476890    0.191513    0.076605

     1.000000   0.00000000   0.00000000   0.00000000
   0.00000000     1.000000   0.00000000   0.00000000
   0.00000000   0.00000000     1.000000   0.00000000
   0.00000000   0.00000000   0.00000000     1.000000

    0.643823    0.255896    0.102358

     1.000000   0.00000000   0.00000000
   0.00000000     1.000000   0.00000000
   0.00000000   0.00000000     1.000000

    0.494142    0.197657

     1.000000   0.00000000
   0.00000000     1.000000

I:aug-cc-pVTZ-ccECP
ccECP aug-cc-pVTZ for I | source recipes/I/ccECP/I.aug-cc-pVTZ.gamess | ccECP from Guangming Wang et al. Journal of Chemical Physics (2022) https://doi.org/10.1063/5.0087300

  4
    0    1    2    3
    4    4    3    2
   13   13    3    2

   61.701593   29.837151   14.428405    6.977170    3.373963
    1.631553    0.788973    0.405621    0.381525    0.184495
    0.125695    0.089216    0.050278

     0.000480   0.00000000   0.00000000   0.00000000
    -0.002928   0.00000000   0.00000000   0.00000000
     0.013931   0.00000000   0.00000000   0.00000000
    -0.077260   0.00000000   0.00000000   0.00000000
     0.362021   0.00000000   0.00000000   0.00000000
    -0.697646   0.00000000   0.00000000   0.00000000
    -0.135463   0.00000000   0.00000000   0.00000000
   0.00000000     1.000000   0.00000000   0.00000000
     0.575037   0.00000000   0.00000000   0.00000000
     0.592546   0.00000000   0.00000000   0.00000000
   0.00000000   0.00000000     1.000000   0.00000000
     0.182295   0.00000000   0.00000000   0.00000000
   0.00000000   0.00000000   0.00000000     1.000000

   33.795456   16.225632    7.790134    3.740143    1.795691
    0.862134    0.561658    0.413922    0.198729    0.105092
    0.095412    0.045809    0.042037

    -0.000318   0.00000000   0.00000000   0.00000000
     0.002086   0.00000000   0.00000000   0.00000000
    -0.012949   0.00000000   0.00000000   0.00000000
     0.080672   0.00000000   0.00000000   0.00000000
    -0.242571   0.00000000   0.00000000   0.00000000
     0.014118   0.00000000   0.00000000   0.00000000
   0.00000000     1.000000   0.00000000   0.00000000
     0.351558   0.00000000   0.00000000   0.00000000
     0.473120   0.00000000   0.00000000   0.00000000
   0.00000000   0.00000000     1.000000   0.00000000
     0.278425   0.00000000   0.00000000   0.00000000
     0.052566   0.00000000   0.00000000   0.00000000
   0.00000000   0.00000000   0.00000000     1.000000

    0.350351    0.188141    0.075256

     1.000000   0.00000000   0.00000000
   0.00000000     1.000000   0.00000000
   0.00000000   0.00000000     1.000000

    0.316090    0.126436

     1.000000   0.00000000
   0.00000000     1.000000

I:cc-pV5Z-ccECP
ccECP cc-pV5Z for I | source recipes/I/ccECP/I.cc-pV5Z.gamess | ccECP from Guangming Wang et al. Journal of Chemical Physics (2022) https://doi.org/10.1063/5.0087300

  6
    0    1    2    3    4    5
    5    5    4    3    2    1
   14   14    4    3    2    1

   61.701593   29.837151   14.428405    6.977170    3.373963
    1.631553    1.262805    0.788973    0.575758    0.381525
    0.262509    0.184495    0.119687    0.089216

     0.000480   0.00000000   0.00000000   0.00000000   0.00000000
    -0.002928   0.00000000   0.00000000   0.00000000   0.00000000
     0.013931   0.00000000   0.00000000   0.00000000   0.00000000
    -0.077260   0.00000000   0.00000000   0.00000000   0.00000000
     0.362021   0.00000000   0.00000000   0.00000000   0.00000000
    -0.697646   0.00000000   0.00000000   0.00000000   0.00000000
   0.00000000     1.000000   0.00000000   0.00000000   0.00000000
    -0.135463   0.00000000   0.00000000   0.00000000   0.00000000
   0.00000000   0.00000000     1.000000   0.00000000   0.00000000
     0.575037   0.00000000   0.00000000   0.00000000   0.00000000
   0.00000000   0.00000000   0.00000000     1.000000   0.00000000
     0.592546   0.00000000   0.00000000   0.00000000   0.00000000
   0.00000000   0.00000000   0.00000000   0.00000000     1.000000
     0.182295   0.00000000   0.00000000   0.00000000   0.00000000

   33.795456   16.225632    7.790134    3.740143    1.795691
    1.459730    0.862134    0.576726    0.413922    0.227859
    0.198729    0.095412    0.090025    0.045809

    -0.000318   0.00000000   0.00000000   0.00000000   0.00000000
     0.002086   0.00000000   0.00000000   0.00000000   0.00000000
    -0.012949   0.00000000   0.00000000   0.00000000   0.00000000
     0.080672   0.00000000   0.00000000   0.00000000   0.00000000
    -0.242571   0.00000000   0.00000000   0.00000000   0.00000000
   0.00000000     1.000000   0.00000000   0.00000000   0.00000000
     0.014118   0.00000000   0.00000000   0.00000000   0.00000000
   0.00000000   0.00000000     1.000000   0.00000000   0.00000000
     0.351558   0.00000000   0.00000000   0.00000000   0.00000000
   0.00000000   0.00000000   0.00000000     1.000000   0.00000000
     0.473120   0.00000000   0.00000000   0.00000000   0.00000000
     0.278425   0.00000000   0.00000000   0.00000000   0.00000000
   0.00000000   0.00000000   0.00000000   0.00000000     1.000000
     0.052566   0.00000000   0.00000000   0.00000000   0.00000000

    1.259407    0.613337    0.298698    0.145467

     1.000000   0.00000000   0.00000000   0.00000000
   0.00000000     1.000000   0.00000000   0.00000000
   0.00000000   0.00000000     1.000000   0.00000000
   0.00000000   0.00000000   0.00000000     1.000000

    0.803709    0.395153    0.194282

     1.000000   0.00000000   0.00000000
   0.00000000     1.000000   0.00000000
   0.00000000   0.00000000     1.000000

    0.726611    0.329675

     1.000000   0.00000000
   0.00000000     1.000000

    0.605896

     1.000000

I:cc-pV6Z-ccECP
ccECP cc-pV6Z for I | source recipes/I/ccECP/I.cc-pV6Z.gamess | ccECP from Guangming Wang et al. Journal of Chemical Physics (2022) https://doi.org/10.1063/5.0087300

  7
    0    1    2    3    4    5    6
    6    6    5    4    3    2    1
   15   15    5    4    3    2    1

   61.701593   29.837151   14.428405    6.977170    3.446673
    3.373963    1.631553    1.490463    0.788973    0.644529
    0.381525    0.278717    0.184495    0.120527    0.089216

     0.000480   0.00000000   0.00000000   0.00000000   0.00000000   0.00000000
    -0.002928   0.00000000   0.00000000   0.00000000   0.00000000   0.00000000
     0.013931   0.00000000   0.00000000   0.00000000   0.00000000   0.00000000
    -0.077260   0.00000000   0.00000000   0.00000000   0.00000000   0.00000000
   0.00000000     1.000000   0.00000000   0.00000000   0.00000000   0.00000000
     0.362021   0.00000000   0.00000000   0.00000000   0.00000000   0.00000000
    -0.697646   0.00000000   0.00000000   0.00000000   0.00000000   0.00000000
   0.00000000   0.00000000     1.000000   0.00000000   0.00000000   0.00000000
    -0.135463   0.00000000   0.00000000   0.00000000   0.00000000   0.00000000
   0.00000000   0.00000000   0.00000000     1.000000   0.00000000   0.00000000
     0.575037   0.00000000   0.00000000   0.00000000   0.00000000   0.00000000
   0.00000000   0.00000000   0.00000000   0.00000000     1.000000   0.00000000
     0.592546   0.00000000   0.00000000   0.00000000   0.00000000   0.00000000
   0.00000000   0.00000000   0.00000000   0.00000000   0.00000000     1.000000
     0.182295   0.00000000   0.00000000   0.00000000   0.00000000   0.00000000

   33.795456   16.225632    7.790134    3.740143    1.795691
    1.767751    0.862134    0.789764    0.413922    0.352837
    0.198729    0.157634    0.095412    0.070425    0.045809

    -0.000318   0.00000000   0.00000000   0.00000000   0.00000000   0.00000000
     0.002086   0.00000000   0.00000000   0.00000000   0.00000000   0.00000000
    -0.012949   0.00000000   0.00000000   0.00000000   0.00000000   0.00000000
     0.080672   0.00000000   0.00000000   0.00000000   0.00000000   0.00000000
    -0.242571   0.00000000   0.00000000   0.00000000   0.00000000   0.00000000
   0.00000000     1.000000   0.00000000   0.00000000   0.00000000   0.00000000
     0.014118   0.00000000   0.00000000   0.00000000   0.00000000   0.00000000
   0.00000000   0.00000000     1.000000   0.00000000   0.00000000   0.00000000
     0.351558   0.00000000   0.00000000   0.00000000   0.00000000   0.00000000
   0.00000000   0.00000000   0.00000000     1.000000   0.00000000   0.00000000
     0.473120   0.00000000   0.00000000   0.00000000   0.00000000   0.00000000
   0.00000000   0.00000000   0.00000000   0.00000000     1.000000   0.00000000
     0.278425   0.00000000   0.00000000   0.00000000   0.00000000   0.00000000
   0.00000000   0.00000000   0.00000000   0.00000000   0.00000000     1.000000
     0.052566   0.00000000   0.00000000   0.00000000   0.00000000   0.00000000

    1.301119    0.721787    0.400406    0.222123    0.123221

     1.000000   0.00000000   0.00000000   0.00000000   0.00000000
   0.00000000     1.000000   0.00000000   0.00000000   0.00000000
   0.00000000   0.00000000     1.000000   0.00000000   0.00000000
   0.00000000   0.00000000   0.00000000     1.000000   0.00000000
   0.00000000   0.00000000   0.00000000   0.00000000     1.000000

    1.567984    0.778746    0.386768    0.192090

     1.000000   0.00000000   0.00000000   0.00000000
   0.00000000     1.000000   0.00000000   0.00000000
   0.00000000   0.00000000     1.000000   0.00000000
   0.00000000   0.00000000   0.00000000     1.000000

    0.845075    0.474803    0.266767

     1.000000   0.00000000   0.00000000
   0.00000000     1.000000   0.00000000
   0.00000000   0.00000000     1.000000

    0.853572    0.437555

     1.000000   0.00000000
   0.00000000     1.000000

    0.721144

     1.000000

I:cc-pVDZ-ccECP
ccECP cc-pVDZ for I | source recipes/I/ccECP/I.cc-pVDZ.gamess | ccECP from Guangming Wang et al. Journal of Chemical Physics (2022) https://doi.org/10.1063/5.0087300

  3
    0    1    2
    2    2    1
   11   11    1

   61.701593   29.837151   14.428405    6.977170    3.373963
    1.631553    0.788973    0.381525    0.184495    0.089216
    0.045875

     0.000480   0.00000000
    -0.002928   0.00000000
     0.013931   0.00000000
    -0.077260   0.00000000
     0.362021   0.00000000
    -0.697646   0.00000000
    -0.135463   0.00000000
     0.575037   0.00000000
     0.592546   0.00000000
     0.182295   0.00000000
   0.00000000     1.000000

   33.795456   16.225632    7.790134    3.740143    1.795691
    0.862134    0.413922    0.198729    0.095412    0.087854
    0.045809

    -0.000318   0.00000000
     0.002086   0.00000000
    -0.012949   0.00000000
     0.080672   0.00000000
    -0.242571   0.00000000
     0.014118   0.00000000
     0.351558   0.00000000
     0.473120   0.00000000
     0.278425   0.00000000
   0.00000000     1.000000
     0.052566   0.00000000

    0.273105

     1.000000

I:cc-pVQZ-ccECP
ccECP cc-pVQZ for I | source recipes/I/ccECP/I.cc-pVQZ.gamess | ccECP from Guangming Wang et al. Journal of Chemical Physics (2022) https://doi.org/10.1063/5.0087300

  5
    0    1    2    3    4
    4    4    3    2    1
   13   13    3    2    1

   61.701593   29.837151   14.428405    6.977170    3.373963
    1.631553    0.788973    0.417192    0.381525    0.220853
    0.184495    0.116915    0.089216

     0.000480   0.00000000   0.00000000   0.00000000
    -0.002928   0.00000000   0.00000000   0.00000000
     0.013931   0.00000000   0.00000000   0.00000000
    -0.077260   0.00000000   0.00000000   0.00000000
     0.362021   0.00000000   0.00000000   0.00000000
    -0.697646   0.00000000   0.00000000   0.00000000
    -0.135463   0.00000000   0.00000000   0.00000000
   0.00000000     1.000000   0.00000000   0.00000000
     0.575037   0.00000000   0.00000000   0.00000000
   0.00000000   0.00000000     1.000000   0.00000000
     0.592546   0.00000000   0.00000000   0.00000000
   0.00000000   0.00000000   0.00000000     1.000000
     0.182295   0.00000000   0.00000000   0.00000000

   33.795456   16.225632    7.790134    3.740143    1.795691
    0.862134    0.531766    0.413922    0.216097    0.198729
    0.095412    0.087817    0.045809

    -0.000318   0.00000000   0.00000000   0.00000000
     0.002086   0.00000000   0.00000000   0.00000000
    -0.012949   0.00000000   0.00000000   0.00000000
     0.080672   0.00000000   0.00000000   0.00000000
    -0.242571   0.00000000   0.00000000   0.00000000
     0.014118   0.00000000   0.00000000   0.00000000
   0.00000000     1.000000   0.00000000   0.00000000
     0.351558   0.00000000   0.00000000   0.00000000
   0.00000000   0.00000000     1.000000   0.00000000
     0.473120   0.00000000   0.00000000   0.00000000
     0.278425   0.00000000   0.00000000   0.00000000
   0.00000000   0.00000000   0.00000000     1.000000
     0.052566   0.00000000   0.00000000   0.00000000

    1.187512    0.476890    0.191513

     1.000000   0.00000000   0.00000000
   0.00000000     1.000000   0.00000000
   0.00000000   0.00000000     1.000000

    0.643823    0.255896

     1.000000   0.00000000
   0.00000000     1.000000

    0.494142

     1.000000

I:cc-pVTZ-ccECP
ccECP cc-pVTZ for I | source recipes/I/ccECP/I.cc-pVTZ.gamess | ccECP from Guangming Wang et al. Journal of Chemical Physics (2022) https://doi.org/10.1063/5.0087300

  4
    0    1    2    3
    3    3    2    1
   12   12    2    1

   61.701593   29.837151   14.428405    6.977170    3.373963
    1.631553    0.788973    0.405621    0.381525    0.184495
    0.125695    0.089216

     0.000480   0.00000000   0.00000000
    -0.002928   0.00000000   0.00000000
     0.013931   0.00000000   0.00000000
    -0.077260   0.00000000   0.00000000
     0.362021   0.00000000   0.00000000
    -0.697646   0.00000000   0.00000000
    -0.135463   0.00000000   0.00000000
   0.00000000     1.000000   0.00000000
     0.575037   0.00000000   0.00000000
     0.592546   0.00000000   0.00000000
   0.00000000   0.00000000     1.000000
     0.182295   0.00000000   0.00000000

   33.795456   16.225632    7.790134    3.740143    1.795691
    0.862134    0.561658    0.413922    0.198729    0.105092
    0.095412    0.045809

    -0.000318   0.00000000   0.00000000
     0.002086   0.00000000   0.00000000
    -0.012949   0.00000000   0.00000000
     0.080672   0.00000000   0.00000000
    -0.242571   0.00000000   0.00000000
     0.014118   0.00000000   0.00000000
   0.00000000     1.000000   0.00000000
     0.351558   0.00000000   0.00000000
     0.473120   0.00000000   0.00000000
   0.00000000   0.00000000     1.000000
     0.278425   0.00000000   0.00000000
     0.052566   0.00000000   0.00000000

    0.350351    0.188141

     1.000000   0.00000000
   0.00000000     1.000000

    0.316090

     1.000000

