
Se:aug-cc-pV5Z-ccECP
ccECP aug-cc-pV5Z for Se | source recipes/Se/ccECP/Se.aug-cc-pV5Z.gamess | ccECP from Guangming Wang et al. Journal of Chemical Physics 151, 144110 (2019) https://doi.org/10.1063/1.5121006

  6
    0    1    2    3    4    5
    6    6    5    4    3    2
   14   14    5    4    3    2

   53.235856   24.069480   10.882513    4.920301    2.224611
    1.005811    0.672927    0.454757    0.356851    0.205609
    0.189237    0.100352    0.092962    0.040141

   -0.00017300    0.00000000    0.00000000    0.00000000    0.00000000
    0.00000000
    0.00151800    0.00000000    0.00000000    0.00000000    0.00000000
    0.00000000
   -0.01538400    0.00000000    0.00000000    0.00000000    0.00000000
    0.00000000
    0.13681600    0.00000000    0.00000000    0.00000000    0.00000000
    0.00000000
   -0.39461000    0.00000000    0.00000000    0.00000000    0.00000000
    0.00000000
   -0.13955900    0.00000000    0.00000000    0.00000000    0.00000000
    0.00000000
    0.00000000    1.00000000    0.00000000    0.00000000    0.00000000
    0.00000000
    0.50733100    0.00000000    0.00000000    0.00000000    0.00000000
    0.00000000
    0.00000000    0.00000000    1.00000000    0.00000000    0.00000000
    0.00000000
    0.58687500    0.00000000    0.00000000    0.00000000    0.00000000
    0.00000000
    0.00000000    0.00000000    0.00000000    1.00000000    0.00000000
    0.00000000
    0.00000000    0.00000000    0.00000000    0.00000000    1.00000000
    0.00000000
    0.17717000    0.00000000    0.00000000    0.00000000    0.00000000
    0.00000000
    0.00000000    0.00000000    0.00000000    0.00000000    0.00000000
    1.00000000

   25.056177   11.673683    5.438773    2.533927    1.180557
    0.941327    0.550022    0.395488    0.256256    0.166159
    0.119390    0.069810    0.055624    0.027924

   -0.00015300    0.00000000    0.00000000    0.00000000    0.00000000
    0.00000000
    0.00033200    0.00000000    0.00000000    0.00000000    0.00000000
    0.00000000
    0.01417500    0.00000000    0.00000000    0.00000000    0.00000000
    0.00000000
   -0.10389300    0.00000000    0.00000000    0.00000000    0.00000000
    0.00000000
   -0.00813400    0.00000000    0.00000000    0.00000000    0.00000000
    0.00000000
    0.00000000    1.00000000    0.00000000    0.00000000    0.00000000
    0.00000000
    0.28490400    0.00000000    0.00000000    0.00000000    0.00000000
    0.00000000
    0.00000000    0.00000000    1.00000000    0.00000000    0.00000000
    0.00000000
    0.42743700    0.00000000    0.00000000    0.00000000    0.00000000
    0.00000000
    0.00000000    0.00000000    0.00000000    1.00000000    0.00000000
    0.00000000
    0.33406600    0.00000000    0.00000000    0.00000000    0.00000000
    0.00000000
    0.00000000    0.00000000    0.00000000    0.00000000    1.00000000
    0.00000000
    0.11234000    0.00000000    0.00000000    0.00000000    0.00000000
    0.00000000
    0.00000000    0.00000000    0.00000000    0.00000000    0.00000000
    1.00000000

    1.544013    0.723875    0.339372    0.159107    0.063643

    1.00000000    0.00000000    0.00000000    0.00000000    0.00000000
    0.00000000    1.00000000    0.00000000    0.00000000    0.00000000
    0.00000000    0.00000000    1.00000000    0.00000000    0.00000000
    0.00000000    0.00000000    0.00000000    1.00000000    0.00000000
    0.00000000    0.00000000    0.00000000    0.00000000    1.00000000

    0.901595    0.447175    0.221791    0.088716

    1.00000000    0.00000000    0.00000000    0.00000000
    0.00000000    1.00000000    0.00000000    0.00000000
    0.00000000    0.00000000    1.00000000    0.00000000
    0.00000000    0.00000000    0.00000000    1.00000000

    0.894034    0.399571    0.159828

    1.00000000    0.00000000    0.00000000
    0.00000000    1.00000000    0.00000000
    0.00000000    0.00000000    1.00000000

    0.742989    0.297196

    1.00000000    0.00000000
    0.00000000    1.00000000

Se:aug-cc-pV6Z-ccECP
ccECP aug-cc-pV6Z for Se | source recipes/Se/ccECP/Se.aug-cc-pV6Z.gamess | ccECP from Guangming Wang et al. Journal of Chemical Physics 151, 144110 (2019) https://doi.org/10.1063/1.5121006

  7
    0    1    2    3    4    5    6
    7    7    6    5    4    3    2
   15   15    6    5    4    3    2

   53.235856   24.069480   10.882513    4.920301    2.224611
    2.202360    1.018058    1.005811    0.470605    0.454757
    0.217541    0.205609    0.100560    0.092962    0.040224

   -0.00017300    0.00000000    0.00000000    0.00000000    0.00000000
    0.00000000    0.00000000
    0.00151800    0.00000000    0.00000000    0.00000000    0.00000000
    0.00000000    0.00000000
   -0.01538400    0.00000000    0.00000000    0.00000000    0.00000000
    0.00000000    0.00000000
    0.13681600    0.00000000    0.00000000    0.00000000    0.00000000
    0.00000000    0.00000000
   -0.39461000    0.00000000    0.00000000    0.00000000    0.00000000
    0.00000000    0.00000000
    0.00000000    1.00000000    0.00000000    0.00000000    0.00000000
    0.00000000    0.00000000
    0.00000000    0.00000000    1.00000000    0.00000000    0.00000000
    0.00000000    0.00000000
   -0.13955900    0.00000000    0.00000000    0.00000000    0.00000000
    0.00000000    0.00000000
    0.00000000    0.00000000    0.00000000    1.00000000    0.00000000
    0.00000000    0.00000000
    0.50733100    0.00000000    0.00000000    0.00000000    0.00000000
    0.00000000    0.00000000
    0.00000000    0.00000000    0.00000000    0.00000000    1.00000000
    0.00000000    0.00000000
    0.58687500    0.00000000    0.00000000    0.00000000    0.00000000
    0.00000000    0.00000000
    0.00000000    0.00000000    0.00000000    0.00000000    0.00000000
    1.00000000    0.00000000
    0.17717000    0.00000000    0.00000000    0.00000000    0.00000000
    0.00000000    0.00000000
    0.00000000    0.00000000    0.00000000    0.00000000    0.00000000
    0.00000000    1.00000000

   25.056177   11.673683    5.438773    2.533927    1.273912
    1.180557    0.601933    0.550022    0.284418    0.256256
    0.134389    0.119390    0.063500    0.055624    0.025400

   -0.00015300    0.00000000    0.00000000    0.00000000    0.00000000
    0.00000000    0.00000000
    0.00033200    0.00000000    0.00000000    0.00000000    0.00000000
    0.00000000    0.00000000
    0.01417500    0.00000000    0.00000000    0.00000000    0.00000000
    0.00000000    0.00000000
   -0.10389300    0.00000000    0.00000000    0.00000000    0.00000000
    0.00000000    0.00000000
    0.00000000    1.00000000    0.00000000    0.00000000    0.00000000
    0.00000000    0.00000000
   -0.00813400    0.00000000    0.00000000    0.00000000    0.00000000
    0.00000000    0.00000000
    0.00000000    0.00000000    1.00000000    0.00000000    0.00000000
    0.00000000    0.00000000
    0.28490400    0.00000000    0.00000000    0.00000000    0.00000000
    0.00000000    0.00000000
    0.00000000    0.00000000    0.00000000    1.00000000    0.00000000
    0.00000000    0.00000000
    0.42743700    0.00000000    0.00000000    0.00000000    0.00000000
    0.00000000    0.00000000
    0.00000000    0.00000000    0.00000000    0.00000000    1.00000000
    0.00000000    0.00000000
    0.33406600    0.00000000    0.00000000    0.00000000    0.00000000
    0.00000000    0.00000000
    0.00000000    0.00000000    0.00000000    0.00000000    0.00000000
    1.00000000    0.00000000
    0.11234000    0.00000000    0.00000000    0.00000000    0.00000000
    0.00000000    0.00000000
    0.00000000    0.00000000    0.00000000    0.00000000    0.00000000
    0.00000000    1.00000000

    1.929490    1.001829    0.520169    0.270082    0.140232
    0.056093

    1.00000000    0.00000000    0.00000000    0.00000000    0.00000000
    0.00000000
    0.00000000    1.00000000    0.00000000    0.00000000    0.00000000
    0.00000000
    0.00000000    0.00000000    1.00000000    0.00000000    0.00000000
    0.00000000
    0.00000000    0.00000000    0.00000000    1.00000000    0.00000000
    0.00000000
    0.00000000    0.00000000    0.00000000    0.00000000    1.00000000
    0.00000000
    0.00000000    0.00000000    0.00000000    0.00000000    0.00000000
    1.00000000

    1.068366    0.604969    0.342568    0.193981    0.077592

    1.00000000    0.00000000    0.00000000    0.00000000    0.00000000
    0.00000000    1.00000000    0.00000000    0.00000000    0.00000000
    0.00000000    0.00000000    1.00000000    0.00000000    0.00000000
    0.00000000    0.00000000    0.00000000    1.00000000    0.00000000
    0.00000000    0.00000000    0.00000000    0.00000000    1.00000000

    1.154200    0.611605    0.324087    0.129635

    1.00000000    0.00000000    0.00000000    0.00000000
    0.00000000    1.00000000    0.00000000    0.00000000
    0.00000000    0.00000000    1.00000000    0.00000000
    0.00000000    0.00000000    0.00000000    1.00000000

    1.072389    0.535944    0.214378

    1.00000000    0.00000000    0.00000000
    0.00000000    1.00000000    0.00000000
    0.00000000    0.00000000    1.00000000

    0.890137    0.356055

    1.00000000    0.00000000
    0.00000000    1.00000000

Se:aug-cc-pVDZ-ccECP
ccECP aug-cc-pVDZ for Se | source recipes/Se/ccECP/Se.aug-cc-pVDZ.gamess | ccECP from Guangming Wang et al. Journal of Chemical Physics 151, 144110 (2019) https://doi.org/10.1063/1.5121006

  3
    0    1    2
    3    3    2
   11   11    2

   53.235856   24.069480   10.882513    4.920301    2.224611
    1.005811    0.454757    0.205609    0.092962    0.063298
    0.025319

   -0.00017300    0.00000000    0.00000000
    0.00151800    0.00000000    0.00000000
   -0.01538400    0.00000000    0.00000000
    0.13681600    0.00000000    0.00000000
   -0.39461000    0.00000000    0.00000000
   -0.13955900    0.00000000    0.00000000
    0.50733100    0.00000000    0.00000000
    0.58687500    0.00000000    0.00000000
    0.17717000    0.00000000    0.00000000
    0.00000000    1.00000000    0.00000000
    0.00000000    0.00000000    1.00000000

   25.056177   11.673683    5.438773    2.533927    1.180557
    0.550022    0.256256    0.119390    0.103012    0.055624
    0.041205

   -0.00015300    0.00000000    0.00000000
    0.00033200    0.00000000    0.00000000
    0.01417500    0.00000000    0.00000000
   -0.10389300    0.00000000    0.00000000
   -0.00813400    0.00000000    0.00000000
    0.28490400    0.00000000    0.00000000
    0.42743700    0.00000000    0.00000000
    0.33406600    0.00000000    0.00000000
    0.00000000    1.00000000    0.00000000
    0.11234000    0.00000000    0.00000000
    0.00000000    0.00000000    1.00000000

    0.364897    0.145959

    1.00000000    0.00000000
    0.00000000    1.00000000

Se:aug-cc-pVQZ-ccECP
ccECP aug-cc-pVQZ for Se | source recipes/Se/ccECP/Se.aug-cc-pVQZ.gamess | ccECP from Guangming Wang et al. Journal of Chemical Physics 151, 144110 (2019) https://doi.org/10.1063/1.5121006

  5
    0    1    2    3    4
    5    5    4    3    2
   13   13    4    3    2

   53.235856   24.069480   10.882513    4.920301    2.224611
    1.005811    0.635024    0.454757    0.280784    0.205609
    0.124152    0.092962    0.049661

   -0.00017300    0.00000000    0.00000000    0.00000000    0.00000000
    0.00151800    0.00000000    0.00000000    0.00000000    0.00000000
   -0.01538400    0.00000000    0.00000000    0.00000000    0.00000000
    0.13681600    0.00000000    0.00000000    0.00000000    0.00000000
   -0.39461000    0.00000000    0.00000000    0.00000000    0.00000000
   -0.13955900    0.00000000    0.00000000    0.00000000    0.00000000
    0.00000000    1.00000000    0.00000000    0.00000000    0.00000000
    0.50733100    0.00000000    0.00000000    0.00000000    0.00000000
    0.00000000    0.00000000    1.00000000    0.00000000    0.00000000
    0.58687500    0.00000000    0.00000000    0.00000000    0.00000000
    0.00000000    0.00000000    0.00000000    1.00000000    0.00000000
    0.17717000    0.00000000    0.00000000    0.00000000    0.00000000
    0.00000000    0.00000000    0.00000000    0.00000000    1.00000000

   25.056177   11.673683    5.438773    2.533927    1.180557
    0.623700    0.550022    0.256256    0.231660    0.119390
    0.086045    0.055624    0.034418

   -0.00015300    0.00000000    0.00000000    0.00000000    0.00000000
    0.00033200    0.00000000    0.00000000    0.00000000    0.00000000
    0.01417500    0.00000000    0.00000000    0.00000000    0.00000000
   -0.10389300    0.00000000    0.00000000    0.00000000    0.00000000
   -0.00813400    0.00000000    0.00000000    0.00000000    0.00000000
    0.00000000    1.00000000    0.00000000    0.00000000    0.00000000
    0.28490400    0.00000000    0.00000000    0.00000000    0.00000000
    0.42743700    0.00000000    0.00000000    0.00000000    0.00000000
    0.00000000    0.00000000    1.00000000    0.00000000    0.00000000
    0.33406600    0.00000000    0.00000000    0.00000000    0.00000000
    0.00000000    0.00000000    0.00000000    1.00000000    0.00000000
    0.11234000    0.00000000    0.00000000    0.00000000    0.00000000
    0.00000000    0.00000000    0.00000000    0.00000000    1.00000000

    1.309673    0.519002    0.205672    0.082269

    1.00000000    0.00000000    0.00000000    0.00000000
    0.00000000    1.00000000    0.00000000    0.00000000
    0.00000000    0.00000000    1.00000000    0.00000000
    0.00000000    0.00000000    0.00000000    1.00000000

    0.720580    0.288011    0.115204

    1.00000000    0.00000000    0.00000000
    0.00000000    1.00000000    0.00000000
    0.00000000    0.00000000    1.00000000

    0.591247    0.236499

    1.00000000    0.00000000
    0.00000000    1.00000000

Se:aug-cc-pVTZ-ccECP
ccECP aug-cc-pVTZ for Se | source recipes/Se/ccECP/Se.aug-cc-pVTZ.gamess | ccECP from Guangming Wang et al. Journal of Chemical Physics 151, 144110 (2019) https://doi.org/10.1063/1.5121006

  4
    0    1    2    3
    4    4    3    2
   12   12    3    2

   53.235856   24.069480   10.882513    4.920301    2.224611
    1.005811    0.607975    0.454757    0.205609    0.134187
    0.092962    0.053675

   -0.00017300    0.00000000    0.00000000    0.00000000
    0.00151800    0.00000000    0.00000000    0.00000000
   -0.01538400    0.00000000    0.00000000    0.00000000
    0.13681600    0.00000000    0.00000000    0.00000000
   -0.39461000    0.00000000    0.00000000    0.00000000
   -0.13955900    0.00000000    0.00000000    0.00000000
    0.00000000    1.00000000    0.00000000    0.00000000
    0.50733100    0.00000000    0.00000000    0.00000000
    0.58687500    0.00000000    0.00000000    0.00000000
    0.00000000    0.00000000    1.00000000    0.00000000
    0.17717000    0.00000000    0.00000000    0.00000000
    0.00000000    0.00000000    0.00000000    1.00000000

   25.056177   11.673683    5.438773    2.533927    1.180557
    0.550022    0.256256    0.147697    0.119390    0.069503
    0.055624    0.027801

   -0.00015300    0.00000000    0.00000000    0.00000000
    0.00033200    0.00000000    0.00000000    0.00000000
    0.01417500    0.00000000    0.00000000    0.00000000
   -0.10389300    0.00000000    0.00000000    0.00000000
   -0.00813400    0.00000000    0.00000000    0.00000000
    0.28490400    0.00000000    0.00000000    0.00000000
    0.42743700    0.00000000    0.00000000    0.00000000
    0.00000000    1.00000000    0.00000000    0.00000000
    0.33406600    0.00000000    0.00000000    0.00000000
    0.00000000    0.00000000    1.00000000    0.00000000
    0.11234000    0.00000000    0.00000000    0.00000000
    0.00000000    0.00000000    0.00000000    1.00000000

    0.525911    0.209516    0.083806

    1.00000000    0.00000000    0.00000000
    0.00000000    1.00000000    0.00000000
    0.00000000    0.00000000    1.00000000

    0.478915    0.191566

    1.00000000    0.00000000
    0.00000000    1.00000000

Se:cc-pV5Z-ccECP
ccECP cc-pV5Z for Se | source recipes/Se/ccECP/Se.cc-pV5Z.gamess | ccECP from Guangming Wang et al. Journal of Chemical Physics 151, 144110 (2019) https://doi.org/10.1063/1.5121006

  6
    0    1    2    3    4    5
    5    5    4    3    2    1
   13   13    4    3    2    1

   53.235856   24.069480   10.882513    4.920301    2.224611
    1.005811    0.672927    0.454757    0.356851    0.205609
    0.189237    0.100352    0.092962

   -0.00017300    0.00000000    0.00000000    0.00000000    0.00000000
    0.00151800    0.00000000    0.00000000    0.00000000    0.00000000
   -0.01538400    0.00000000    0.00000000    0.00000000    0.00000000
    0.13681600    0.00000000    0.00000000    0.00000000    0.00000000
   -0.39461000    0.00000000    0.00000000    0.00000000    0.00000000
   -0.13955900    0.00000000    0.00000000    0.00000000    0.00000000
    0.00000000    1.00000000    0.00000000    0.00000000    0.00000000
    0.50733100    0.00000000    0.00000000    0.00000000    0.00000000
    0.00000000    0.00000000    1.00000000    0.00000000    0.00000000
    0.58687500    0.00000000    0.00000000    0.00000000    0.00000000
    0.00000000    0.00000000    0.00000000    1.00000000    0.00000000
    0.00000000    0.00000000    0.00000000    0.00000000    1.00000000
    0.17717000    0.00000000    0.00000000    0.00000000    0.00000000

   25.056177   11.673683    5.438773    2.533927    1.180557
    0.941327    0.550022    0.395488    0.256256    0.166159
    0.119390    0.069810    0.055624

   -0.00015300    0.00000000    0.00000000    0.00000000    0.00000000
    0.00033200    0.00000000    0.00000000    0.00000000    0.00000000
    0.01417500    0.00000000    0.00000000    0.00000000    0.00000000
   -0.10389300    0.00000000    0.00000000    0.00000000    0.00000000
   -0.00813400    0.00000000    0.00000000    0.00000000    0.00000000
    0.00000000    1.00000000    0.00000000    0.00000000    0.00000000
    0.28490400    0.00000000    0.00000000    0.00000000    0.00000000
    0.00000000    0.00000000    1.00000000    0.00000000    0.00000000
    0.42743700    0.00000000    0.00000000    0.00000000    0.00000000
    0.00000000    0.00000000    0.00000000    1.00000000    0.00000000
    0.33406600    0.00000000    0.00000000    0.00000000    0.00000000
    0.00000000    0.00000000    0.00000000    0.00000000    1.00000000
    0.11234000    0.00000000    0.00000000    0.00000000    0.00000000

    1.544013    0.723875    0.339372    0.159107

    1.00000000    0.00000000    0.00000000    0.00000000
    0.00000000    1.00000000    0.00000000    0.00000000
    0.00000000    0.00000000    1.00000000    0.00000000
    0.00000000    0.00000000    0.00000000    1.00000000

    0.901595    0.447175    0.221791

    1.00000000    0.00000000    0.00000000
    0.00000000    1.00000000    0.00000000
    0.00000000    0.00000000    1.00000000

    0.894034    0.399571

    1.00000000    0.00000000
    0.00000000    1.00000000

    0.742989

    1.00000000

Se:cc-pV6Z-ccECP
ccECP cc-pV6Z for Se | source recipes/Se/ccECP/Se.cc-pV6Z.gamess | ccECP from Guangming Wang et al. Journal of Chemical Physics 151, 144110 (2019) https://doi.org/10.1063/1.5121006

  7
    0    1    2    3    4    5    6
    6    6    5    4    3    2    1
   14   14    5    4    3    2    1

   53.235856   24.069480   10.882513    4.920301    2.224611
    2.202360    1.018058    1.005811    0.470605    0.454757
    0.217541    0.205609    0.100560    0.092962

   -0.00017300    0.00000000    0.00000000    0.00000000    0.00000000
    0.00000000
    0.00151800    0.00000000    0.00000000    0.00000000    0.00000000
    0.00000000
   -0.01538400    0.00000000    0.00000000    0.00000000    0.00000000
    0.00000000
    0.13681600    0.00000000    0.00000000    0.00000000    0.00000000
    0.00000000
   -0.39461000    0.00000000    0.00000000    0.00000000    0.00000000
    0.00000000
    0.00000000    1.00000000    0.00000000    0.00000000    0.00000000
    0.00000000
    0.00000000    0.00000000    1.00000000    0.00000000    0.00000000
    0.00000000
   -0.13955900    0.00000000    0.00000000    0.00000000    0.00000000
    0.00000000
    0.00000000    0.00000000    0.00000000    1.00000000    0.00000000
    0.00000000
    0.50733100    0.00000000    0.00000000    0.00000000    0.00000000
    0.00000000
    0.00000000    0.00000000    0.00000000    0.00000000    1.00000000
    0.00000000
    0.58687500    0.00000000    0.00000000    0.00000000    0.00000000
    0.00000000
    0.00000000    0.00000000    0.00000000    0.00000000    0.00000000
    1.00000000
    0.17717000    0.00000000    0.00000000    0.00000000    0.00000000
    0.00000000

   25.056177   11.673683    5.438773    2.533927    1.273912
    1.180557    0.601933    0.550022    0.284418    0.256256
    0.134389    0.119390    0.063500    0.055624

   -0.00015300    0.00000000    0.00000000    0.00000000    0.00000000
    0.00000000
    0.00033200    0.00000000    0.00000000    0.00000000    0.00000000
    0.00000000
    0.01417500    0.00000000    0.00000000    0.00000000    0.00000000
    0.00000000
   -0.10389300    0.00000000    0.00000000    0.00000000    0.00000000
    0.00000000
    0.00000000    1.00000000    0.00000000    0.00000000    0.00000000
    0.00000000
   -0.00813400    0.00000000    0.00000000    0.00000000    0.00000000
    0.00000000
    0.00000000    0.00000000    1.00000000    0.00000000    0.00000000
    0.00000000
    0.28490400    0.00000000    0.00000000    0.00000000    0.00000000
    0.00000000
    0.00000000    0.00000000    0.00000000    1.00000000    0.00000000
    0.00000000
    0.42743700    0.00000000    0.00000000    0.00000000    0.00000000
    0.00000000
    0.00000000    0.00000000    0.00000000    0.00000000    1.00000000
    0.00000000
    0.33406600    0.00000000    0.00000000    0.00000000    0.00000000
    0.00000000
    0.00000000    0.00000000    0.00000000    0.00000000    0.00000000
    1.00000000
    0.11234000    0.00000000    0.00000000    0.00000000    0.00000000
    0.00000000

    1.929490    1.001829    0.520169    0.270082    0.140232

    1.00000000    0.00000000    0.00000000    0.00000000    0.00000000
    0.00000000    1.00000000    0.00000000    0.00000000    0.00000000
    0.00000000    0.00000000    1.00000000    0.00000000    0.00000000
    0.00000000    0.00000000    0.00000000    1.00000000    0.00000000
    0.00000000    0.00000000    0.00000000    0.00000000    1.00000000

    1.068366    0.604969    0.342568    0.193981

    1.00000000    0.00000000    0.00000000    0.00000000
    0.00000000    1.00000000    0.00000000    0.00000000
    0.00000000    0.00000000    1.00000000    0.00000000
    0.00000000    0.00000000    0.00000000    1.00000000

    1.154200    0.611605    0.324087

    1.00000000    0.00000000    0.00000000
    0.00000000    1.00000000    0.00000000
    0.00000000    0.00000000    1.00000000

    1.072389    0.535944

    1.00000000    0.00000000
    0.00000000    1.00000000

    0.890137

    1.00000000

Se:cc-pVDZ-ccECP
ccECP cc-pVDZ for Se | source recipes/Se/ccECP/Se.cc-pVDZ.gamess | ccECP from Guangming Wang et al. Journal of Chemical Physics 151, 144110 (2019) https://doi.org/10.1063/1.5121006

  3
    0    1    2
    2    2    1
   10   10    1

   53.235856   24.069480   10.882513    4.920301    2.224611
    1.005811    0.454757    0.205609    0.092962    0.063298

   -0.00017300    0.00000000
    0.00151800    0.00000000
   -0.01538400    0.00000000
    0.13681600    0.00000000
   -0.39461000    0.00000000
   -0.13955900    0.00000000
    0.50733100    0.00000000
    0.58687500    0.00000000
    0.17717000    0.00000000
    0.00000000    1.00000000

   25.056177   11.673683    5.438773    2.533927    1.180557
    0.550022    0.256256    0.119390    0.103012    0.055624

   -0.00015300    0.00000000
    0.00033200    0.00000000
    0.01417500    0.00000000
   -0.10389300    0.00000000
   -0.00813400    0.00000000
    0.28490400    0.00000000
    0.42743700    0.00000000
    0.33406600    0.00000000
    0.00000000    1.00000000
    0.11234000    0.00000000

    0.364897

    1.00000000

Se:cc-pVQZ-ccECP
ccECP cc-pVQZ for Se | source recipes/Se/ccECP/Se.cc-pVQZ.gamess | ccECP from Guangming Wang et al. Journal of Chemical Physics 151, 144110 (2019) https://doi.org/10.1063/1.5121006

  5
    0    1    2    3    4
    4    4    3    2    1
   12   12    3    2    1

   53.235856   24.069480   10.882513    4.920301    2.224611
    1.005811    0.635024    0.454757    0.280784    0.205609
    0.124152    0.092962

   -0.00017300    0.00000000    0.00000000    0.00000000
    0.00151800    0.00000000    0.00000000    0.00000000
   -0.01538400    0.00000000    0.00000000    0.00000000
    0.13681600    0.00000000    0.00000000    0.00000000
   -0.39461000    0.00000000    0.00000000    0.00000000
   -0.13955900    0.00000000    0.00000000    0.00000000
    0.00000000    1.00000000    0.00000000    0.00000000
    0.50733100    0.00000000    0.00000000    0.00000000
    0.00000000    0.00000000    1.00000000    0.00000000
    0.58687500    0.00000000    0.00000000    0.00000000
    0.00000000    0.00000000    0.00000000    1.00000000
    0.17717000    0.00000000    0.00000000    0.00000000

   25.056177   11.673683    5.438773    2.533927    1.180557
    0.623700    0.550022    0.256256    0.231660    0.119390
    0.086045    0.055624

   -0.00015300    0.00000000    0.00000000    0.00000000
    0.00033200    0.00000000    0.00000000    0.00000000
    0.01417500    0.00000000    0.00000000    0.00000000
   -0.10389300    0.00000000    0.00000000    0.00000000
   -0.00813400    0.00000000    0.00000000    0.00000000
    0.00000000    1.00000000    0.00000000    0.00000000
    0.28490400    0.00000000    0.00000000    0.00000000
    0.42743700    0.00000000    0.00000000    0.00000000
    0.00000000    0.00000000    1.00000000    0.00000000
    0.33406600    0.00000000    0.00000000    0.00000000
    0.00000000    0.00000000    0.00000000    1.00000000
    0.11234000    0.00000000    0.00000000    0.00000000

    1.309673    0.519002    0.205672

    1.00000000    0.00000000    0.00000000
    0.00000000    1.00000000    0.00000000
    0.00000000    0.00000000    1.00000000

    0.720580    0.288011

    1.00000000    0.00000000
    0.00000000    1.00000000

    0.591247

    1.00000000

Se:cc-pVTZ-ccECP
ccECP cc-pVTZ for Se | source recipes/Se/ccECP/Se.cc-pVTZ.gamess | ccECP from Guangming Wang et al. Journal of Chemical Physics 151, 144110 (2019) https://doi.org/10.1063/1.5121006

  4
    0    1    2    3
    3    3    2    1
   11   11    2    1

   53.235856   24.069480   10.882513    4.920301    2.224611
    1.005811    0.607975    0.454757    0.205609    0.134187
    0.092962

   -0.00017300    0.00000000    0.00000000
    0.00151800    0.00000000    0.00000000
   -0.01538400    0.00000000    0.00000000
    0.13681600    0.00000000    0.00000000
   -0.39461000    0.00000000    0.00000000
   -0.13955900    0.00000000    0.00000000
    0.00000000    1.00000000    0.00000000
    0.50733100    0.00000000    0.00000000
    0.58687500    0.00000000    0.00000000
    0.00000000    0.00000000    1.00000000
    0.17717000    0.00000000    0.00000000

   25.056177   11.673683    5.438773    2.533927    1.180557
    0.550022    0.256256    0.147697    0.119390    0.069503
    0.055624

   -0.00015300    0.00000000    0.00000000
    0.00033200    0.00000000    0.00000000
    0.01417500    0.00000000    0.00000000
   -0.10389300    0.00000000    0.00000000
   -0.00813400    0.00000000    0.00000000
    0.28490400    0.00000000    0.00000000
    0.42743700    0.00000000    0.00000000
    0.00000000    1.00000000    0.00000000
    0.33406600    0.00000000    0.00000000
    0.00000000    0.00000000    1.00000000
    0.11234000    0.00000000    0.00000000

    0.525911    0.209516

    1.00000000    0.00000000
    0.00000000    1.00000000

    0.478915

    1.00000000

