
Ba:aug-cc-pCV5Z-ccECP
ccECP aug-cc-pCV5Z for Ba | source recipes/Ba/ccECP/Ba.aug-cc-pCV5Z.gamess | ccECP from Omar Madany et al. Journal of Chemical Physics (2025) https://doi.org/10.1063/5.0285320

  6
    0    1    2    3    4    5
   13   13    9    7    5    3
   24   24    9    7    5    3

   67.973912   34.022274   17.028814    8.523255    5.116014
    4.266056    2.804798    2.135245    1.537699    1.068732
    0.843027    0.534921    0.462180    0.267739    0.245999
    0.134008    0.102821    0.067074    0.042976    0.033572
    0.017963    0.016803    0.007508    0.003003

    -0.000045     0.000033   0.00000000   0.00000000   0.00000000   0.00000000
   0.00000000   0.00000000   0.00000000   0.00000000   0.00000000   0.00000000
   0.00000000
     0.000327    -0.000210   0.00000000   0.00000000   0.00000000   0.00000000
   0.00000000   0.00000000   0.00000000   0.00000000   0.00000000   0.00000000
   0.00000000
    -0.000651     0.000600   0.00000000   0.00000000   0.00000000   0.00000000
   0.00000000   0.00000000   0.00000000   0.00000000   0.00000000   0.00000000
   0.00000000
    -0.029522     0.008376   0.00000000   0.00000000   0.00000000   0.00000000
   0.00000000   0.00000000   0.00000000   0.00000000   0.00000000   0.00000000
   0.00000000
   0.00000000   0.00000000   0.00000000   0.00000000   0.00000000   0.00000000
   0.00000000   0.00000000     1.000000   0.00000000   0.00000000   0.00000000
   0.00000000
     0.291036    -0.094714   0.00000000   0.00000000   0.00000000   0.00000000
   0.00000000   0.00000000   0.00000000   0.00000000   0.00000000   0.00000000
   0.00000000
   0.00000000   0.00000000   0.00000000   0.00000000   0.00000000   0.00000000
   0.00000000   0.00000000   0.00000000     1.000000   0.00000000   0.00000000
   0.00000000
    -0.658489     0.231389   0.00000000   0.00000000   0.00000000   0.00000000
   0.00000000   0.00000000   0.00000000   0.00000000   0.00000000   0.00000000
   0.00000000
   0.00000000   0.00000000   0.00000000   0.00000000   0.00000000   0.00000000
   0.00000000   0.00000000   0.00000000   0.00000000     1.000000   0.00000000
   0.00000000
    -0.240330     0.070963   0.00000000   0.00000000   0.00000000   0.00000000
   0.00000000   0.00000000   0.00000000   0.00000000   0.00000000   0.00000000
   0.00000000
   0.00000000   0.00000000   0.00000000   0.00000000   0.00000000   0.00000000
   0.00000000   0.00000000   0.00000000   0.00000000   0.00000000     1.000000
   0.00000000
     0.719685    -0.276559   0.00000000   0.00000000   0.00000000   0.00000000
   0.00000000   0.00000000   0.00000000   0.00000000   0.00000000   0.00000000
   0.00000000
   0.00000000   0.00000000   0.00000000   0.00000000   0.00000000   0.00000000
   0.00000000   0.00000000   0.00000000   0.00000000   0.00000000   0.00000000
     1.000000
     0.618011    -0.392105   0.00000000   0.00000000   0.00000000   0.00000000
   0.00000000   0.00000000   0.00000000   0.00000000   0.00000000   0.00000000
   0.00000000
   0.00000000   0.00000000     1.000000   0.00000000   0.00000000   0.00000000
   0.00000000   0.00000000   0.00000000   0.00000000   0.00000000   0.00000000
   0.00000000
     0.094156    -0.176243   0.00000000   0.00000000   0.00000000   0.00000000
   0.00000000   0.00000000   0.00000000   0.00000000   0.00000000   0.00000000
   0.00000000
   0.00000000   0.00000000   0.00000000     1.000000   0.00000000   0.00000000
   0.00000000   0.00000000   0.00000000   0.00000000   0.00000000   0.00000000
   0.00000000
     0.000416     0.360438   0.00000000   0.00000000   0.00000000   0.00000000
   0.00000000   0.00000000   0.00000000   0.00000000   0.00000000   0.00000000
   0.00000000
   0.00000000   0.00000000   0.00000000   0.00000000     1.000000   0.00000000
   0.00000000   0.00000000   0.00000000   0.00000000   0.00000000   0.00000000
   0.00000000
     0.000265     0.635960   0.00000000   0.00000000   0.00000000   0.00000000
   0.00000000   0.00000000   0.00000000   0.00000000   0.00000000   0.00000000
   0.00000000
   0.00000000   0.00000000   0.00000000   0.00000000   0.00000000     1.000000
   0.00000000   0.00000000   0.00000000   0.00000000   0.00000000   0.00000000
   0.00000000
    -0.000021     0.295236   0.00000000   0.00000000   0.00000000   0.00000000
   0.00000000   0.00000000   0.00000000   0.00000000   0.00000000   0.00000000
   0.00000000
   0.00000000   0.00000000   0.00000000   0.00000000   0.00000000   0.00000000
     1.000000   0.00000000   0.00000000   0.00000000   0.00000000   0.00000000
   0.00000000
   0.00000000   0.00000000   0.00000000   0.00000000   0.00000000   0.00000000
   0.00000000     1.000000   0.00000000   0.00000000   0.00000000   0.00000000
   0.00000000

   51.556510   25.585122   12.696718    6.300797    3.420439
    3.126795    2.183996    1.551685    1.394511    0.890414
    0.770030    0.568541    0.382130    0.356000    0.189634
    0.146229    0.094106    0.060064    0.046701    0.024672
    0.023175    0.011501    0.010134    0.004054

     0.000430    -0.000005   0.00000000   0.00000000   0.00000000   0.00000000
   0.00000000   0.00000000   0.00000000   0.00000000   0.00000000   0.00000000
   0.00000000
    -0.002077     0.000032   0.00000000   0.00000000   0.00000000   0.00000000
   0.00000000   0.00000000   0.00000000   0.00000000   0.00000000   0.00000000
   0.00000000
     0.003107     0.000345   0.00000000   0.00000000   0.00000000   0.00000000
   0.00000000   0.00000000   0.00000000   0.00000000   0.00000000   0.00000000
   0.00000000
     0.025070    -0.005559   0.00000000   0.00000000   0.00000000   0.00000000
   0.00000000   0.00000000   0.00000000   0.00000000   0.00000000   0.00000000
   0.00000000
   0.00000000   0.00000000   0.00000000   0.00000000   0.00000000   0.00000000
   0.00000000   0.00000000     1.000000   0.00000000   0.00000000   0.00000000
   0.00000000
    -0.078547     0.016214   0.00000000   0.00000000   0.00000000   0.00000000
   0.00000000   0.00000000   0.00000000   0.00000000   0.00000000   0.00000000
   0.00000000
   0.00000000   0.00000000   0.00000000   0.00000000   0.00000000   0.00000000
   0.00000000   0.00000000   0.00000000     1.000000   0.00000000   0.00000000
   0.00000000
    -0.196224     0.017328   0.00000000   0.00000000   0.00000000   0.00000000
   0.00000000   0.00000000   0.00000000   0.00000000   0.00000000   0.00000000
   0.00000000
   0.00000000   0.00000000   0.00000000   0.00000000   0.00000000   0.00000000
   0.00000000   0.00000000   0.00000000   0.00000000     1.000000   0.00000000
   0.00000000
   0.00000000   0.00000000   0.00000000   0.00000000   0.00000000   0.00000000
   0.00000000   0.00000000   0.00000000   0.00000000   0.00000000     1.000000
   0.00000000
     0.277489    -0.020762   0.00000000   0.00000000   0.00000000   0.00000000
   0.00000000   0.00000000   0.00000000   0.00000000   0.00000000   0.00000000
   0.00000000
   0.00000000   0.00000000   0.00000000   0.00000000   0.00000000   0.00000000
   0.00000000   0.00000000   0.00000000   0.00000000   0.00000000   0.00000000
     1.000000
     0.569529    -0.138336   0.00000000   0.00000000   0.00000000   0.00000000
   0.00000000   0.00000000   0.00000000   0.00000000   0.00000000   0.00000000
   0.00000000
   0.00000000   0.00000000     1.000000   0.00000000   0.00000000   0.00000000
   0.00000000   0.00000000   0.00000000   0.00000000   0.00000000   0.00000000
   0.00000000
     0.311229     0.024286   0.00000000   0.00000000   0.00000000   0.00000000
   0.00000000   0.00000000   0.00000000   0.00000000   0.00000000   0.00000000
   0.00000000
   0.00000000   0.00000000   0.00000000     1.000000   0.00000000   0.00000000
   0.00000000   0.00000000   0.00000000   0.00000000   0.00000000   0.00000000
   0.00000000
     0.050624    -0.190407   0.00000000   0.00000000   0.00000000   0.00000000
   0.00000000   0.00000000   0.00000000   0.00000000   0.00000000   0.00000000
   0.00000000
   0.00000000   0.00000000   0.00000000   0.00000000     1.000000   0.00000000
   0.00000000   0.00000000   0.00000000   0.00000000   0.00000000   0.00000000
   0.00000000
     0.004362     0.566607   0.00000000   0.00000000   0.00000000   0.00000000
   0.00000000   0.00000000   0.00000000   0.00000000   0.00000000   0.00000000
   0.00000000
   0.00000000   0.00000000   0.00000000   0.00000000   0.00000000     1.000000
   0.00000000   0.00000000   0.00000000   0.00000000   0.00000000   0.00000000
   0.00000000
     0.000745    -0.514698   0.00000000   0.00000000   0.00000000   0.00000000
   0.00000000   0.00000000   0.00000000   0.00000000   0.00000000   0.00000000
   0.00000000
    -0.000034     1.171803   0.00000000   0.00000000   0.00000000   0.00000000
   0.00000000   0.00000000   0.00000000   0.00000000   0.00000000   0.00000000
   0.00000000
   0.00000000   0.00000000   0.00000000   0.00000000   0.00000000   0.00000000
     1.000000   0.00000000   0.00000000   0.00000000   0.00000000   0.00000000
   0.00000000
   0.00000000   0.00000000   0.00000000   0.00000000   0.00000000   0.00000000
   0.00000000     1.000000   0.00000000   0.00000000   0.00000000   0.00000000
   0.00000000

    4.020101    2.174474    1.176174    0.636193    0.562081
    0.215889    0.082921    0.031849    0.012740

   0.00000000   0.00000000   0.00000000   0.00000000   0.00000000     1.000000
   0.00000000   0.00000000   0.00000000
   0.00000000   0.00000000   0.00000000   0.00000000   0.00000000   0.00000000
     1.000000   0.00000000   0.00000000
   0.00000000   0.00000000   0.00000000   0.00000000   0.00000000   0.00000000
   0.00000000     1.000000   0.00000000
   0.00000000   0.00000000   0.00000000   0.00000000   0.00000000   0.00000000
   0.00000000   0.00000000     1.000000
     1.000000   0.00000000   0.00000000   0.00000000   0.00000000   0.00000000
   0.00000000   0.00000000   0.00000000
   0.00000000     1.000000   0.00000000   0.00000000   0.00000000   0.00000000
   0.00000000   0.00000000   0.00000000
   0.00000000   0.00000000     1.000000   0.00000000   0.00000000   0.00000000
   0.00000000   0.00000000   0.00000000
   0.00000000   0.00000000   0.00000000     1.000000   0.00000000   0.00000000
   0.00000000   0.00000000   0.00000000
   0.00000000   0.00000000   0.00000000   0.00000000     1.000000   0.00000000
   0.00000000   0.00000000   0.00000000

    6.645074    2.586177    1.006507    0.659915    0.253759
    0.097579    0.039032

   0.00000000   0.00000000   0.00000000   0.00000000     1.000000   0.00000000
   0.00000000
   0.00000000   0.00000000   0.00000000   0.00000000   0.00000000     1.000000
   0.00000000
   0.00000000   0.00000000   0.00000000   0.00000000   0.00000000   0.00000000
     1.000000
     1.000000   0.00000000   0.00000000   0.00000000   0.00000000   0.00000000
   0.00000000
   0.00000000     1.000000   0.00000000   0.00000000   0.00000000   0.00000000
   0.00000000
   0.00000000   0.00000000     1.000000   0.00000000   0.00000000   0.00000000
   0.00000000
   0.00000000   0.00000000   0.00000000     1.000000   0.00000000   0.00000000
   0.00000000

    1.789235    0.860203    0.616599    0.236794    0.094718

   0.00000000   0.00000000   0.00000000     1.000000   0.00000000
   0.00000000   0.00000000   0.00000000   0.00000000     1.000000
     1.000000   0.00000000   0.00000000   0.00000000   0.00000000
   0.00000000     1.000000   0.00000000   0.00000000   0.00000000
   0.00000000   0.00000000     1.000000   0.00000000   0.00000000

    0.893605    0.111447    0.044579

   0.00000000   0.00000000     1.000000
     1.000000   0.00000000   0.00000000
   0.00000000     1.000000   0.00000000

Ba:aug-cc-pCVDZ-ccECP
ccECP aug-cc-pCVDZ for Ba | source recipes/Ba/ccECP/Ba.aug-cc-pCVDZ.gamess | ccECP from Omar Madany et al. Journal of Chemical Physics (2025) https://doi.org/10.1063/5.0285320

  3
    0    1    2
    7    7    3
   18   18    3

   67.973912   34.022274   17.028814    8.523255    4.266056
    2.135245    1.399790    1.068732    0.932433    0.534921
    0.267739    0.134008    0.109303    0.067074    0.033572
    0.021537    0.016803    0.008615

    -0.000045     0.000033   0.00000000   0.00000000   0.00000000   0.00000000
   0.00000000
     0.000327    -0.000210   0.00000000   0.00000000   0.00000000   0.00000000
   0.00000000
    -0.000651     0.000600   0.00000000   0.00000000   0.00000000   0.00000000
   0.00000000
    -0.029522     0.008376   0.00000000   0.00000000   0.00000000   0.00000000
   0.00000000
     0.291036    -0.094714   0.00000000   0.00000000   0.00000000   0.00000000
   0.00000000
    -0.658489     0.231389   0.00000000   0.00000000   0.00000000   0.00000000
   0.00000000
   0.00000000   0.00000000   0.00000000   0.00000000   0.00000000     1.000000
   0.00000000
    -0.240330     0.070963   0.00000000   0.00000000   0.00000000   0.00000000
   0.00000000
   0.00000000   0.00000000   0.00000000   0.00000000   0.00000000   0.00000000
     1.000000
     0.719685    -0.276559   0.00000000   0.00000000   0.00000000   0.00000000
   0.00000000
     0.618011    -0.392105   0.00000000   0.00000000   0.00000000   0.00000000
   0.00000000
     0.094156    -0.176243   0.00000000   0.00000000   0.00000000   0.00000000
   0.00000000
   0.00000000   0.00000000     1.000000   0.00000000   0.00000000   0.00000000
   0.00000000
     0.000416     0.360438   0.00000000   0.00000000   0.00000000   0.00000000
   0.00000000
     0.000265     0.635960   0.00000000   0.00000000   0.00000000   0.00000000
   0.00000000
   0.00000000   0.00000000   0.00000000     1.000000   0.00000000   0.00000000
   0.00000000
    -0.000021     0.295236   0.00000000   0.00000000   0.00000000   0.00000000
   0.00000000
   0.00000000   0.00000000   0.00000000   0.00000000     1.000000   0.00000000
   0.00000000

   51.556510   25.585122   12.696718    6.300797    3.126795
    1.551685    0.819348    0.770030    0.382130    0.265892
    0.189634    0.096431    0.094106    0.050820    0.046701
    0.023175    0.020328    0.011501

     0.000430    -0.000005   0.00000000   0.00000000   0.00000000   0.00000000
   0.00000000
    -0.002077     0.000032   0.00000000   0.00000000   0.00000000   0.00000000
   0.00000000
     0.003107     0.000345   0.00000000   0.00000000   0.00000000   0.00000000
   0.00000000
     0.025070    -0.005559   0.00000000   0.00000000   0.00000000   0.00000000
   0.00000000
    -0.078547     0.016214   0.00000000   0.00000000   0.00000000   0.00000000
   0.00000000
    -0.196224     0.017328   0.00000000   0.00000000   0.00000000   0.00000000
   0.00000000
   0.00000000   0.00000000   0.00000000   0.00000000   0.00000000     1.000000
   0.00000000
     0.277489    -0.020762   0.00000000   0.00000000   0.00000000   0.00000000
   0.00000000
     0.569529    -0.138336   0.00000000   0.00000000   0.00000000   0.00000000
   0.00000000
   0.00000000   0.00000000   0.00000000   0.00000000   0.00000000   0.00000000
     1.000000
     0.311229     0.024286   0.00000000   0.00000000   0.00000000   0.00000000
   0.00000000
   0.00000000   0.00000000     1.000000   0.00000000   0.00000000   0.00000000
   0.00000000
     0.050624    -0.190407   0.00000000   0.00000000   0.00000000   0.00000000
   0.00000000
   0.00000000   0.00000000   0.00000000     1.000000   0.00000000   0.00000000
   0.00000000
     0.004362     0.566607   0.00000000   0.00000000   0.00000000   0.00000000
   0.00000000
     0.000745    -0.514698   0.00000000   0.00000000   0.00000000   0.00000000
   0.00000000
   0.00000000   0.00000000   0.00000000   0.00000000     1.000000   0.00000000
   0.00000000
    -0.000034     1.171803   0.00000000   0.00000000   0.00000000   0.00000000
   0.00000000

    0.483909    0.096474    0.038590

   0.00000000   0.00000000     1.000000
     1.000000   0.00000000   0.00000000
   0.00000000     1.000000   0.00000000

Ba:aug-cc-pCVQZ-ccECP
ccECP aug-cc-pCVQZ for Ba | source recipes/Ba/ccECP/Ba.aug-cc-pCVQZ.gamess | ccECP from Omar Madany et al. Journal of Chemical Physics (2025) https://doi.org/10.1063/5.0285320

  5
    0    1    2    3    4
   11   11    7    5    3
   22   22    7    5    3

   67.973912   34.022274   17.028814    8.523255    4.266056
    2.591743    2.135245    1.427236    1.068732    0.785958
    0.534921    0.432816    0.267739    0.134008    0.106232
    0.067074    0.047549    0.033572    0.021283    0.016803
    0.009526    0.003810

    -0.000045     0.000033   0.00000000   0.00000000   0.00000000   0.00000000
   0.00000000   0.00000000   0.00000000   0.00000000   0.00000000
     0.000327    -0.000210   0.00000000   0.00000000   0.00000000   0.00000000
   0.00000000   0.00000000   0.00000000   0.00000000   0.00000000
    -0.000651     0.000600   0.00000000   0.00000000   0.00000000   0.00000000
   0.00000000   0.00000000   0.00000000   0.00000000   0.00000000
    -0.029522     0.008376   0.00000000   0.00000000   0.00000000   0.00000000
   0.00000000   0.00000000   0.00000000   0.00000000   0.00000000
     0.291036    -0.094714   0.00000000   0.00000000   0.00000000   0.00000000
   0.00000000   0.00000000   0.00000000   0.00000000   0.00000000
   0.00000000   0.00000000   0.00000000   0.00000000   0.00000000   0.00000000
   0.00000000     1.000000   0.00000000   0.00000000   0.00000000
    -0.658489     0.231389   0.00000000   0.00000000   0.00000000   0.00000000
   0.00000000   0.00000000   0.00000000   0.00000000   0.00000000
   0.00000000   0.00000000   0.00000000   0.00000000   0.00000000   0.00000000
   0.00000000   0.00000000     1.000000   0.00000000   0.00000000
    -0.240330     0.070963   0.00000000   0.00000000   0.00000000   0.00000000
   0.00000000   0.00000000   0.00000000   0.00000000   0.00000000
   0.00000000   0.00000000   0.00000000   0.00000000   0.00000000   0.00000000
   0.00000000   0.00000000   0.00000000     1.000000   0.00000000
     0.719685    -0.276559   0.00000000   0.00000000   0.00000000   0.00000000
   0.00000000   0.00000000   0.00000000   0.00000000   0.00000000
   0.00000000   0.00000000   0.00000000   0.00000000   0.00000000   0.00000000
   0.00000000   0.00000000   0.00000000   0.00000000     1.000000
     0.618011    -0.392105   0.00000000   0.00000000   0.00000000   0.00000000
   0.00000000   0.00000000   0.00000000   0.00000000   0.00000000
     0.094156    -0.176243   0.00000000   0.00000000   0.00000000   0.00000000
   0.00000000   0.00000000   0.00000000   0.00000000   0.00000000
   0.00000000   0.00000000     1.000000   0.00000000   0.00000000   0.00000000
   0.00000000   0.00000000   0.00000000   0.00000000   0.00000000
     0.000416     0.360438   0.00000000   0.00000000   0.00000000   0.00000000
   0.00000000   0.00000000   0.00000000   0.00000000   0.00000000
   0.00000000   0.00000000   0.00000000     1.000000   0.00000000   0.00000000
   0.00000000   0.00000000   0.00000000   0.00000000   0.00000000
     0.000265     0.635960   0.00000000   0.00000000   0.00000000   0.00000000
   0.00000000   0.00000000   0.00000000   0.00000000   0.00000000
   0.00000000   0.00000000   0.00000000   0.00000000     1.000000   0.00000000
   0.00000000   0.00000000   0.00000000   0.00000000   0.00000000
    -0.000021     0.295236   0.00000000   0.00000000   0.00000000   0.00000000
   0.00000000   0.00000000   0.00000000   0.00000000   0.00000000
   0.00000000   0.00000000   0.00000000   0.00000000   0.00000000     1.000000
   0.00000000   0.00000000   0.00000000   0.00000000   0.00000000
   0.00000000   0.00000000   0.00000000   0.00000000   0.00000000   0.00000000
     1.000000   0.00000000   0.00000000   0.00000000   0.00000000

   51.556510   25.585122   12.696718    6.300797    3.126795
    2.160028    1.551685    1.386993    0.890613    0.770030
    0.571879    0.382130    0.378294    0.189634    0.171461
    0.094106    0.077715    0.046701    0.035224    0.023175
    0.014090    0.011501

     0.000430    -0.000005   0.00000000   0.00000000   0.00000000   0.00000000
   0.00000000   0.00000000   0.00000000   0.00000000   0.00000000
    -0.002077     0.000032   0.00000000   0.00000000   0.00000000   0.00000000
   0.00000000   0.00000000   0.00000000   0.00000000   0.00000000
     0.003107     0.000345   0.00000000   0.00000000   0.00000000   0.00000000
   0.00000000   0.00000000   0.00000000   0.00000000   0.00000000
     0.025070    -0.005559   0.00000000   0.00000000   0.00000000   0.00000000
   0.00000000   0.00000000   0.00000000   0.00000000   0.00000000
    -0.078547     0.016214   0.00000000   0.00000000   0.00000000   0.00000000
   0.00000000   0.00000000   0.00000000   0.00000000   0.00000000
   0.00000000   0.00000000   0.00000000   0.00000000   0.00000000   0.00000000
   0.00000000     1.000000   0.00000000   0.00000000   0.00000000
    -0.196224     0.017328   0.00000000   0.00000000   0.00000000   0.00000000
   0.00000000   0.00000000   0.00000000   0.00000000   0.00000000
   0.00000000   0.00000000   0.00000000   0.00000000   0.00000000   0.00000000
   0.00000000   0.00000000     1.000000   0.00000000   0.00000000
   0.00000000   0.00000000   0.00000000   0.00000000   0.00000000   0.00000000
   0.00000000   0.00000000   0.00000000     1.000000   0.00000000
     0.277489    -0.020762   0.00000000   0.00000000   0.00000000   0.00000000
   0.00000000   0.00000000   0.00000000   0.00000000   0.00000000
   0.00000000   0.00000000   0.00000000   0.00000000   0.00000000   0.00000000
   0.00000000   0.00000000   0.00000000   0.00000000     1.000000
     0.569529    -0.138336   0.00000000   0.00000000   0.00000000   0.00000000
   0.00000000   0.00000000   0.00000000   0.00000000   0.00000000
   0.00000000   0.00000000     1.000000   0.00000000   0.00000000   0.00000000
   0.00000000   0.00000000   0.00000000   0.00000000   0.00000000
     0.311229     0.024286   0.00000000   0.00000000   0.00000000   0.00000000
   0.00000000   0.00000000   0.00000000   0.00000000   0.00000000
   0.00000000   0.00000000   0.00000000     1.000000   0.00000000   0.00000000
   0.00000000   0.00000000   0.00000000   0.00000000   0.00000000
     0.050624    -0.190407   0.00000000   0.00000000   0.00000000   0.00000000
   0.00000000   0.00000000   0.00000000   0.00000000   0.00000000
   0.00000000   0.00000000   0.00000000   0.00000000     1.000000   0.00000000
   0.00000000   0.00000000   0.00000000   0.00000000   0.00000000
     0.004362     0.566607   0.00000000   0.00000000   0.00000000   0.00000000
   0.00000000   0.00000000   0.00000000   0.00000000   0.00000000
   0.00000000   0.00000000   0.00000000   0.00000000   0.00000000     1.000000
   0.00000000   0.00000000   0.00000000   0.00000000   0.00000000
     0.000745    -0.514698   0.00000000   0.00000000   0.00000000   0.00000000
   0.00000000   0.00000000   0.00000000   0.00000000   0.00000000
   0.00000000   0.00000000   0.00000000   0.00000000   0.00000000   0.00000000
     1.000000   0.00000000   0.00000000   0.00000000   0.00000000
    -0.000034     1.171803   0.00000000   0.00000000   0.00000000   0.00000000
   0.00000000   0.00000000   0.00000000   0.00000000   0.00000000

    2.319098    1.206808    0.627997    0.496037    0.171546
    0.059326    0.023730

   0.00000000   0.00000000   0.00000000   0.00000000     1.000000   0.00000000
   0.00000000
   0.00000000   0.00000000   0.00000000   0.00000000   0.00000000     1.000000
   0.00000000
   0.00000000   0.00000000   0.00000000   0.00000000   0.00000000   0.00000000
     1.000000
     1.000000   0.00000000   0.00000000   0.00000000   0.00000000   0.00000000
   0.00000000
   0.00000000     1.000000   0.00000000   0.00000000   0.00000000   0.00000000
   0.00000000
   0.00000000   0.00000000     1.000000   0.00000000   0.00000000   0.00000000
   0.00000000
   0.00000000   0.00000000   0.00000000     1.000000   0.00000000   0.00000000
   0.00000000

    2.299676    0.893575    0.473551    0.102321    0.040928

   0.00000000   0.00000000   0.00000000     1.000000   0.00000000
   0.00000000   0.00000000   0.00000000   0.00000000     1.000000
     1.000000   0.00000000   0.00000000   0.00000000   0.00000000
   0.00000000     1.000000   0.00000000   0.00000000   0.00000000
   0.00000000   0.00000000     1.000000   0.00000000   0.00000000

    0.768938    0.126215    0.050486

   0.00000000   0.00000000     1.000000
     1.000000   0.00000000   0.00000000
   0.00000000     1.000000   0.00000000

Ba:aug-cc-pCVTZ-ccECP
ccECP aug-cc-pCVTZ for Ba | source recipes/Ba/ccECP/Ba.aug-cc-pCVTZ.gamess | ccECP from Omar Madany et al. Journal of Chemical Physics (2025) https://doi.org/10.1063/5.0285320

  4
    0    1    2    3
    9    9    5    3
   20   20    5    3

   67.973912   34.022274   17.028814    8.523255    4.487190
    4.266056    2.135245    1.886760    1.068732    0.793339
    0.534921    0.267739    0.134008    0.086805    0.067074
    0.040914    0.033572    0.019284    0.016803    0.007714

    -0.000045     0.000033   0.00000000   0.00000000   0.00000000   0.00000000
   0.00000000   0.00000000   0.00000000
     0.000327    -0.000210   0.00000000   0.00000000   0.00000000   0.00000000
   0.00000000   0.00000000   0.00000000
    -0.000651     0.000600   0.00000000   0.00000000   0.00000000   0.00000000
   0.00000000   0.00000000   0.00000000
    -0.029522     0.008376   0.00000000   0.00000000   0.00000000   0.00000000
   0.00000000   0.00000000   0.00000000
   0.00000000   0.00000000   0.00000000   0.00000000   0.00000000   0.00000000
     1.000000   0.00000000   0.00000000
     0.291036    -0.094714   0.00000000   0.00000000   0.00000000   0.00000000
   0.00000000   0.00000000   0.00000000
    -0.658489     0.231389   0.00000000   0.00000000   0.00000000   0.00000000
   0.00000000   0.00000000   0.00000000
   0.00000000   0.00000000   0.00000000   0.00000000   0.00000000   0.00000000
   0.00000000     1.000000   0.00000000
    -0.240330     0.070963   0.00000000   0.00000000   0.00000000   0.00000000
   0.00000000   0.00000000   0.00000000
   0.00000000   0.00000000   0.00000000   0.00000000   0.00000000   0.00000000
   0.00000000   0.00000000     1.000000
     0.719685    -0.276559   0.00000000   0.00000000   0.00000000   0.00000000
   0.00000000   0.00000000   0.00000000
     0.618011    -0.392105   0.00000000   0.00000000   0.00000000   0.00000000
   0.00000000   0.00000000   0.00000000
     0.094156    -0.176243   0.00000000   0.00000000   0.00000000   0.00000000
   0.00000000   0.00000000   0.00000000
   0.00000000   0.00000000     1.000000   0.00000000   0.00000000   0.00000000
   0.00000000   0.00000000   0.00000000
     0.000416     0.360438   0.00000000   0.00000000   0.00000000   0.00000000
   0.00000000   0.00000000   0.00000000
   0.00000000   0.00000000   0.00000000     1.000000   0.00000000   0.00000000
   0.00000000   0.00000000   0.00000000
     0.000265     0.635960   0.00000000   0.00000000   0.00000000   0.00000000
   0.00000000   0.00000000   0.00000000
   0.00000000   0.00000000   0.00000000   0.00000000     1.000000   0.00000000
   0.00000000   0.00000000   0.00000000
    -0.000021     0.295236   0.00000000   0.00000000   0.00000000   0.00000000
   0.00000000   0.00000000   0.00000000
   0.00000000   0.00000000   0.00000000   0.00000000   0.00000000     1.000000
   0.00000000   0.00000000   0.00000000

   51.556510   25.585122   12.696718    6.300797    3.126795
    2.259075    1.551685    1.072762    0.770030    0.509420
    0.382130    0.266261    0.189634    0.105431    0.094106
    0.046701    0.041747    0.023175    0.016699    0.011501

     0.000430    -0.000005   0.00000000   0.00000000   0.00000000   0.00000000
   0.00000000   0.00000000   0.00000000
    -0.002077     0.000032   0.00000000   0.00000000   0.00000000   0.00000000
   0.00000000   0.00000000   0.00000000
     0.003107     0.000345   0.00000000   0.00000000   0.00000000   0.00000000
   0.00000000   0.00000000   0.00000000
     0.025070    -0.005559   0.00000000   0.00000000   0.00000000   0.00000000
   0.00000000   0.00000000   0.00000000
    -0.078547     0.016214   0.00000000   0.00000000   0.00000000   0.00000000
   0.00000000   0.00000000   0.00000000
   0.00000000   0.00000000   0.00000000   0.00000000   0.00000000   0.00000000
     1.000000   0.00000000   0.00000000
    -0.196224     0.017328   0.00000000   0.00000000   0.00000000   0.00000000
   0.00000000   0.00000000   0.00000000
   0.00000000   0.00000000   0.00000000   0.00000000   0.00000000   0.00000000
   0.00000000     1.000000   0.00000000
     0.277489    -0.020762   0.00000000   0.00000000   0.00000000   0.00000000
   0.00000000   0.00000000   0.00000000
   0.00000000   0.00000000   0.00000000   0.00000000   0.00000000   0.00000000
   0.00000000   0.00000000     1.000000
     0.569529    -0.138336   0.00000000   0.00000000   0.00000000   0.00000000
   0.00000000   0.00000000   0.00000000
   0.00000000   0.00000000     1.000000   0.00000000   0.00000000   0.00000000
   0.00000000   0.00000000   0.00000000
     0.311229     0.024286   0.00000000   0.00000000   0.00000000   0.00000000
   0.00000000   0.00000000   0.00000000
   0.00000000   0.00000000   0.00000000     1.000000   0.00000000   0.00000000
   0.00000000   0.00000000   0.00000000
     0.050624    -0.190407   0.00000000   0.00000000   0.00000000   0.00000000
   0.00000000   0.00000000   0.00000000
     0.004362     0.566607   0.00000000   0.00000000   0.00000000   0.00000000
   0.00000000   0.00000000   0.00000000
   0.00000000   0.00000000   0.00000000   0.00000000     1.000000   0.00000000
   0.00000000   0.00000000   0.00000000
     0.000745    -0.514698   0.00000000   0.00000000   0.00000000   0.00000000
   0.00000000   0.00000000   0.00000000
   0.00000000   0.00000000   0.00000000   0.00000000   0.00000000     1.000000
   0.00000000   0.00000000   0.00000000
    -0.000034     1.171803   0.00000000   0.00000000   0.00000000   0.00000000
   0.00000000   0.00000000   0.00000000

    1.293076    0.759203    0.310335    0.074011    0.029604

   0.00000000   0.00000000   0.00000000     1.000000   0.00000000
   0.00000000   0.00000000   0.00000000   0.00000000     1.000000
     1.000000   0.00000000   0.00000000   0.00000000   0.00000000
   0.00000000     1.000000   0.00000000   0.00000000   0.00000000
   0.00000000   0.00000000     1.000000   0.00000000   0.00000000

    0.765743    0.114545    0.045818

   0.00000000   0.00000000     1.000000
     1.000000   0.00000000   0.00000000
   0.00000000     1.000000   0.00000000

Ba:aug-cc-pV5Z-ccECP
ccECP aug-cc-pV5Z for Ba | source recipes/Ba/ccECP/Ba.aug-cc-pV5Z.gamess | ccECP from Omar Madany et al. Journal of Chemical Physics (2025) https://doi.org/10.1063/5.0285320

  6
    0    1    2    3    4    5
    8    8    5    4    3    2
   19   19    5    4    3    2

   67.973912   34.022274   17.028814    8.523255    4.266056
    2.135245    1.068732    0.534921    0.267739    0.245999
    0.134008    0.102821    0.067074    0.042976    0.033572
    0.017963    0.016803    0.007508    0.003003

    -0.000045     0.000033   0.00000000   0.00000000   0.00000000   0.00000000
   0.00000000   0.00000000
     0.000327    -0.000210   0.00000000   0.00000000   0.00000000   0.00000000
   0.00000000   0.00000000
    -0.000651     0.000600   0.00000000   0.00000000   0.00000000   0.00000000
   0.00000000   0.00000000
    -0.029522     0.008376   0.00000000   0.00000000   0.00000000   0.00000000
   0.00000000   0.00000000
     0.291036    -0.094714   0.00000000   0.00000000   0.00000000   0.00000000
   0.00000000   0.00000000
    -0.658489     0.231389   0.00000000   0.00000000   0.00000000   0.00000000
   0.00000000   0.00000000
    -0.240330     0.070963   0.00000000   0.00000000   0.00000000   0.00000000
   0.00000000   0.00000000
     0.719685    -0.276559   0.00000000   0.00000000   0.00000000   0.00000000
   0.00000000   0.00000000
     0.618011    -0.392105   0.00000000   0.00000000   0.00000000   0.00000000
   0.00000000   0.00000000
   0.00000000   0.00000000     1.000000   0.00000000   0.00000000   0.00000000
   0.00000000   0.00000000
     0.094156    -0.176243   0.00000000   0.00000000   0.00000000   0.00000000
   0.00000000   0.00000000
   0.00000000   0.00000000   0.00000000     1.000000   0.00000000   0.00000000
   0.00000000   0.00000000
     0.000416     0.360438   0.00000000   0.00000000   0.00000000   0.00000000
   0.00000000   0.00000000
   0.00000000   0.00000000   0.00000000   0.00000000     1.000000   0.00000000
   0.00000000   0.00000000
     0.000265     0.635960   0.00000000   0.00000000   0.00000000   0.00000000
   0.00000000   0.00000000
   0.00000000   0.00000000   0.00000000   0.00000000   0.00000000     1.000000
   0.00000000   0.00000000
    -0.000021     0.295236   0.00000000   0.00000000   0.00000000   0.00000000
   0.00000000   0.00000000
   0.00000000   0.00000000   0.00000000   0.00000000   0.00000000   0.00000000
     1.000000   0.00000000
   0.00000000   0.00000000   0.00000000   0.00000000   0.00000000   0.00000000
   0.00000000     1.000000

   51.556510   25.585122   12.696718    6.300797    3.126795
    1.551685    0.770030    0.382130    0.356000    0.189634
    0.146229    0.094106    0.060064    0.046701    0.024672
    0.023175    0.011501    0.010134    0.004054

     0.000430    -0.000005   0.00000000   0.00000000   0.00000000   0.00000000
   0.00000000   0.00000000
    -0.002077     0.000032   0.00000000   0.00000000   0.00000000   0.00000000
   0.00000000   0.00000000
     0.003107     0.000345   0.00000000   0.00000000   0.00000000   0.00000000
   0.00000000   0.00000000
     0.025070    -0.005559   0.00000000   0.00000000   0.00000000   0.00000000
   0.00000000   0.00000000
    -0.078547     0.016214   0.00000000   0.00000000   0.00000000   0.00000000
   0.00000000   0.00000000
    -0.196224     0.017328   0.00000000   0.00000000   0.00000000   0.00000000
   0.00000000   0.00000000
     0.277489    -0.020762   0.00000000   0.00000000   0.00000000   0.00000000
   0.00000000   0.00000000
     0.569529    -0.138336   0.00000000   0.00000000   0.00000000   0.00000000
   0.00000000   0.00000000
   0.00000000   0.00000000     1.000000   0.00000000   0.00000000   0.00000000
   0.00000000   0.00000000
     0.311229     0.024286   0.00000000   0.00000000   0.00000000   0.00000000
   0.00000000   0.00000000
   0.00000000   0.00000000   0.00000000     1.000000   0.00000000   0.00000000
   0.00000000   0.00000000
     0.050624    -0.190407   0.00000000   0.00000000   0.00000000   0.00000000
   0.00000000   0.00000000
   0.00000000   0.00000000   0.00000000   0.00000000     1.000000   0.00000000
   0.00000000   0.00000000
     0.004362     0.566607   0.00000000   0.00000000   0.00000000   0.00000000
   0.00000000   0.00000000
   0.00000000   0.00000000   0.00000000   0.00000000   0.00000000     1.000000
   0.00000000   0.00000000
     0.000745    -0.514698   0.00000000   0.00000000   0.00000000   0.00000000
   0.00000000   0.00000000
    -0.000034     1.171803   0.00000000   0.00000000   0.00000000   0.00000000
   0.00000000   0.00000000
   0.00000000   0.00000000   0.00000000   0.00000000   0.00000000   0.00000000
     1.000000   0.00000000
   0.00000000   0.00000000   0.00000000   0.00000000   0.00000000   0.00000000
   0.00000000     1.000000

    0.562081    0.215889    0.082921    0.031849    0.012740

     1.000000   0.00000000   0.00000000   0.00000000   0.00000000
   0.00000000     1.000000   0.00000000   0.00000000   0.00000000
   0.00000000   0.00000000     1.000000   0.00000000   0.00000000
   0.00000000   0.00000000   0.00000000     1.000000   0.00000000
   0.00000000   0.00000000   0.00000000   0.00000000     1.000000

    0.659915    0.253759    0.097579    0.039032

     1.000000   0.00000000   0.00000000   0.00000000
   0.00000000     1.000000   0.00000000   0.00000000
   0.00000000   0.00000000     1.000000   0.00000000
   0.00000000   0.00000000   0.00000000     1.000000

    0.616599    0.236794    0.094718

     1.000000   0.00000000   0.00000000
   0.00000000     1.000000   0.00000000
   0.00000000   0.00000000     1.000000

    0.111447    0.044579

     1.000000   0.00000000
   0.00000000     1.000000

Ba:aug-cc-pVDZ-ccECP
ccECP aug-cc-pVDZ for Ba | source recipes/Ba/ccECP/Ba.aug-cc-pVDZ.gamess | ccECP from Omar Madany et al. Journal of Chemical Physics (2025) https://doi.org/10.1063/5.0285320

  3
    0    1    2
    5    5    2
   16   16    2

   67.973912   34.022274   17.028814    8.523255    4.266056
    2.135245    1.068732    0.534921    0.267739    0.134008
    0.109303    0.067074    0.033572    0.021537    0.016803
    0.008615

    -0.000045     0.000033   0.00000000   0.00000000   0.00000000
     0.000327    -0.000210   0.00000000   0.00000000   0.00000000
    -0.000651     0.000600   0.00000000   0.00000000   0.00000000
    -0.029522     0.008376   0.00000000   0.00000000   0.00000000
     0.291036    -0.094714   0.00000000   0.00000000   0.00000000
    -0.658489     0.231389   0.00000000   0.00000000   0.00000000
    -0.240330     0.070963   0.00000000   0.00000000   0.00000000
     0.719685    -0.276559   0.00000000   0.00000000   0.00000000
     0.618011    -0.392105   0.00000000   0.00000000   0.00000000
     0.094156    -0.176243   0.00000000   0.00000000   0.00000000
   0.00000000   0.00000000     1.000000   0.00000000   0.00000000
     0.000416     0.360438   0.00000000   0.00000000   0.00000000
     0.000265     0.635960   0.00000000   0.00000000   0.00000000
   0.00000000   0.00000000   0.00000000     1.000000   0.00000000
    -0.000021     0.295236   0.00000000   0.00000000   0.00000000
   0.00000000   0.00000000   0.00000000   0.00000000     1.000000

   51.556510   25.585122   12.696718    6.300797    3.126795
    1.551685    0.770030    0.382130    0.189634    0.096431
    0.094106    0.050820    0.046701    0.023175    0.020328
    0.011501

     0.000430    -0.000005   0.00000000   0.00000000   0.00000000
    -0.002077     0.000032   0.00000000   0.00000000   0.00000000
     0.003107     0.000345   0.00000000   0.00000000   0.00000000
     0.025070    -0.005559   0.00000000   0.00000000   0.00000000
    -0.078547     0.016214   0.00000000   0.00000000   0.00000000
    -0.196224     0.017328   0.00000000   0.00000000   0.00000000
     0.277489    -0.020762   0.00000000   0.00000000   0.00000000
     0.569529    -0.138336   0.00000000   0.00000000   0.00000000
     0.311229     0.024286   0.00000000   0.00000000   0.00000000
   0.00000000   0.00000000     1.000000   0.00000000   0.00000000
     0.050624    -0.190407   0.00000000   0.00000000   0.00000000
   0.00000000   0.00000000   0.00000000     1.000000   0.00000000
     0.004362     0.566607   0.00000000   0.00000000   0.00000000
     0.000745    -0.514698   0.00000000   0.00000000   0.00000000
   0.00000000   0.00000000   0.00000000   0.00000000     1.000000
    -0.000034     1.171803   0.00000000   0.00000000   0.00000000

    0.096474    0.038590

     1.000000   0.00000000
   0.00000000     1.000000

Ba:aug-cc-pVQZ-ccECP
ccECP aug-cc-pVQZ for Ba | source recipes/Ba/ccECP/Ba.aug-cc-pVQZ.gamess | ccECP from Omar Madany et al. Journal of Chemical Physics (2025) https://doi.org/10.1063/5.0285320

  5
    0    1    2    3    4
    7    7    4    3    2
   18   18    4    3    2

   67.973912   34.022274   17.028814    8.523255    4.266056
    2.135245    1.068732    0.534921    0.267739    0.134008
    0.106232    0.067074    0.047549    0.033572    0.021283
    0.016803    0.009526    0.003810

    -0.000045     0.000033   0.00000000   0.00000000   0.00000000   0.00000000
   0.00000000
     0.000327    -0.000210   0.00000000   0.00000000   0.00000000   0.00000000
   0.00000000
    -0.000651     0.000600   0.00000000   0.00000000   0.00000000   0.00000000
   0.00000000
    -0.029522     0.008376   0.00000000   0.00000000   0.00000000   0.00000000
   0.00000000
     0.291036    -0.094714   0.00000000   0.00000000   0.00000000   0.00000000
   0.00000000
    -0.658489     0.231389   0.00000000   0.00000000   0.00000000   0.00000000
   0.00000000
    -0.240330     0.070963   0.00000000   0.00000000   0.00000000   0.00000000
   0.00000000
     0.719685    -0.276559   0.00000000   0.00000000   0.00000000   0.00000000
   0.00000000
     0.618011    -0.392105   0.00000000   0.00000000   0.00000000   0.00000000
   0.00000000
     0.094156    -0.176243   0.00000000   0.00000000   0.00000000   0.00000000
   0.00000000
   0.00000000   0.00000000     1.000000   0.00000000   0.00000000   0.00000000
   0.00000000
     0.000416     0.360438   0.00000000   0.00000000   0.00000000   0.00000000
   0.00000000
   0.00000000   0.00000000   0.00000000     1.000000   0.00000000   0.00000000
   0.00000000
     0.000265     0.635960   0.00000000   0.00000000   0.00000000   0.00000000
   0.00000000
   0.00000000   0.00000000   0.00000000   0.00000000     1.000000   0.00000000
   0.00000000
    -0.000021     0.295236   0.00000000   0.00000000   0.00000000   0.00000000
   0.00000000
   0.00000000   0.00000000   0.00000000   0.00000000   0.00000000     1.000000
   0.00000000
   0.00000000   0.00000000   0.00000000   0.00000000   0.00000000   0.00000000
     1.000000

   51.556510   25.585122   12.696718    6.300797    3.126795
    1.551685    0.770030    0.382130    0.378294    0.189634
    0.171461    0.094106    0.077715    0.046701    0.035224
    0.023175    0.014090    0.011501

     0.000430    -0.000005   0.00000000   0.00000000   0.00000000   0.00000000
   0.00000000
    -0.002077     0.000032   0.00000000   0.00000000   0.00000000   0.00000000
   0.00000000
     0.003107     0.000345   0.00000000   0.00000000   0.00000000   0.00000000
   0.00000000
     0.025070    -0.005559   0.00000000   0.00000000   0.00000000   0.00000000
   0.00000000
    -0.078547     0.016214   0.00000000   0.00000000   0.00000000   0.00000000
   0.00000000
    -0.196224     0.017328   0.00000000   0.00000000   0.00000000   0.00000000
   0.00000000
     0.277489    -0.020762   0.00000000   0.00000000   0.00000000   0.00000000
   0.00000000
     0.569529    -0.138336   0.00000000   0.00000000   0.00000000   0.00000000
   0.00000000
   0.00000000   0.00000000     1.000000   0.00000000   0.00000000   0.00000000
   0.00000000
     0.311229     0.024286   0.00000000   0.00000000   0.00000000   0.00000000
   0.00000000
   0.00000000   0.00000000   0.00000000     1.000000   0.00000000   0.00000000
   0.00000000
     0.050624    -0.190407   0.00000000   0.00000000   0.00000000   0.00000000
   0.00000000
   0.00000000   0.00000000   0.00000000   0.00000000     1.000000   0.00000000
   0.00000000
     0.004362     0.566607   0.00000000   0.00000000   0.00000000   0.00000000
   0.00000000
   0.00000000   0.00000000   0.00000000   0.00000000   0.00000000     1.000000
   0.00000000
     0.000745    -0.514698   0.00000000   0.00000000   0.00000000   0.00000000
   0.00000000
   0.00000000   0.00000000   0.00000000   0.00000000   0.00000000   0.00000000
     1.000000
    -0.000034     1.171803   0.00000000   0.00000000   0.00000000   0.00000000
   0.00000000

    0.496037    0.171546    0.059326    0.023730

     1.000000   0.00000000   0.00000000   0.00000000
   0.00000000     1.000000   0.00000000   0.00000000
   0.00000000   0.00000000     1.000000   0.00000000
   0.00000000   0.00000000   0.00000000     1.000000

    0.473551    0.102321    0.040928

     1.000000   0.00000000   0.00000000
   0.00000000     1.000000   0.00000000
   0.00000000   0.00000000     1.000000

    0.126215    0.050486

     1.000000   0.00000000
   0.00000000     1.000000

Ba:aug-cc-pVTZ-ccECP
ccECP aug-cc-pVTZ for Ba | source recipes/Ba/ccECP/Ba.aug-cc-pVTZ.gamess | ccECP from Omar Madany et al. Journal of Chemical Physics (2025) https://doi.org/10.1063/5.0285320

  4
    0    1    2    3
    6    6    3    2
   17   17    3    2

   67.973912   34.022274   17.028814    8.523255    4.266056
    2.135245    1.068732    0.534921    0.267739    0.134008
    0.086805    0.067074    0.040914    0.033572    0.019284
    0.016803    0.007714

    -0.000045     0.000033   0.00000000   0.00000000   0.00000000   0.00000000
     0.000327    -0.000210   0.00000000   0.00000000   0.00000000   0.00000000
    -0.000651     0.000600   0.00000000   0.00000000   0.00000000   0.00000000
    -0.029522     0.008376   0.00000000   0.00000000   0.00000000   0.00000000
     0.291036    -0.094714   0.00000000   0.00000000   0.00000000   0.00000000
    -0.658489     0.231389   0.00000000   0.00000000   0.00000000   0.00000000
    -0.240330     0.070963   0.00000000   0.00000000   0.00000000   0.00000000
     0.719685    -0.276559   0.00000000   0.00000000   0.00000000   0.00000000
     0.618011    -0.392105   0.00000000   0.00000000   0.00000000   0.00000000
     0.094156    -0.176243   0.00000000   0.00000000   0.00000000   0.00000000
   0.00000000   0.00000000     1.000000   0.00000000   0.00000000   0.00000000
     0.000416     0.360438   0.00000000   0.00000000   0.00000000   0.00000000
   0.00000000   0.00000000   0.00000000     1.000000   0.00000000   0.00000000
     0.000265     0.635960   0.00000000   0.00000000   0.00000000   0.00000000
   0.00000000   0.00000000   0.00000000   0.00000000     1.000000   0.00000000
    -0.000021     0.295236   0.00000000   0.00000000   0.00000000   0.00000000
   0.00000000   0.00000000   0.00000000   0.00000000   0.00000000     1.000000

   51.556510   25.585122   12.696718    6.300797    3.126795
    1.551685    0.770030    0.382130    0.266261    0.189634
    0.105431    0.094106    0.046701    0.041747    0.023175
    0.016699    0.011501

     0.000430    -0.000005   0.00000000   0.00000000   0.00000000   0.00000000
    -0.002077     0.000032   0.00000000   0.00000000   0.00000000   0.00000000
     0.003107     0.000345   0.00000000   0.00000000   0.00000000   0.00000000
     0.025070    -0.005559   0.00000000   0.00000000   0.00000000   0.00000000
    -0.078547     0.016214   0.00000000   0.00000000   0.00000000   0.00000000
    -0.196224     0.017328   0.00000000   0.00000000   0.00000000   0.00000000
     0.277489    -0.020762   0.00000000   0.00000000   0.00000000   0.00000000
     0.569529    -0.138336   0.00000000   0.00000000   0.00000000   0.00000000
   0.00000000   0.00000000     1.000000   0.00000000   0.00000000   0.00000000
     0.311229     0.024286   0.00000000   0.00000000   0.00000000   0.00000000
   0.00000000   0.00000000   0.00000000     1.000000   0.00000000   0.00000000
     0.050624    -0.190407   0.00000000   0.00000000   0.00000000   0.00000000
     0.004362     0.566607   0.00000000   0.00000000   0.00000000   0.00000000
   0.00000000   0.00000000   0.00000000   0.00000000     1.000000   0.00000000
     0.000745    -0.514698   0.00000000   0.00000000   0.00000000   0.00000000
   0.00000000   0.00000000   0.00000000   0.00000000   0.00000000     1.000000
    -0.000034     1.171803   0.00000000   0.00000000   0.00000000   0.00000000

    0.310335    0.074011    0.029604

     1.000000   0.00000000   0.00000000
   0.00000000     1.000000   0.00000000
   0.00000000   0.00000000     1.000000

    0.114545    0.045818

     1.000000   0.00000000
   0.00000000     1.000000

Ba:cc-pCV5Z-ccECP
ccECP cc-pCV5Z for Ba | source recipes/Ba/ccECP/Ba.cc-pCV5Z.gamess | ccECP from Omar Madany et al. Journal of Chemical Physics (2025) https://doi.org/10.1063/5.0285320

  6
    0    1    2    3    4    5
   12   12    8    6    4    2
   23   23    8    6    4    2

   67.973912   34.022274   17.028814    8.523255    5.116014
    4.266056    2.804798    2.135245    1.537699    1.068732
    0.843027    0.534921    0.462180    0.267739    0.245999
    0.134008    0.102821    0.067074    0.042976    0.033572
    0.017963    0.016803    0.007508

    -0.000045     0.000033   0.00000000   0.00000000   0.00000000   0.00000000
   0.00000000   0.00000000   0.00000000   0.00000000   0.00000000   0.00000000
     0.000327    -0.000210   0.00000000   0.00000000   0.00000000   0.00000000
   0.00000000   0.00000000   0.00000000   0.00000000   0.00000000   0.00000000
    -0.000651     0.000600   0.00000000   0.00000000   0.00000000   0.00000000
   0.00000000   0.00000000   0.00000000   0.00000000   0.00000000   0.00000000
    -0.029522     0.008376   0.00000000   0.00000000   0.00000000   0.00000000
   0.00000000   0.00000000   0.00000000   0.00000000   0.00000000   0.00000000
   0.00000000   0.00000000   0.00000000   0.00000000   0.00000000   0.00000000
   0.00000000     1.000000   0.00000000   0.00000000   0.00000000   0.00000000
     0.291036    -0.094714   0.00000000   0.00000000   0.00000000   0.00000000
   0.00000000   0.00000000   0.00000000   0.00000000   0.00000000   0.00000000
   0.00000000   0.00000000   0.00000000   0.00000000   0.00000000   0.00000000
   0.00000000   0.00000000     1.000000   0.00000000   0.00000000   0.00000000
    -0.658489     0.231389   0.00000000   0.00000000   0.00000000   0.00000000
   0.00000000   0.00000000   0.00000000   0.00000000   0.00000000   0.00000000
   0.00000000   0.00000000   0.00000000   0.00000000   0.00000000   0.00000000
   0.00000000   0.00000000   0.00000000     1.000000   0.00000000   0.00000000
    -0.240330     0.070963   0.00000000   0.00000000   0.00000000   0.00000000
   0.00000000   0.00000000   0.00000000   0.00000000   0.00000000   0.00000000
   0.00000000   0.00000000   0.00000000   0.00000000   0.00000000   0.00000000
   0.00000000   0.00000000   0.00000000   0.00000000     1.000000   0.00000000
     0.719685    -0.276559   0.00000000   0.00000000   0.00000000   0.00000000
   0.00000000   0.00000000   0.00000000   0.00000000   0.00000000   0.00000000
   0.00000000   0.00000000   0.00000000   0.00000000   0.00000000   0.00000000
   0.00000000   0.00000000   0.00000000   0.00000000   0.00000000     1.000000
     0.618011    -0.392105   0.00000000   0.00000000   0.00000000   0.00000000
   0.00000000   0.00000000   0.00000000   0.00000000   0.00000000   0.00000000
   0.00000000   0.00000000     1.000000   0.00000000   0.00000000   0.00000000
   0.00000000   0.00000000   0.00000000   0.00000000   0.00000000   0.00000000
     0.094156    -0.176243   0.00000000   0.00000000   0.00000000   0.00000000
   0.00000000   0.00000000   0.00000000   0.00000000   0.00000000   0.00000000
   0.00000000   0.00000000   0.00000000     1.000000   0.00000000   0.00000000
   0.00000000   0.00000000   0.00000000   0.00000000   0.00000000   0.00000000
     0.000416     0.360438   0.00000000   0.00000000   0.00000000   0.00000000
   0.00000000   0.00000000   0.00000000   0.00000000   0.00000000   0.00000000
   0.00000000   0.00000000   0.00000000   0.00000000     1.000000   0.00000000
   0.00000000   0.00000000   0.00000000   0.00000000   0.00000000   0.00000000
     0.000265     0.635960   0.00000000   0.00000000   0.00000000   0.00000000
   0.00000000   0.00000000   0.00000000   0.00000000   0.00000000   0.00000000
   0.00000000   0.00000000   0.00000000   0.00000000   0.00000000     1.000000
   0.00000000   0.00000000   0.00000000   0.00000000   0.00000000   0.00000000
    -0.000021     0.295236   0.00000000   0.00000000   0.00000000   0.00000000
   0.00000000   0.00000000   0.00000000   0.00000000   0.00000000   0.00000000
   0.00000000   0.00000000   0.00000000   0.00000000   0.00000000   0.00000000
     1.000000   0.00000000   0.00000000   0.00000000   0.00000000   0.00000000

   51.556510   25.585122   12.696718    6.300797    3.420439
    3.126795    2.183996    1.551685    1.394511    0.890414
    0.770030    0.568541    0.382130    0.356000    0.189634
    0.146229    0.094106    0.060064    0.046701    0.024672
    0.023175    0.011501    0.010134

     0.000430    -0.000005   0.00000000   0.00000000   0.00000000   0.00000000
   0.00000000   0.00000000   0.00000000   0.00000000   0.00000000   0.00000000
    -0.002077     0.000032   0.00000000   0.00000000   0.00000000   0.00000000
   0.00000000   0.00000000   0.00000000   0.00000000   0.00000000   0.00000000
     0.003107     0.000345   0.00000000   0.00000000   0.00000000   0.00000000
   0.00000000   0.00000000   0.00000000   0.00000000   0.00000000   0.00000000
     0.025070    -0.005559   0.00000000   0.00000000   0.00000000   0.00000000
   0.00000000   0.00000000   0.00000000   0.00000000   0.00000000   0.00000000
   0.00000000   0.00000000   0.00000000   0.00000000   0.00000000   0.00000000
   0.00000000     1.000000   0.00000000   0.00000000   0.00000000   0.00000000
    -0.078547     0.016214   0.00000000   0.00000000   0.00000000   0.00000000
   0.00000000   0.00000000   0.00000000   0.00000000   0.00000000   0.00000000
   0.00000000   0.00000000   0.00000000   0.00000000   0.00000000   0.00000000
   0.00000000   0.00000000     1.000000   0.00000000   0.00000000   0.00000000
    -0.196224     0.017328   0.00000000   0.00000000   0.00000000   0.00000000
   0.00000000   0.00000000   0.00000000   0.00000000   0.00000000   0.00000000
   0.00000000   0.00000000   0.00000000   0.00000000   0.00000000   0.00000000
   0.00000000   0.00000000   0.00000000     1.000000   0.00000000   0.00000000
   0.00000000   0.00000000   0.00000000   0.00000000   0.00000000   0.00000000
   0.00000000   0.00000000   0.00000000   0.00000000     1.000000   0.00000000
     0.277489    -0.020762   0.00000000   0.00000000   0.00000000   0.00000000
   0.00000000   0.00000000   0.00000000   0.00000000   0.00000000   0.00000000
   0.00000000   0.00000000   0.00000000   0.00000000   0.00000000   0.00000000
   0.00000000   0.00000000   0.00000000   0.00000000   0.00000000     1.000000
     0.569529    -0.138336   0.00000000   0.00000000   0.00000000   0.00000000
   0.00000000   0.00000000   0.00000000   0.00000000   0.00000000   0.00000000
   0.00000000   0.00000000     1.000000   0.00000000   0.00000000   0.00000000
   0.00000000   0.00000000   0.00000000   0.00000000   0.00000000   0.00000000
     0.311229     0.024286   0.00000000   0.00000000   0.00000000   0.00000000
   0.00000000   0.00000000   0.00000000   0.00000000   0.00000000   0.00000000
   0.00000000   0.00000000   0.00000000     1.000000   0.00000000   0.00000000
   0.00000000   0.00000000   0.00000000   0.00000000   0.00000000   0.00000000
     0.050624    -0.190407   0.00000000   0.00000000   0.00000000   0.00000000
   0.00000000   0.00000000   0.00000000   0.00000000   0.00000000   0.00000000
   0.00000000   0.00000000   0.00000000   0.00000000     1.000000   0.00000000
   0.00000000   0.00000000   0.00000000   0.00000000   0.00000000   0.00000000
     0.004362     0.566607   0.00000000   0.00000000   0.00000000   0.00000000
   0.00000000   0.00000000   0.00000000   0.00000000   0.00000000   0.00000000
   0.00000000   0.00000000   0.00000000   0.00000000   0.00000000     1.000000
   0.00000000   0.00000000   0.00000000   0.00000000   0.00000000   0.00000000
     0.000745    -0.514698   0.00000000   0.00000000   0.00000000   0.00000000
   0.00000000   0.00000000   0.00000000   0.00000000   0.00000000   0.00000000
    -0.000034     1.171803   0.00000000   0.00000000   0.00000000   0.00000000
   0.00000000   0.00000000   0.00000000   0.00000000   0.00000000   0.00000000
   0.00000000   0.00000000   0.00000000   0.00000000   0.00000000   0.00000000
     1.000000   0.00000000   0.00000000   0.00000000   0.00000000   0.00000000

    4.020101    2.174474    1.176174    0.636193    0.562081
    0.215889    0.082921    0.031849

   0.00000000   0.00000000   0.00000000   0.00000000     1.000000   0.00000000
   0.00000000   0.00000000
   0.00000000   0.00000000   0.00000000   0.00000000   0.00000000     1.000000
   0.00000000   0.00000000
   0.00000000   0.00000000   0.00000000   0.00000000   0.00000000   0.00000000
     1.000000   0.00000000
   0.00000000   0.00000000   0.00000000   0.00000000   0.00000000   0.00000000
   0.00000000     1.000000
     1.000000   0.00000000   0.00000000   0.00000000   0.00000000   0.00000000
   0.00000000   0.00000000
   0.00000000     1.000000   0.00000000   0.00000000   0.00000000   0.00000000
   0.00000000   0.00000000
   0.00000000   0.00000000     1.000000   0.00000000   0.00000000   0.00000000
   0.00000000   0.00000000
   0.00000000   0.00000000   0.00000000     1.000000   0.00000000   0.00000000
   0.00000000   0.00000000

    6.645074    2.586177    1.006507    0.659915    0.253759
    0.097579

   0.00000000   0.00000000   0.00000000     1.000000   0.00000000   0.00000000
   0.00000000   0.00000000   0.00000000   0.00000000     1.000000   0.00000000
   0.00000000   0.00000000   0.00000000   0.00000000   0.00000000     1.000000
     1.000000   0.00000000   0.00000000   0.00000000   0.00000000   0.00000000
   0.00000000     1.000000   0.00000000   0.00000000   0.00000000   0.00000000
   0.00000000   0.00000000     1.000000   0.00000000   0.00000000   0.00000000

    1.789235    0.860203    0.616599    0.236794

   0.00000000   0.00000000     1.000000   0.00000000
   0.00000000   0.00000000   0.00000000     1.000000
     1.000000   0.00000000   0.00000000   0.00000000
   0.00000000     1.000000   0.00000000   0.00000000

    0.893605    0.111447

   0.00000000     1.000000
     1.000000   0.00000000

Ba:cc-pCVDZ-ccECP
ccECP cc-pCVDZ for Ba | source recipes/Ba/ccECP/Ba.cc-pCVDZ.gamess | ccECP from Omar Madany et al. Journal of Chemical Physics (2025) https://doi.org/10.1063/5.0285320

  3
    0    1    2
    6    6    2
   17   17    2

   67.973912   34.022274   17.028814    8.523255    4.266056
    2.135245    1.399790    1.068732    0.932433    0.534921
    0.267739    0.134008    0.109303    0.067074    0.033572
    0.021537    0.016803

    -0.000045     0.000033   0.00000000   0.00000000   0.00000000   0.00000000
     0.000327    -0.000210   0.00000000   0.00000000   0.00000000   0.00000000
    -0.000651     0.000600   0.00000000   0.00000000   0.00000000   0.00000000
    -0.029522     0.008376   0.00000000   0.00000000   0.00000000   0.00000000
     0.291036    -0.094714   0.00000000   0.00000000   0.00000000   0.00000000
    -0.658489     0.231389   0.00000000   0.00000000   0.00000000   0.00000000
   0.00000000   0.00000000   0.00000000   0.00000000     1.000000   0.00000000
    -0.240330     0.070963   0.00000000   0.00000000   0.00000000   0.00000000
   0.00000000   0.00000000   0.00000000   0.00000000   0.00000000     1.000000
     0.719685    -0.276559   0.00000000   0.00000000   0.00000000   0.00000000
     0.618011    -0.392105   0.00000000   0.00000000   0.00000000   0.00000000
     0.094156    -0.176243   0.00000000   0.00000000   0.00000000   0.00000000
   0.00000000   0.00000000     1.000000   0.00000000   0.00000000   0.00000000
     0.000416     0.360438   0.00000000   0.00000000   0.00000000   0.00000000
     0.000265     0.635960   0.00000000   0.00000000   0.00000000   0.00000000
   0.00000000   0.00000000   0.00000000     1.000000   0.00000000   0.00000000
    -0.000021     0.295236   0.00000000   0.00000000   0.00000000   0.00000000

   51.556510   25.585122   12.696718    6.300797    3.126795
    1.551685    0.819348    0.770030    0.382130    0.265892
    0.189634    0.096431    0.094106    0.050820    0.046701
    0.023175    0.011501

     0.000430    -0.000005   0.00000000   0.00000000   0.00000000   0.00000000
    -0.002077     0.000032   0.00000000   0.00000000   0.00000000   0.00000000
     0.003107     0.000345   0.00000000   0.00000000   0.00000000   0.00000000
     0.025070    -0.005559   0.00000000   0.00000000   0.00000000   0.00000000
    -0.078547     0.016214   0.00000000   0.00000000   0.00000000   0.00000000
    -0.196224     0.017328   0.00000000   0.00000000   0.00000000   0.00000000
   0.00000000   0.00000000   0.00000000   0.00000000     1.000000   0.00000000
     0.277489    -0.020762   0.00000000   0.00000000   0.00000000   0.00000000
     0.569529    -0.138336   0.00000000   0.00000000   0.00000000   0.00000000
   0.00000000   0.00000000   0.00000000   0.00000000   0.00000000     1.000000
     0.311229     0.024286   0.00000000   0.00000000   0.00000000   0.00000000
   0.00000000   0.00000000     1.000000   0.00000000   0.00000000   0.00000000
     0.050624    -0.190407   0.00000000   0.00000000   0.00000000   0.00000000
   0.00000000   0.00000000   0.00000000     1.000000   0.00000000   0.00000000
     0.004362     0.566607   0.00000000   0.00000000   0.00000000   0.00000000
     0.000745    -0.514698   0.00000000   0.00000000   0.00000000   0.00000000
    -0.000034     1.171803   0.00000000   0.00000000   0.00000000   0.00000000

    0.483909    0.096474

   0.00000000     1.000000
     1.000000   0.00000000

Ba:cc-pCVQZ-ccECP
ccECP cc-pCVQZ for Ba | source recipes/Ba/ccECP/Ba.cc-pCVQZ.gamess | ccECP from Omar Madany et al. Journal of Chemical Physics (2025) https://doi.org/10.1063/5.0285320

  5
    0    1    2    3    4
   10   10    6    4    2
   21   21    6    4    2

   67.973912   34.022274   17.028814    8.523255    4.266056
    2.591743    2.135245    1.427236    1.068732    0.785958
    0.534921    0.432816    0.267739    0.134008    0.106232
    0.067074    0.047549    0.033572    0.021283    0.016803
    0.009526

    -0.000045     0.000033   0.00000000   0.00000000   0.00000000   0.00000000
   0.00000000   0.00000000   0.00000000   0.00000000
     0.000327    -0.000210   0.00000000   0.00000000   0.00000000   0.00000000
   0.00000000   0.00000000   0.00000000   0.00000000
    -0.000651     0.000600   0.00000000   0.00000000   0.00000000   0.00000000
   0.00000000   0.00000000   0.00000000   0.00000000
    -0.029522     0.008376   0.00000000   0.00000000   0.00000000   0.00000000
   0.00000000   0.00000000   0.00000000   0.00000000
     0.291036    -0.094714   0.00000000   0.00000000   0.00000000   0.00000000
   0.00000000   0.00000000   0.00000000   0.00000000
   0.00000000   0.00000000   0.00000000   0.00000000   0.00000000   0.00000000
     1.000000   0.00000000   0.00000000   0.00000000
    -0.658489     0.231389   0.00000000   0.00000000   0.00000000   0.00000000
   0.00000000   0.00000000   0.00000000   0.00000000
   0.00000000   0.00000000   0.00000000   0.00000000   0.00000000   0.00000000
   0.00000000     1.000000   0.00000000   0.00000000
    -0.240330     0.070963   0.00000000   0.00000000   0.00000000   0.00000000
   0.00000000   0.00000000   0.00000000   0.00000000
   0.00000000   0.00000000   0.00000000   0.00000000   0.00000000   0.00000000
   0.00000000   0.00000000     1.000000   0.00000000
     0.719685    -0.276559   0.00000000   0.00000000   0.00000000   0.00000000
   0.00000000   0.00000000   0.00000000   0.00000000
   0.00000000   0.00000000   0.00000000   0.00000000   0.00000000   0.00000000
   0.00000000   0.00000000   0.00000000     1.000000
     0.618011    -0.392105   0.00000000   0.00000000   0.00000000   0.00000000
   0.00000000   0.00000000   0.00000000   0.00000000
     0.094156    -0.176243   0.00000000   0.00000000   0.00000000   0.00000000
   0.00000000   0.00000000   0.00000000   0.00000000
   0.00000000   0.00000000     1.000000   0.00000000   0.00000000   0.00000000
   0.00000000   0.00000000   0.00000000   0.00000000
     0.000416     0.360438   0.00000000   0.00000000   0.00000000   0.00000000
   0.00000000   0.00000000   0.00000000   0.00000000
   0.00000000   0.00000000   0.00000000     1.000000   0.00000000   0.00000000
   0.00000000   0.00000000   0.00000000   0.00000000
     0.000265     0.635960   0.00000000   0.00000000   0.00000000   0.00000000
   0.00000000   0.00000000   0.00000000   0.00000000
   0.00000000   0.00000000   0.00000000   0.00000000     1.000000   0.00000000
   0.00000000   0.00000000   0.00000000   0.00000000
    -0.000021     0.295236   0.00000000   0.00000000   0.00000000   0.00000000
   0.00000000   0.00000000   0.00000000   0.00000000
   0.00000000   0.00000000   0.00000000   0.00000000   0.00000000     1.000000
   0.00000000   0.00000000   0.00000000   0.00000000

   51.556510   25.585122   12.696718    6.300797    3.126795
    2.160028    1.551685    1.386993    0.890613    0.770030
    0.571879    0.382130    0.378294    0.189634    0.171461
    0.094106    0.077715    0.046701    0.035224    0.023175
    0.011501

     0.000430    -0.000005   0.00000000   0.00000000   0.00000000   0.00000000
   0.00000000   0.00000000   0.00000000   0.00000000
    -0.002077     0.000032   0.00000000   0.00000000   0.00000000   0.00000000
   0.00000000   0.00000000   0.00000000   0.00000000
     0.003107     0.000345   0.00000000   0.00000000   0.00000000   0.00000000
   0.00000000   0.00000000   0.00000000   0.00000000
     0.025070    -0.005559   0.00000000   0.00000000   0.00000000   0.00000000
   0.00000000   0.00000000   0.00000000   0.00000000
    -0.078547     0.016214   0.00000000   0.00000000   0.00000000   0.00000000
   0.00000000   0.00000000   0.00000000   0.00000000
   0.00000000   0.00000000   0.00000000   0.00000000   0.00000000   0.00000000
     1.000000   0.00000000   0.00000000   0.00000000
    -0.196224     0.017328   0.00000000   0.00000000   0.00000000   0.00000000
   0.00000000   0.00000000   0.00000000   0.00000000
   0.00000000   0.00000000   0.00000000   0.00000000   0.00000000   0.00000000
   0.00000000     1.000000   0.00000000   0.00000000
   0.00000000   0.00000000   0.00000000   0.00000000   0.00000000   0.00000000
   0.00000000   0.00000000     1.000000   0.00000000
     0.277489    -0.020762   0.00000000   0.00000000   0.00000000   0.00000000
   0.00000000   0.00000000   0.00000000   0.00000000
   0.00000000   0.00000000   0.00000000   0.00000000   0.00000000   0.00000000
   0.00000000   0.00000000   0.00000000     1.000000
     0.569529    -0.138336   0.00000000   0.00000000   0.00000000   0.00000000
   0.00000000   0.00000000   0.00000000   0.00000000
   0.00000000   0.00000000     1.000000   0.00000000   0.00000000   0.00000000
   0.00000000   0.00000000   0.00000000   0.00000000
     0.311229     0.024286   0.00000000   0.00000000   0.00000000   0.00000000
   0.00000000   0.00000000   0.00000000   0.00000000
   0.00000000   0.00000000   0.00000000     1.000000   0.00000000   0.00000000
   0.00000000   0.00000000   0.00000000   0.00000000
     0.050624    -0.190407   0.00000000   0.00000000   0.00000000   0.00000000
   0.00000000   0.00000000   0.00000000   0.00000000
   0.00000000   0.00000000   0.00000000   0.00000000     1.000000   0.00000000
   0.00000000   0.00000000   0.00000000   0.00000000
     0.004362     0.566607   0.00000000   0.00000000   0.00000000   0.00000000
   0.00000000   0.00000000   0.00000000   0.00000000
   0.00000000   0.00000000   0.00000000   0.00000000   0.00000000     1.000000
   0.00000000   0.00000000   0.00000000   0.00000000
     0.000745    -0.514698   0.00000000   0.00000000   0.00000000   0.00000000
   0.00000000   0.00000000   0.00000000   0.00000000
    -0.000034     1.171803   0.00000000   0.00000000   0.00000000   0.00000000
   0.00000000   0.00000000   0.00000000   0.00000000

    2.319098    1.206808    0.627997    0.496037    0.171546
    0.059326

   0.00000000   0.00000000   0.00000000     1.000000   0.00000000   0.00000000
   0.00000000   0.00000000   0.00000000   0.00000000     1.000000   0.00000000
   0.00000000   0.00000000   0.00000000   0.00000000   0.00000000     1.000000
     1.000000   0.00000000   0.00000000   0.00000000   0.00000000   0.00000000
   0.00000000     1.000000   0.00000000   0.00000000   0.00000000   0.00000000
   0.00000000   0.00000000     1.000000   0.00000000   0.00000000   0.00000000

    2.299676    0.893575    0.473551    0.102321

   0.00000000   0.00000000     1.000000   0.00000000
   0.00000000   0.00000000   0.00000000     1.000000
     1.000000   0.00000000   0.00000000   0.00000000
   0.00000000     1.000000   0.00000000   0.00000000

    0.768938    0.126215

   0.00000000     1.000000
     1.000000   0.00000000

Ba:cc-pCVTZ-ccECP
ccECP cc-pCVTZ for Ba | source recipes/Ba/ccECP/Ba.cc-pCVTZ.gamess | ccECP from Omar Madany et al. Journal of Chemical Physics (2025) https://doi.org/10.1063/5.0285320

  4
    0    1    2    3
    8    8    4    2
   19   19    4    2

   67.973912   34.022274   17.028814    8.523255    4.487190
    4.266056    2.135245    1.886760    1.068732    0.793339
    0.534921    0.267739    0.134008    0.086805    0.067074
    0.040914    0.033572    0.019284    0.016803

    -0.000045     0.000033   0.00000000   0.00000000   0.00000000   0.00000000
   0.00000000   0.00000000
     0.000327    -0.000210   0.00000000   0.00000000   0.00000000   0.00000000
   0.00000000   0.00000000
    -0.000651     0.000600   0.00000000   0.00000000   0.00000000   0.00000000
   0.00000000   0.00000000
    -0.029522     0.008376   0.00000000   0.00000000   0.00000000   0.00000000
   0.00000000   0.00000000
   0.00000000   0.00000000   0.00000000   0.00000000   0.00000000     1.000000
   0.00000000   0.00000000
     0.291036    -0.094714   0.00000000   0.00000000   0.00000000   0.00000000
   0.00000000   0.00000000
    -0.658489     0.231389   0.00000000   0.00000000   0.00000000   0.00000000
   0.00000000   0.00000000
   0.00000000   0.00000000   0.00000000   0.00000000   0.00000000   0.00000000
     1.000000   0.00000000
    -0.240330     0.070963   0.00000000   0.00000000   0.00000000   0.00000000
   0.00000000   0.00000000
   0.00000000   0.00000000   0.00000000   0.00000000   0.00000000   0.00000000
   0.00000000     1.000000
     0.719685    -0.276559   0.00000000   0.00000000   0.00000000   0.00000000
   0.00000000   0.00000000
     0.618011    -0.392105   0.00000000   0.00000000   0.00000000   0.00000000
   0.00000000   0.00000000
     0.094156    -0.176243   0.00000000   0.00000000   0.00000000   0.00000000
   0.00000000   0.00000000
   0.00000000   0.00000000     1.000000   0.00000000   0.00000000   0.00000000
   0.00000000   0.00000000
     0.000416     0.360438   0.00000000   0.00000000   0.00000000   0.00000000
   0.00000000   0.00000000
   0.00000000   0.00000000   0.00000000     1.000000   0.00000000   0.00000000
   0.00000000   0.00000000
     0.000265     0.635960   0.00000000   0.00000000   0.00000000   0.00000000
   0.00000000   0.00000000
   0.00000000   0.00000000   0.00000000   0.00000000     1.000000   0.00000000
   0.00000000   0.00000000
    -0.000021     0.295236   0.00000000   0.00000000   0.00000000   0.00000000
   0.00000000   0.00000000

   51.556510   25.585122   12.696718    6.300797    3.126795
    2.259075    1.551685    1.072762    0.770030    0.509420
    0.382130    0.266261    0.189634    0.105431    0.094106
    0.046701    0.041747    0.023175    0.011501

     0.000430    -0.000005   0.00000000   0.00000000   0.00000000   0.00000000
   0.00000000   0.00000000
    -0.002077     0.000032   0.00000000   0.00000000   0.00000000   0.00000000
   0.00000000   0.00000000
     0.003107     0.000345   0.00000000   0.00000000   0.00000000   0.00000000
   0.00000000   0.00000000
     0.025070    -0.005559   0.00000000   0.00000000   0.00000000   0.00000000
   0.00000000   0.00000000
    -0.078547     0.016214   0.00000000   0.00000000   0.00000000   0.00000000
   0.00000000   0.00000000
   0.00000000   0.00000000   0.00000000   0.00000000   0.00000000     1.000000
   0.00000000   0.00000000
    -0.196224     0.017328   0.00000000   0.00000000   0.00000000   0.00000000
   0.00000000   0.00000000
   0.00000000   0.00000000   0.00000000   0.00000000   0.00000000   0.00000000
     1.000000   0.00000000
     0.277489    -0.020762   0.00000000   0.00000000   0.00000000   0.00000000
   0.00000000   0.00000000
   0.00000000   0.00000000   0.00000000   0.00000000   0.00000000   0.00000000
   0.00000000     1.000000
     0.569529    -0.138336   0.00000000   0.00000000   0.00000000   0.00000000
   0.00000000   0.00000000
   0.00000000   0.00000000     1.000000   0.00000000   0.00000000   0.00000000
   0.00000000   0.00000000
     0.311229     0.024286   0.00000000   0.00000000   0.00000000   0.00000000
   0.00000000   0.00000000
   0.00000000   0.00000000   0.00000000     1.000000   0.00000000   0.00000000
   0.00000000   0.00000000
     0.050624    -0.190407   0.00000000   0.00000000   0.00000000   0.00000000
   0.00000000   0.00000000
     0.004362     0.566607   0.00000000   0.00000000   0.00000000   0.00000000
   0.00000000   0.00000000
   0.00000000   0.00000000   0.00000000   0.00000000     1.000000   0.00000000
   0.00000000   0.00000000
     0.000745    -0.514698   0.00000000   0.00000000   0.00000000   0.00000000
   0.00000000   0.00000000
    -0.000034     1.171803   0.00000000   0.00000000   0.00000000   0.00000000
   0.00000000   0.00000000

    1.293076    0.759203    0.310335    0.074011

   0.00000000   0.00000000     1.000000   0.00000000
   0.00000000   0.00000000   0.00000000     1.000000
     1.000000   0.00000000   0.00000000   0.00000000
   0.00000000     1.000000   0.00000000   0.00000000

    0.765743    0.114545

   0.00000000     1.000000
     1.000000   0.00000000

Ba:cc-pV5Z-ccECP
ccECP cc-pV5Z for Ba | source recipes/Ba/ccECP/Ba.cc-pV5Z.gamess | ccECP from Omar Madany et al. Journal of Chemical Physics (2025) https://doi.org/10.1063/5.0285320

  6
    0    1    2    3    4    5
    7    7    4    3    2    1
   18   18    4    3    2    1

   67.973912   34.022274   17.028814    8.523255    4.266056
    2.135245    1.068732    0.534921    0.267739    0.245999
    0.134008    0.102821    0.067074    0.042976    0.033572
    0.017963    0.016803    0.007508

    -0.000045     0.000033   0.00000000   0.00000000   0.00000000   0.00000000
   0.00000000
     0.000327    -0.000210   0.00000000   0.00000000   0.00000000   0.00000000
   0.00000000
    -0.000651     0.000600   0.00000000   0.00000000   0.00000000   0.00000000
   0.00000000
    -0.029522     0.008376   0.00000000   0.00000000   0.00000000   0.00000000
   0.00000000
     0.291036    -0.094714   0.00000000   0.00000000   0.00000000   0.00000000
   0.00000000
    -0.658489     0.231389   0.00000000   0.00000000   0.00000000   0.00000000
   0.00000000
    -0.240330     0.070963   0.00000000   0.00000000   0.00000000   0.00000000
   0.00000000
     0.719685    -0.276559   0.00000000   0.00000000   0.00000000   0.00000000
   0.00000000
     0.618011    -0.392105   0.00000000   0.00000000   0.00000000   0.00000000
   0.00000000
   0.00000000   0.00000000     1.000000   0.00000000   0.00000000   0.00000000
   0.00000000
     0.094156    -0.176243   0.00000000   0.00000000   0.00000000   0.00000000
   0.00000000
   0.00000000   0.00000000   0.00000000     1.000000   0.00000000   0.00000000
   0.00000000
     0.000416     0.360438   0.00000000   0.00000000   0.00000000   0.00000000
   0.00000000
   0.00000000   0.00000000   0.00000000   0.00000000     1.000000   0.00000000
   0.00000000
     0.000265     0.635960   0.00000000   0.00000000   0.00000000   0.00000000
   0.00000000
   0.00000000   0.00000000   0.00000000   0.00000000   0.00000000     1.000000
   0.00000000
    -0.000021     0.295236   0.00000000   0.00000000   0.00000000   0.00000000
   0.00000000
   0.00000000   0.00000000   0.00000000   0.00000000   0.00000000   0.00000000
     1.000000

   51.556510   25.585122   12.696718    6.300797    3.126795
    1.551685    0.770030    0.382130    0.356000    0.189634
    0.146229    0.094106    0.060064    0.046701    0.024672
    0.023175    0.011501    0.010134

     0.000430    -0.000005   0.00000000   0.00000000   0.00000000   0.00000000
   0.00000000
    -0.002077     0.000032   0.00000000   0.00000000   0.00000000   0.00000000
   0.00000000
     0.003107     0.000345   0.00000000   0.00000000   0.00000000   0.00000000
   0.00000000
     0.025070    -0.005559   0.00000000   0.00000000   0.00000000   0.00000000
   0.00000000
    -0.078547     0.016214   0.00000000   0.00000000   0.00000000   0.00000000
   0.00000000
    -0.196224     0.017328   0.00000000   0.00000000   0.00000000   0.00000000
   0.00000000
     0.277489    -0.020762   0.00000000   0.00000000   0.00000000   0.00000000
   0.00000000
     0.569529    -0.138336   0.00000000   0.00000000   0.00000000   0.00000000
   0.00000000
   0.00000000   0.00000000     1.000000   0.00000000   0.00000000   0.00000000
   0.00000000
     0.311229     0.024286   0.00000000   0.00000000   0.00000000   0.00000000
   0.00000000
   0.00000000   0.00000000   0.00000000     1.000000   0.00000000   0.00000000
   0.00000000
     0.050624    -0.190407   0.00000000   0.00000000   0.00000000   0.00000000
   0.00000000
   0.00000000   0.00000000   0.00000000   0.00000000     1.000000   0.00000000
   0.00000000
     0.004362     0.566607   0.00000000   0.00000000   0.00000000   0.00000000
   0.00000000
   0.00000000   0.00000000   0.00000000   0.00000000   0.00000000     1.000000
   0.00000000
     0.000745    -0.514698   0.00000000   0.00000000   0.00000000   0.00000000
   0.00000000
    -0.000034     1.171803   0.00000000   0.00000000   0.00000000   0.00000000
   0.00000000
   0.00000000   0.00000000   0.00000000   0.00000000   0.00000000   0.00000000
     1.000000

    0.562081    0.215889    0.082921    0.031849

     1.000000   0.00000000   0.00000000   0.00000000
   0.00000000     1.000000   0.00000000   0.00000000
   0.00000000   0.00000000     1.000000   0.00000000
   0.00000000   0.00000000   0.00000000     1.000000

    0.659915    0.253759    0.097579

     1.000000   0.00000000   0.00000000
   0.00000000     1.000000   0.00000000
   0.00000000   0.00000000     1.000000

    0.616599    0.236794

     1.000000   0.00000000
   0.00000000     1.000000

    0.111447

     1.000000

Ba:cc-pVDZ-ccECP
ccECP cc-pVDZ for Ba | source recipes/Ba/ccECP/Ba.cc-pVDZ.gamess | ccECP from Omar Madany et al. Journal of Chemical Physics (2025) https://doi.org/10.1063/5.0285320

  3
    0    1    2
    4    4    1
   15   15    1

   67.973912   34.022274   17.028814    8.523255    4.266056
    2.135245    1.068732    0.534921    0.267739    0.134008
    0.109303    0.067074    0.033572    0.021537    0.016803

    -0.000045     0.000033   0.00000000   0.00000000
     0.000327    -0.000210   0.00000000   0.00000000
    -0.000651     0.000600   0.00000000   0.00000000
    -0.029522     0.008376   0.00000000   0.00000000
     0.291036    -0.094714   0.00000000   0.00000000
    -0.658489     0.231389   0.00000000   0.00000000
    -0.240330     0.070963   0.00000000   0.00000000
     0.719685    -0.276559   0.00000000   0.00000000
     0.618011    -0.392105   0.00000000   0.00000000
     0.094156    -0.176243   0.00000000   0.00000000
   0.00000000   0.00000000     1.000000   0.00000000
     0.000416     0.360438   0.00000000   0.00000000
     0.000265     0.635960   0.00000000   0.00000000
   0.00000000   0.00000000   0.00000000     1.000000
    -0.000021     0.295236   0.00000000   0.00000000

   51.556510   25.585122   12.696718    6.300797    3.126795
    1.551685    0.770030    0.382130    0.189634    0.096431
    0.094106    0.050820    0.046701    0.023175    0.011501

     0.000430    -0.000005   0.00000000   0.00000000
    -0.002077     0.000032   0.00000000   0.00000000
     0.003107     0.000345   0.00000000   0.00000000
     0.025070    -0.005559   0.00000000   0.00000000
    -0.078547     0.016214   0.00000000   0.00000000
    -0.196224     0.017328   0.00000000   0.00000000
     0.277489    -0.020762   0.00000000   0.00000000
     0.569529    -0.138336   0.00000000   0.00000000
     0.311229     0.024286   0.00000000   0.00000000
   0.00000000   0.00000000     1.000000   0.00000000
     0.050624    -0.190407   0.00000000   0.00000000
   0.00000000   0.00000000   0.00000000     1.000000
     0.004362     0.566607   0.00000000   0.00000000
     0.000745    -0.514698   0.00000000   0.00000000
    -0.000034     1.171803   0.00000000   0.00000000

    0.096474

     1.000000

Ba:cc-pVQZ-ccECP
ccECP cc-pVQZ for Ba | source recipes/Ba/ccECP/Ba.cc-pVQZ.gamess | ccECP from Omar Madany et al. Journal of Chemical Physics (2025) https://doi.org/10.1063/5.0285320

  5
    0    1    2    3    4
    6    6    3    2    1
   17   17    3    2    1

   67.973912   34.022274   17.028814    8.523255    4.266056
    2.135245    1.068732    0.534921    0.267739    0.134008
    0.106232    0.067074    0.047549    0.033572    0.021283
    0.016803    0.009526

    -0.000045     0.000033   0.00000000   0.00000000   0.00000000   0.00000000
     0.000327    -0.000210   0.00000000   0.00000000   0.00000000   0.00000000
    -0.000651     0.000600   0.00000000   0.00000000   0.00000000   0.00000000
    -0.029522     0.008376   0.00000000   0.00000000   0.00000000   0.00000000
     0.291036    -0.094714   0.00000000   0.00000000   0.00000000   0.00000000
    -0.658489     0.231389   0.00000000   0.00000000   0.00000000   0.00000000
    -0.240330     0.070963   0.00000000   0.00000000   0.00000000   0.00000000
     0.719685    -0.276559   0.00000000   0.00000000   0.00000000   0.00000000
     0.618011    -0.392105   0.00000000   0.00000000   0.00000000   0.00000000
     0.094156    -0.176243   0.00000000   0.00000000   0.00000000   0.00000000
   0.00000000   0.00000000     1.000000   0.00000000   0.00000000   0.00000000
     0.000416     0.360438   0.00000000   0.00000000   0.00000000   0.00000000
   0.00000000   0.00000000   0.00000000     1.000000   0.00000000   0.00000000
     0.000265     0.635960   0.00000000   0.00000000   0.00000000   0.00000000
   0.00000000   0.00000000   0.00000000   0.00000000     1.000000   0.00000000
    -0.000021     0.295236   0.00000000   0.00000000   0.00000000   0.00000000
   0.00000000   0.00000000   0.00000000   0.00000000   0.00000000     1.000000

   51.556510   25.585122   12.696718    6.300797    3.126795
    1.551685    0.770030    0.382130    0.378294    0.189634
    0.171461    0.094106    0.077715    0.046701    0.035224
    0.023175    0.011501

     0.000430    -0.000005   0.00000000   0.00000000   0.00000000   0.00000000
    -0.002077     0.000032   0.00000000   0.00000000   0.00000000   0.00000000
     0.003107     0.000345   0.00000000   0.00000000   0.00000000   0.00000000
     0.025070    -0.005559   0.00000000   0.00000000   0.00000000   0.00000000
    -0.078547     0.016214   0.00000000   0.00000000   0.00000000   0.00000000
    -0.196224     0.017328   0.00000000   0.00000000   0.00000000   0.00000000
     0.277489    -0.020762   0.00000000   0.00000000   0.00000000   0.00000000
     0.569529    -0.138336   0.00000000   0.00000000   0.00000000   0.00000000
   0.00000000   0.00000000     1.000000   0.00000000   0.00000000   0.00000000
     0.311229     0.024286   0.00000000   0.00000000   0.00000000   0.00000000
   0.00000000   0.00000000   0.00000000     1.000000   0.00000000   0.00000000
     0.050624    -0.190407   0.00000000   0.00000000   0.00000000   0.00000000
   0.00000000   0.00000000   0.00000000   0.00000000     1.000000   0.00000000
     0.004362     0.566607   0.00000000   0.00000000   0.00000000   0.00000000
   0.00000000   0.00000000   0.00000000   0.00000000   0.00000000     1.000000
     0.000745    -0.514698   0.00000000   0.00000000   0.00000000   0.00000000
    -0.000034     1.171803   0.00000000   0.00000000   0.00000000   0.00000000

    0.496037    0.171546    0.059326

     1.000000   0.00000000   0.00000000
   0.00000000     1.000000   0.00000000
   0.00000000   0.00000000     1.000000

    0.473551    0.102321

     1.000000   0.00000000
   0.00000000     1.000000

    0.126215

     1.000000

Ba:cc-pVTZ-ccECP
ccECP cc-pVTZ for Ba | source recipes/Ba/ccECP/Ba.cc-pVTZ.gamess | ccECP from Omar Madany et al. Journal of Chemical Physics (2025) https://doi.org/10.1063/5.0285320

  4
    0    1    2    3
    5    5    2    1
   16   16    2    1

   67.973912   34.022274   17.028814    8.523255    4.266056
    2.135245    1.068732    0.534921    0.267739    0.134008
    0.086805    0.067074    0.040914    0.033572    0.019284
    0.016803

    -0.000045     0.000033   0.00000000   0.00000000   0.00000000
     0.000327    -0.000210   0.00000000   0.00000000   0.00000000
    -0.000651     0.000600   0.00000000   0.00000000   0.00000000
    -0.029522     0.008376   0.00000000   0.00000000   0.00000000
     0.291036    -0.094714   0.00000000   0.00000000   0.00000000
    -0.658489     0.231389   0.00000000   0.00000000   0.00000000
    -0.240330     0.070963   0.00000000   0.00000000   0.00000000
     0.719685    -0.276559   0.00000000   0.00000000   0.00000000
     0.618011    -0.392105   0.00000000   0.00000000   0.00000000
     0.094156    -0.176243   0.00000000   0.00000000   0.00000000
   0.00000000   0.00000000     1.000000   0.00000000   0.00000000
     0.000416     0.360438   0.00000000   0.00000000   0.00000000
   0.00000000   0.00000000   0.00000000     1.000000   0.00000000
     0.000265     0.635960   0.00000000   0.00000000   0.00000000
   0.00000000   0.00000000   0.00000000   0.00000000     1.000000
    -0.000021     0.295236   0.00000000   0.00000000   0.00000000

   51.556510   25.585122   12.696718    6.300797    3.126795
    1.551685    0.770030    0.382130    0.266261    0.189634
    0.105431    0.094106    0.046701    0.041747    0.023175
    0.011501

     0.000430    -0.000005   0.00000000   0.00000000   0.00000000
    -0.002077     0.000032   0.00000000   0.00000000   0.00000000
     0.003107     0.000345   0.00000000   0.00000000   0.00000000
     0.025070    -0.005559   0.00000000   0.00000000   0.00000000
    -0.078547     0.016214   0.00000000   0.00000000   0.00000000
    -0.196224     0.017328   0.00000000   0.00000000   0.00000000
     0.277489    -0.020762   0.00000000   0.00000000   0.00000000
     0.569529    -0.138336   0.00000000   0.00000000   0.00000000
   0.00000000   0.00000000     1.000000   0.00000000   0.00000000
     0.311229     0.024286   0.00000000   0.00000000   0.00000000
   0.00000000   0.00000000   0.00000000     1.000000   0.00000000
     0.050624    -0.190407   0.00000000   0.00000000   0.00000000
     0.004362     0.566607   0.00000000   0.00000000   0.00000000
   0.00000000   0.00000000   0.00000000   0.00000000     1.000000
     0.000745    -0.514698   0.00000000   0.00000000   0.00000000
    -0.000034     1.171803   0.00000000   0.00000000   0.00000000

    0.310335    0.074011

     1.000000   0.00000000
   0.00000000     1.000000

    0.114545

     1.000000

